48
  0.225479   0.191204   0.225479   0.191204   0.225479   0.191204    0.62106   0.982752    0.62106   0.982752    0.62106   0.982752 0
   0.23031   0.196136    0.22999   0.189717   0.227388   0.182442   0.672432    0.99034    0.64002   0.940954   0.590356   0.899805 0.649205
  0.236948   0.199686   0.234554   0.188371   0.232183   0.177664   0.727647   0.974878   0.659949   0.899933   0.595282   0.829724 0.987102
  0.240718   0.200836    0.23923   0.187549   0.238164   0.175808   0.754885   0.959154   0.683024   0.862388   0.620962   0.775235 0.997841
  0.244478   0.201005   0.243989   0.187424   0.243789   0.174113   0.777384   0.935621   0.709899   0.829878   0.645361   0.724391 0.98842
  0.251595   0.201297   0.248736   0.187545    0.24826   0.173895   0.819853   0.890849   0.737875   0.799429   0.670128   0.693047 0.998963
  0.258724   0.201479   0.253444   0.188237   0.252146   0.174168   0.861869   0.845112   0.768337   0.773811   0.693857    0.66951 0.997789
  0.264812    0.20076   0.258143   0.188752   0.255841   0.173875   0.893586   0.799043   0.797918    0.74684   0.713788   0.642697 0.999223
  0.269855   0.199574   0.262812   0.187689   0.258333   0.173426   0.917041   0.756142   0.819801   0.707401   0.726033   0.622601 0.995133
  0.273959    0.19833   0.266878   0.185301   0.260458   0.172675   0.934807   0.718988   0.831899   0.661322   0.734723   0.602512 1
   0.27894   0.196411   0.270434   0.182111   0.262906   0.171668   0.954417   0.670621   0.837229   0.612181   0.744056    0.57822 0.998895
  0.284356   0.193414   0.274086   0.179082   0.265612   0.170368   0.971403   0.610718   0.843885   0.563702   0.753484   0.549872 0.996908
  0.290705   0.188687   0.277931   0.176277   0.268217   0.168931   0.985547   0.530754   0.852727   0.515742   0.761679   0.521106 0.998975
  0.295962   0.182671   0.281441   0.173087   0.270948   0.166652   0.987242   0.447682   0.857791    0.46691   0.766592   0.484735 0.996456
   0.29963   0.175087   0.283924   0.169032    0.27296    0.16403   0.972299   0.362553   0.852815   0.417931   0.765716   0.450381 0.998975
  0.299541   0.166901   0.285278   0.164476     0.2745   0.161427   0.932805   0.297452   0.838937   0.372407   0.762212   0.419295 0.990332
  0.299296   0.158938   0.285588   0.159735   0.275265   0.159051   0.893473   0.235173   0.818155   0.332317   0.755311    0.39516 0.987717
  0.297697   0.151843   0.285305   0.154988   0.275264   0.154087   0.850461   0.188829   0.793913   0.296099   0.731666   0.355337 0.98066
  0.296867   0.144344    0.28443   0.150315   0.274998   0.150359   0.809962   0.134155   0.766612   0.264394   0.712381   0.327184 0.983034
  0.294072   0.141034   0.282474   0.145986    0.27441   0.147473   0.778067   0.126094   0.734705   0.242607   0.695245   0.307919 0.989797
  0.292738   0.135015   0.279543   0.142238   0.273995    0.14477   0.741707  0.0866269   0.699945   0.231936   0.679978   0.288987 0.993143
  0.289753   0.128096   0.277246   0.138093   0.272219   0.142624   0.691537  0.0508699    0.66695   0.213882   0.659509   0.283512 0.996211
  0.285516   0.125138   0.275144    0.13381   0.268277   0.139055   0.652992  0.0551825   0.634423   0.193424   0.619763   0.280978 0.984156
  0.283062   0.120764   0.271551   0.130725   0.266375    0.13682      0.618  0.0363291   0.598996   0.192462   0.598139    0.27563 0.981456
  0.278589   0.114883    0.26748   0.128264   0.262405   0.133828    0.56418  0.0187469   0.563779   0.199656   0.560982   0.277908 0.965441
  0.272542    0.11346    0.26356   0.125577    0.25917   0.132151   0.522501  0.0473627   0.528356   0.204049   0.534326   0.285869 0.975517
  0.265925   0.112617   0.259953   0.122509   0.255309   0.129815   0.480295  0.0844041   0.492931   0.203317   0.500918   0.292678 0.896969
  0.258242    0.11202   0.255483   0.120851   0.252482   0.128448    0.43311   0.130469   0.459237   0.219599   0.478088   0.300421 0.937935
  0.253158   0.111073   0.251121   0.118993   0.249183   0.127225   0.399255   0.156526   0.425214    0.23356   0.453224   0.312451 0.900703
  0.248532   0.109788   0.246446   0.118073   0.245995    0.12607   0.366438   0.176846    0.39385   0.257132   0.429325   0.324288 0.908044
  0.244016   0.108877   0.241726   0.117597   0.240964   0.125725   0.336039   0.199428   0.364341   0.284561   0.398645   0.354821 0.89126
  0.237867   0.107641   0.236971   0.117721   0.236296   0.124967   0.294659    0.23021   0.337486   0.317034   0.368094   0.379644 0.899757
  0.233369   0.106496   0.232217   0.117708   0.232147   0.124504   0.263247   0.250804   0.309985   0.348395   0.341944   0.403391 0.811202
  0.227977   0.106926   0.227465   0.117707   0.227042   0.124652   0.234171   0.289956   0.282552   0.379844    0.31318    0.43837 0.835211
  0.221481   0.107329   0.222707   0.117716   0.223168   0.125694   0.198598   0.336186   0.255137   0.411417    0.29578   0.472379 0.538563
  0.214514   0.106763   0.217965   0.117652   0.218909   0.125927   0.155693   0.377764    0.22746   0.442296   0.272312   0.502442 0.762652
  0.206817    0.10606   0.213189   0.117771   0.215545   0.127056   0.107917   0.423082   0.200462   0.474868    0.25827   0.533772 0.977826
  0.199322   0.106997   0.208668   0.119145   0.213019   0.127909  0.0691194   0.480209   0.180911   0.515821   0.247754   0.557339 0.982812
  0.193712   0.109188   0.204595     0.1216   0.209221   0.130277  0.0471733   0.534928   0.169086   0.562485   0.237105   0.601487 0.967955
  0.189853   0.111266   0.200523   0.124083   0.205046   0.132862  0.0347908   0.577154   0.157409   0.609361    0.22532   0.649865 0.970893
  0.186164   0.113374    0.19693   0.127185   0.201993   0.134944  0.0235435   0.618491   0.151444   0.658039   0.217608    0.68678 0.904868
   0.18074   0.117664   0.193211   0.130108   0.198582   0.138633  0.0126586   0.688818   0.143896   0.706113   0.215491    0.73896 0.952644
  0.177224   0.122266   0.189048   0.132465   0.196615    0.14068  0.0142763   0.749021   0.131092   0.752587   0.213882   0.768408 0.950835
  0.174103   0.126206   0.185588   0.135687   0.194428   0.142727  0.0150295   0.801296   0.126464   0.801348   0.211011   0.799311 0.944945
  0.171018   0.131461   0.182916   0.139627   0.190982   0.144988  0.0222441   0.863886   0.129804   0.850653   0.201883    0.84027 0.964664
  0.169612   0.135752   0.180144   0.143483   0.186838   0.148688  0.0345633    0.90762   0.132161   0.899941   0.195586   0.897394 0.969663
  0.169741   0.143693   0.177129   0.147169   0.181442   0.150556  0.0731205   0.970496    0.13231   0.949477   0.173332   0.948104 0.722151
  0.174057   0.150788   0.174057   0.150788   0.174057   0.150788   0.131815   0.998857   0.131815   0.998857   0.131815   0.998857 0
