58
  0.683642    0.37733   0.683642    0.37733   0.683642    0.37733  0.0020206    0.83359  0.0020206    0.83359  0.0020206    0.83359 0
  0.689943   0.382219   0.688495   0.376268   0.686209   0.370732  0.0262876   0.901837  0.0197949   0.814003  0.0102759   0.733016 0.702142
  0.695113   0.384548   0.693358   0.375249   0.690504   0.368351  0.0458783   0.932676  0.0376107   0.795039  0.0257315   0.694135 0.900047
  0.696203   0.384777   0.698259   0.374435   0.696248   0.362649  0.0499591   0.935254  0.0556105   0.779118  0.0459205   0.604519 0.915254
  0.704084   0.385751   0.703206   0.373987    0.70245   0.358813  0.0793362   0.943769  0.0738474   0.768633  0.0681638   0.542428 0.953926
  0.708329   0.387004   0.708175   0.373927   0.708126   0.359328  0.0952972   0.959236  0.0922392   0.763914  0.0892839   0.545764 0.899463
   0.71286   0.388647   0.713143   0.373974   0.712695   0.359937   0.112392   0.980315   0.110648   0.760813   0.106322   0.551372 0.913016
  0.718775   0.389431   0.718109   0.373917   0.717459   0.359538    0.13445   0.987497   0.129033   0.756143   0.123891   0.541753 0.974849
  0.726353   0.389707   0.723082   0.374064   0.721545   0.358789   0.162567   0.985812    0.14748   0.754538   0.138884   0.527422 0.890488
  0.733416   0.389249   0.728035   0.373847   0.725813     0.3581   0.188642   0.973542   0.165782   0.747497    0.15456   0.513853 0.881974
  0.738736   0.387933   0.732978   0.373281   0.729795   0.357416   0.208095   0.949795   0.183983   0.735236   0.169178   0.500581 0.963694
  0.743467   0.385899   0.737783   0.372032    0.73271   0.356483   0.225232   0.915773   0.201544    0.71289   0.179798     0.4844 0.986525
  0.747562   0.384717   0.742156   0.369696   0.735424   0.354879   0.240175   0.894964   0.217294   0.674624   0.189547   0.458336 0.987274
  0.752992   0.383089   0.746287    0.36692   0.740876   0.353962   0.259977   0.866476   0.232067   0.629965   0.209564   0.440457 0.991638
  0.755969    0.38136   0.750771   0.364785   0.744898   0.351942   0.270674   0.838354    0.24827   0.594617   0.224076   0.407182 0.997953
  0.760871   0.379882   0.755404    0.36299   0.749965    0.34945   0.288549   0.812503   0.265088   0.564244   0.242371   0.366053 0.996882
  0.767382   0.380021   0.759968   0.361024   0.754601   0.347543   0.312692   0.809577   0.281619   0.531358   0.259179   0.333992 0.99544
  0.772127   0.375739   0.764631    0.35932   0.759882   0.346329   0.329452   0.741945   0.298568    0.50231   0.278509   0.311794 0.996749
  0.775103   0.371327   0.769326   0.357689   0.763888    0.34381   0.339635   0.673727   0.315645   0.474332   0.292868   0.271077 0.989482
  0.778971   0.369682   0.773837   0.355615   0.767265   0.341572    0.35365   0.646169   0.331961   0.439872   0.304949   0.235048 0.999929
  0.783322     0.3676     0.7783   0.353427   0.772174   0.338657   0.369367   0.611715   0.348073   0.403749   0.322578   0.187715 0.998958
  0.787119   0.366029   0.782967   0.351721   0.777827   0.335794   0.383133   0.585335   0.365036   0.374671    0.34297   0.140591 0.995921
  0.790851   0.364714   0.787606   0.349955   0.783883   0.333357   0.396708   0.562821   0.381881   0.344732   0.364939  0.0995197 0.992056
  0.794024   0.363733    0.79216   0.347938   0.789149   0.331272    0.40827    0.54572   0.398367   0.311087   0.384045  0.0643146 0.999506
  0.797749   0.363057   0.796995   0.346897   0.794035   0.330174    0.42194   0.532765   0.416075   0.291816   0.401934  0.0441662 0.961848
  0.801777   0.362182   0.801978    0.34673   0.800942   0.330311   0.436693    0.51659   0.434501   0.285506   0.427541  0.0409141 0.980203
   0.80582   0.362076   0.806923   0.347046   0.810144    0.33006   0.451648   0.511906   0.452876   0.286428   0.461578  0.0301002 1
  0.811061   0.362446   0.811843   0.347787   0.818372   0.329618    0.47113   0.513414    0.47124    0.29373   0.491969  0.0171905 1
  0.815803   0.362695   0.816716   0.348742   0.824598   0.332077    0.48874   0.513504   0.489468   0.304266   0.515494  0.0491689 1
  0.818742   0.363973   0.821507   0.350054   0.827775   0.334958   0.499867   0.530351   0.507463   0.320208    0.52781  0.0897846 0.99861
  0.822403   0.365118   0.826126   0.351883   0.833277   0.337102   0.513646   0.544653    0.52492   0.343994   0.548596   0.117599 0.995155
  0.825757   0.366192   0.830726   0.353758   0.838222   0.339911   0.526271   0.558134   0.542315   0.368484   0.567444   0.155798 1
  0.829337   0.367606   0.835103   0.356103   0.842928   0.343645   0.539803   0.576523    0.55897   0.400184   0.585584   0.207989 0.995173
  0.833644   0.369097   0.839531   0.358361   0.845779   0.346548   0.556038   0.595494     0.5758   0.430532   0.596695   0.249194 0.996026
  0.837987   0.371215    0.84404   0.360428   0.848791   0.349078   0.572525   0.623821   0.592893   0.457967   0.608334   0.284693 0.999565
  0.842506   0.373726   0.848242   0.363099   0.853126   0.351769   0.589742   0.657888   0.608967   0.494659     0.6249   0.321576 0.998699
   0.84778   0.376687   0.852662   0.365329   0.856992   0.355358   0.609838   0.698095   0.625762   0.524601   0.639904   0.372262 1
  0.851281   0.378768   0.857333   0.367051    0.86079   0.357637   0.623199     0.7265   0.643387   0.546742   0.654401   0.403399 0.996472
   0.85643   0.381935   0.861512   0.369721   0.865988   0.361278   0.642874   0.769885   0.659375   0.583451   0.674347   0.453829 0.999567
  0.860501   0.383934    0.86541   0.372822    0.86886   0.363329   0.658332   0.796637   0.674403   0.626807   0.685374   0.482278 0.996578
  0.865451   0.386246   0.869445   0.375707   0.872848   0.365944   0.677105   0.827402   0.689896   0.666819   0.700642   0.518298 0.991501
   0.87047   0.389256    0.87381   0.378079   0.877522   0.368043   0.696266   0.868528   0.706514   0.698931   0.718354   0.546088 0.998331
  0.874231   0.390894   0.878565   0.379518   0.881934   0.369588   0.710509   0.890125   0.724399   0.716784   0.734987   0.565788 0.994773
  0.879148   0.392512   0.883441   0.380478     0.8861   0.371314   0.729027   0.910529   0.742641    0.72739   0.750747   0.588392 0.990937
   0.88331   0.393845   0.888242    0.38175   0.888827   0.372515   0.744697   0.927261   0.760664   0.742727   0.761076   0.604246 0.996958
  0.889307   0.395006   0.893085   0.382881   0.893569   0.374739   0.767128   0.940017   0.778814   0.755903    0.77906   0.633859 0.992276
  0.894259   0.396615   0.898021   0.383383   0.898015   0.376139   0.785774   0.960261   0.797195   0.759624   0.795793   0.651368 0.898435
  0.900318   0.398266   0.902993   0.383364   0.902698   0.376982    0.80853   0.980297   0.815606   0.755533     0.8133   0.660377 0.797885
  0.905686    0.39897   0.907959    0.38333   0.907957   0.377038   0.828547   0.986694   0.833991   0.751216   0.832789   0.657179 0.752354
  0.914353   0.399125   0.912929   0.383408   0.912041   0.375948   0.860679   0.982374   0.852414   0.748561   0.847707   0.637752 0.853741
  0.923076    0.39905   0.917876      0.383   0.916914   0.373867   0.892972    0.97456   0.870659   0.738669   0.865362    0.60292 0.922634
  0.928271   0.397888   0.922718   0.381872   0.920882   0.372689   0.911991   0.953204   0.888379   0.718107   0.879835   0.582266 0.923926
  0.932227    0.39666   0.927537   0.380668   0.925614   0.370628   0.926409   0.931824   0.906001    0.69641    0.89697   0.547836 0.970304
  0.936497   0.395254   0.932377   0.379546   0.929914   0.368855   0.941957   0.907536   0.923711   0.675926   0.912559    0.51804 0.822506
  0.941806   0.393678   0.937168   0.378232   0.933589   0.367164   0.961323   0.879904    0.94121   0.652622   0.925849    0.48994 0.906419
  0.947732   0.391234   0.941838   0.376541   0.938193   0.366011   0.982808   0.838828   0.958185   0.623755   0.942683   0.469187 0.96748
  0.951597   0.386882   0.946411   0.374592   0.946217   0.367422   0.996294   0.770833   0.974752    0.59113   0.972669   0.484113 0.312507
  0.950974    0.37263   0.950974    0.37263   0.950974    0.37263   0.991278   0.558311   0.991278   0.558311   0.991278   0.558311 0
