95
  0.428723   0.639926   0.428723   0.639926   0.428723   0.639926   0.956129  0.0068317   0.956129  0.0068317   0.956129  0.0068317 0
   0.42195   0.632739   0.424276   0.641059   0.425329    0.64453   0.928038  0.0429942   0.955844  0.0427431   0.967515  0.0420099 0.721213
  0.417399   0.630414   0.419806   0.642165    0.42227   0.651504    0.91693  0.0724954   0.955455    0.07876   0.986544  0.0795827 0.876517
  0.413068   0.627561   0.415298   0.643152   0.417965   0.655964   0.904376  0.0992462   0.954665    0.11483   0.996703   0.121336 1
  0.410332   0.626426   0.410742   0.643733   0.411052   0.656716   0.898513   0.117528   0.952572   0.150407   0.993128   0.175051 0.959985
   0.40536   0.626306   0.406152   0.643698   0.405596   0.655889   0.893892   0.154791   0.948541   0.184966   0.985896   0.214493 0.982419
  0.401442   0.626569   0.401584   0.643136   0.399694   0.655279   0.891357     0.1849   0.942892   0.218261   0.978959   0.257756 0.957746
  0.398513   0.625781   0.397083   0.642171   0.394965   0.654537   0.886409   0.205359   0.936048   0.250213   0.972613   0.291893 0.999097
    0.3949   0.624999   0.392657    0.64091   0.390109   0.653584   0.880894   0.230989    0.92835   0.280984   0.965503   0.326551 0.992049
  0.391305   0.624276   0.388283   0.639492   0.385033   0.652774   0.875577   0.256615   0.920211   0.311036   0.958651   0.363162 0.989342
  0.387816   0.623352   0.383898   0.638107   0.380052   0.651819   0.869726   0.281015   0.912165   0.341243   0.951429   0.398759 0.975912
  0.383871    0.62227   0.379485   0.636803   0.374801   0.651097   0.862995   0.308527   0.904346   0.371826   0.944699   0.436877 0.988865
  0.380001   0.620946   0.375092    0.63544   0.369986   0.649938    0.85558   0.334978   0.896362   0.402137   0.936986   0.470795 0.893454
  0.375431   0.619737    0.37075   0.633932   0.364902   0.649296    0.84792   0.366946   0.887968   0.431764   0.930648   0.507817 1
  0.371336    0.61853   0.366464   0.632261    0.35902   0.648309   0.840672   0.395332   0.879119   0.460623   0.922556   0.550138 0.999821
  0.367102   0.617164   0.362205   0.630516   0.355644    0.64732   0.832815   0.424435   0.870064   0.489133   0.916602   0.573554 1
  0.362439   0.615227   0.357915    0.62886   0.350653   0.646186   0.822819   0.455593   0.861257    0.51806   0.908815   0.608858 0.985913
  0.358394   0.613558   0.353584   0.627313   0.346775   0.644505   0.814178   0.482639   0.852754   0.547518   0.900285   0.634617 0.99613
  0.353861   0.611749   0.349235   0.625807   0.342835   0.643054   0.804691   0.513079   0.844361   0.577201   0.892413   0.661331 0.991185
  0.348676   0.611372   0.344873   0.624341   0.339427   0.641581   0.799089   0.551411   0.836085   0.607066   0.884929   0.683981 1
  0.346843   0.609189   0.340494   0.622949   0.334995   0.639363   0.790747   0.560702   0.828021   0.637204   0.874257   0.712811 0.999839
  0.343604   0.606829   0.336093   0.621616   0.330405   0.636335   0.780654   0.580237   0.820122   0.667639   0.860935   0.741141 0.994586
  0.340223   0.604774    0.33168   0.620276   0.325502    0.63383   0.771387   0.601477   0.812191   0.698148   0.848969   0.772932 1
  0.337547   0.602674   0.327373   0.618672   0.320157   0.630022   0.762583   0.617302   0.803532   0.727312   0.832585    0.80534 0.996957
  0.334027   0.600965   0.323299   0.616557   0.315324   0.627409    0.75427   0.640306   0.793484    0.75365   0.820343    0.83637 0.995206
  0.331375   0.599548   0.319479   0.613986   0.310529   0.624273   0.747605   0.657368   0.782241   0.777133   0.806514   0.866031 1
  0.328436   0.596891   0.315916   0.611071   0.307011     0.6211   0.736849    0.67402   0.770147   0.797951   0.793658    0.88598 0.998663
  0.325313   0.593762   0.312662   0.607824   0.301666   0.616199   0.724467    0.69108   0.757289   0.815753   0.773882   0.916122 1
  0.323487   0.591512   0.309759   0.604258   0.298975    0.61269   0.715924   0.700178   0.743743   0.830245   0.760691   0.929132 0.999912
  0.321633   0.588451   0.307202   0.600433   0.295893   0.609526   0.704841   0.707806   0.729685   0.841587   0.748236    0.94581 0.994403
   0.32011    0.58605   0.304864   0.596468   0.291797    0.60476   0.696087   0.714308   0.715383   0.850983   0.729944   0.966806 1
  0.319032   0.583212   0.302388   0.592594   0.289362   0.600161   0.686359    0.71654   0.701246   0.861612    0.71359   0.975614 1
  0.317436   0.580132   0.299693   0.588861    0.28835   0.595009   0.675435   0.722181   0.687358   0.874188   0.696738    0.97254 0.999758
  0.316608   0.577645   0.297204   0.584996    0.28604   0.591988   0.667011    0.72326   0.673233   0.884929   0.685389   0.983697 0.99988
  0.315621   0.574595   0.295229   0.580845   0.284318   0.587757   0.656703   0.724363   0.658664   0.891202   0.670785   0.987888 1
  0.314636   0.571484   0.293847   0.576462   0.283037   0.581733   0.646205   0.725335   0.643882   0.892526   0.650997   0.985033 1
  0.314019   0.568352   0.293021   0.571931   0.282754   0.576493   0.635957   0.723474   0.629113   0.889338   0.634493   0.976281 0.997342
  0.313512   0.565225   0.292613   0.567346   0.280967   0.571028    0.62582   0.720799   0.614538   0.882887   0.616007   0.978408 1
  0.313042   0.562288   0.292528   0.562754   0.280538   0.563695   0.616304   0.718247   0.600213   0.873983   0.592884     0.9664 1
   0.31312   0.558801   0.292721   0.558154   0.280795   0.556576    0.60555   0.710413   0.586104    0.86297   0.571014   0.949663 0.999261
  0.313523    0.55509   0.293245   0.553582   0.281672    0.55037    0.59438   0.699659   0.572363   0.849511   0.552501   0.930148 1
   0.31404   0.551671   0.294204   0.549088   0.282363   0.544517   0.584209   0.688652   0.559238   0.832934   0.534928   0.912775 0.997519
  0.314587   0.548193   0.295509   0.544674   0.283353   0.540086   0.573884   0.677294   0.546656   0.813919   0.522027   0.896092 1
   0.31519   0.544986   0.296977   0.540315   0.284546   0.536316   0.564448   0.666075   0.534382   0.793779   0.511345   0.879256 1
  0.315896   0.542333   0.298566      0.536   0.285972   0.531891   0.556819   0.655235    0.52235   0.772826   0.498833   0.859299 1
   0.31688   0.539698   0.300302   0.531737    0.28759   0.526916   0.549483   0.642336   0.510606   0.750863   0.484778   0.836759 1
  0.318137   0.536558   0.302262   0.527576   0.288825   0.521283   0.540813   0.626326   0.499368   0.727429   0.468353   0.815728 1
  0.319159   0.533813   0.304518   0.523571    0.29191   0.516434   0.533169   0.612915   0.488869   0.702085   0.455942   0.782376 1
  0.320397   0.531141   0.307056   0.519732   0.294442   0.511478   0.525935   0.598017   0.479125   0.674963   0.442728   0.752974 1
  0.322911   0.527775   0.309855   0.516075   0.298018   0.506468    0.51764   0.572056    0.47017   0.646246   0.430235   0.715579 1
  0.326119   0.524285   0.312965   0.512692    0.30184   0.501411    0.50955   0.540597    0.46233   0.615748   0.417811   0.676231 0.999223
  0.328904   0.521509   0.316414   0.509654   0.305852    0.49721   0.503317   0.513814    0.45585   0.583412   0.408204   0.637238 1
  0.331209   0.519275   0.320123   0.506926    0.30885   0.494462   0.498355   0.491784   0.450555   0.549758    0.40224   0.608904 1
  0.334506   0.516195    0.32395    0.50437   0.312113   0.491376   0.491614   0.460509   0.445894   0.515568   0.395453   0.577872 1
   0.33807   0.512796   0.327655   0.501655   0.315282   0.488529   0.484112   0.426554   0.440637   0.481973   0.389325   0.548049 0.997112
  0.341865   0.509657   0.331108   0.498611   0.319304   0.485475   0.477618   0.391397   0.434141   0.449601   0.383288   0.511351 1
  0.346187   0.506193   0.334395   0.495388   0.322131   0.482473   0.470561   0.351587   0.426951     0.4181   0.376387   0.483786 1
  0.350805   0.502387   0.337627   0.492126   0.325738   0.479788   0.462699   0.308839   0.419589   0.386935   0.371138   0.450994 0.999329
  0.354193   0.499039   0.340905   0.488893   0.329655   0.478224   0.455204    0.27632    0.41236   0.355482   0.369635   0.418193 0.999329
  0.357547   0.496161   0.344145   0.485615   0.332879   0.475587   0.449141   0.245035   0.404958    0.32423   0.364206   0.388384 1
  0.361047   0.492993   0.347056   0.482068   0.335846   0.473357   0.442302   0.212044   0.396439   0.294897   0.359824   0.361363 1
  0.365651   0.487698   0.349534   0.478197   0.337323   0.471441   0.429808   0.166302   0.386544    0.26815   0.355139   0.346241 1
  0.369721   0.482257   0.351665   0.474111   0.339284   0.468919     0.4164   0.124282   0.375686   0.243582   0.348988   0.326201 1
   0.37336   0.475961   0.353625   0.469942   0.341363   0.466357   0.399973   0.083749   0.364423   0.220131   0.342817   0.305191 0.997436
  0.375573   0.470824   0.355613   0.465808   0.343498   0.464292   0.385925  0.0563725   0.353294   0.196536   0.338232   0.284794 1
  0.377123   0.464139   0.357394   0.461588   0.344344   0.462075   0.366504  0.0307892   0.341722   0.174334   0.332076   0.273799 1
  0.376792   0.454484   0.358475   0.457071   0.344468   0.457973   0.336259  0.0132172   0.328629   0.156786   0.319453   0.264343 1
  0.374719   0.448978   0.358434   0.452468   0.344313   0.454324   0.317399  0.0174129   0.314308   0.147528   0.307996   0.257927 1
  0.371482   0.442892   0.356976   0.448161   0.343646   0.452434   0.295747  0.0291868   0.299696   0.149581   0.301562   0.259029 1
  0.366501   0.437349   0.354392   0.444335   0.342135   0.450254   0.274286  0.0552408   0.285616    0.16112   0.293504   0.265903 1
  0.359874   0.432295   0.351165   0.441051   0.340037   0.447962   0.252936  0.0947421   0.272666   0.178645   0.284597   0.276966 1
  0.355844   0.429941   0.347601   0.438137   0.337705   0.445749   0.242186   0.120252   0.260576    0.19948   0.275735   0.289961 1
  0.351732   0.426746   0.343898   0.435413   0.335929   0.444117   0.228758   0.144634   0.248957   0.221757   0.269154   0.299964 0.999654
  0.346498   0.423007   0.340037   0.432933   0.333634    0.44229   0.212678   0.176355   0.237957    0.24573   0.261522   0.313481 1
  0.341068   0.419223   0.336011   0.430704   0.330589   0.440505   0.196295   0.209458     0.2276   0.271473    0.25338    0.33275 0.995822
  0.337651   0.416989   0.331997   0.428449   0.327464   0.438895    0.18644   0.230594   0.217171   0.297065   0.245713   0.352982 1
  0.335166   0.415286   0.328098   0.426012   0.322922   0.436047   0.179032     0.2458   0.206275   0.321421   0.232989   0.381329 1
   0.33125   0.413667   0.324155   0.423651   0.318765   0.433519   0.170659   0.271984   0.195578   0.346263   0.221591   0.407431 1
  0.328609   0.410781   0.320096   0.421482   0.314367   0.431689   0.159447   0.285912   0.185377   0.372377   0.212152   0.436815 0.990309
  0.324681   0.409387   0.316074   0.419248   0.309637   0.429299   0.151761   0.312642   0.175005   0.398078   0.200692    0.46753 1
  0.320835   0.405677   0.312142   0.416861    0.30642   0.427663    0.13696   0.333948   0.164237    0.42278   0.192867   0.488403 1
    0.3156   0.403419   0.308172   0.414539     0.3028   0.425293   0.125477   0.368754   0.153637   0.447907   0.182418   0.510789 1
  0.310764   0.401659   0.304136   0.412329    0.29862   0.423151   0.115883   0.401586   0.143329   0.473764   0.172195   0.537873 1
  0.306322   0.399907   0.300142   0.410048   0.294698   0.421156   0.106647   0.431458   0.132836   0.499157   0.162651   0.563317 0.998178
  0.302116    0.39737   0.296203   0.407673   0.290819   0.418983  0.0951794   0.457914   0.122098   0.523939   0.152593   0.588068 0.992662
  0.298583    0.39473   0.292238   0.405338   0.286186   0.416386  0.0839653    0.47908   0.111463      0.549   0.140573   0.617626 0.991681
  0.294802   0.392794   0.288272   0.403007   0.281877   0.413613  0.0747269   0.503585   0.100838   0.574081   0.128285   0.644374 0.985142
   0.29063   0.391057   0.284405    0.40052   0.278302   0.410875  0.0657701   0.531454  0.0898142   0.598085    0.11673   0.665649 0.991309
  0.286689   0.388079   0.280634   0.397883   0.275613   0.408496  0.0531579   0.554993  0.0784073   0.621052    0.10705   0.680992 0.92648
  0.283769   0.385505   0.276898   0.395197   0.271091   0.404083  0.0426742   0.571677  0.0668777    0.64366  0.0894879    0.70594 0.96701
  0.279826    0.38373   0.273213   0.392445   0.267275   0.399578  0.0337962   0.597735  0.0551872   0.665743  0.0722471   0.725366 0.93672
  0.275391   0.382812   0.269635   0.389555   0.265007   0.394718   0.027155    0.62929  0.0431602   0.686734  0.0552255   0.732375 0.854927
  0.270884   0.381793   0.266203   0.386494   0.262048   0.389069   0.020141   0.661174  0.0307274   0.706265  0.0351645   0.742957 0.927056
  0.266903   0.379644   0.262934    0.38326    0.26027   0.384533  0.0100683   0.686742  0.0178952   0.724207  0.0195694   0.746948 0.340768
  0.259759   0.379926   0.259759   0.379926   0.259759   0.379926 0.00483686   0.741226 0.00483686   0.741226 0.00483686   0.741226 0
