131
 0.0336933   0.934767  0.0336933   0.934767  0.0336933   0.934767 -0.000530384   0.810987 -0.000530384   0.810987 -0.000530384   0.810987 0
 0.0402337    0.94292  0.0387897   0.933797  0.0366271   0.923816 0.00942602   0.925721 0.00709107   0.796294 0.00366286   0.654783 0.579167
 0.0460259   0.945782  0.0438788   0.932788  0.0403475   0.917955  0.0181621   0.965374  0.0147008   0.781048 0.00913023   0.570808 0.683955
  0.052084   0.947034  0.0489533   0.931702   0.044452   0.914116  0.0272665   0.982099  0.0222873    0.76471  0.0152111   0.515513 0.746321
 0.0577321   0.946726   0.054017    0.93056  0.0490732   0.911661  0.0357273    0.97673  0.0298564   0.747571  0.0220924    0.47979 0.786193
 0.0619356   0.945908  0.0590898   0.929469  0.0539639   0.909886  0.0420131   0.964348  0.0374401   0.731162  0.0293904   0.453686 0.836356
 0.0669681   0.945706  0.0641912   0.928536   0.059457   0.908746  0.0495531   0.960584  0.0450697   0.716999  0.0376033   0.436517 0.829129
  0.072549   0.945886  0.0693227    0.92778  0.0654886   0.908001  0.0579223   0.962152  0.0527476   0.705348  0.0466308   0.424854 0.851622
 0.0771557    0.94572   0.074475   0.927168  0.0713613   0.907153  0.0648246    0.95898  0.0604596    0.69573  0.0554182   0.411758 0.87911
 0.0812668   0.945085  0.0796397   0.926665  0.0766531   0.906371  0.0709754   0.949229  0.0681922   0.687666   0.063336   0.399696 0.904908
 0.0858791   0.944569   0.084812   0.926242  0.0812947   0.905367  0.0778796   0.941071  0.0759375   0.680737   0.070275   0.384613 0.903466
 0.0910626   0.944718  0.0899877    0.92587  0.0871682   0.904062  0.0856525   0.942272  0.0836889   0.674536  0.0790551   0.365017 0.940014
 0.0958837     0.9451  0.0951644   0.925528  0.0936988   0.904105  0.0928864   0.946855  0.0914425   0.668757  0.0888453   0.364464 0.920554
  0.100469   0.945539   0.100342   0.925204  0.0985479   0.905033  0.0997675   0.952275  0.0991981   0.663229  0.0961315   0.376803 0.917337
  0.106474   0.945722   0.105521   0.924888   0.104102    0.90455   0.108774   0.953809   0.106956   0.657821   0.104448   0.368959 0.9135
  0.112504   0.945851   0.110702   0.924591   0.109994   0.904039   0.117814   0.954586   0.114716   0.652681    0.11327   0.360639 0.908134
  0.118782   0.946042   0.115884   0.924335   0.115632   0.904867   0.127229    0.95618    0.12248   0.648112   0.121738   0.371416 0.909018
  0.124728   0.945725   0.121069   0.924136   0.120908    0.90536   0.136136   0.950621   0.130247   0.644375   0.129656   0.377482 0.95393
  0.128767   0.944857   0.126255   0.924005   0.126645   0.905249   0.142174   0.937566   0.138019   0.641597   0.138253     0.3749 0.925635
  0.132268   0.943907   0.131444   0.923948   0.131615   0.904621   0.147405   0.923444   0.145796   0.639863   0.145691    0.36508 0.948526
  0.136006   0.943189   0.136633   0.923927   0.135713   0.903721   0.152994   0.912571   0.153575   0.638636   0.151817    0.35157 0.936014
  0.141329   0.942834   0.141821    0.92385   0.140141   0.902822   0.160967   0.906585    0.16135   0.636631   0.158439   0.337996 0.93746
   0.14836   0.942669   0.147005   0.923642   0.144887    0.90201   0.171503   0.902993   0.169116   0.632747   0.165537   0.325617 0.943323
  0.153892    0.94209   0.152186    0.92335   0.149418   0.900981   0.179785   0.893787   0.176877   0.627683    0.17231   0.310192 0.946202
  0.158721   0.942222   0.157368   0.923086   0.155279   0.900369   0.187026   0.894806    0.18464   0.623008   0.181085   0.300448 0.947594
  0.163816   0.942132   0.162553   0.922916   0.160387   0.899606   0.194662   0.892621    0.19241   0.619671   0.188726   0.288699 0.952785
  0.169022   0.941608    0.16774   0.922784   0.165113    0.89878   0.202456   0.884247   0.200182   0.616876   0.195796   0.276121 0.95116
  0.174675   0.941179   0.172926   0.922614    0.17057   0.898477   0.210922   0.877152   0.207953   0.613542    0.20397   0.270842 0.939158
  0.179583   0.940592   0.178107   0.922352   0.175994   0.898996   0.218268   0.867934   0.215715    0.60891   0.212111   0.277253 0.956378
  0.184548   0.940047   0.183281   0.921972   0.181492   0.899125   0.225701   0.859312   0.223464   0.602587   0.220355   0.278116 0.974118
  0.190075   0.939498   0.188445   0.921459   0.188184    0.89898   0.233974   0.850526   0.231194   0.594371   0.230383   0.274876 0.951952
  0.195444   0.939679   0.193604   0.920888   0.194504   0.899195   0.242027   0.852141   0.238917    0.58534    0.23986   0.276811 0.95621
  0.200901   0.939987   0.198766   0.920373   0.199946   0.901067   0.250212   0.855558   0.246646   0.577109   0.248054   0.302459 0.968635
  0.205039   0.938975   0.203939   0.919981   0.202744    0.90334   0.256397    0.84044   0.254392   0.570628   0.252291   0.334271 0.973215
  0.208837   0.938337   0.209117   0.919663   0.206402   0.902786   0.262077     0.8307   0.262149   0.565187   0.257764   0.325752 0.968172
  0.215571   0.938386   0.214298   0.919353   0.211582   0.902081   0.272173   0.830194   0.269908   0.559862   0.265514   0.314808 0.969168
  0.221372   0.937962   0.219479   0.919051   0.218587   0.901859    0.28086   0.823139   0.277669   0.554654   0.276012   0.310418 0.971202
  0.226254    0.93745   0.224662   0.918821   0.224519   0.901541   0.288169   0.815003   0.285434   0.550462   0.284897   0.304842 0.964318
   0.23182   0.937043   0.229847   0.918716   0.229292   0.900904   0.296506    0.80823   0.293206   0.548042    0.29204   0.294935 0.983167
  0.237527   0.936604   0.235036   0.918711    0.23409   0.900336   0.305052    0.80097   0.300983   0.547052   0.299223   0.286011 0.979149
  0.241903   0.935385   0.240225   0.918752   0.238366   0.899626   0.311588   0.782867   0.308763   0.546726   0.305618   0.275169 0.975194
  0.245319   0.934168   0.245415   0.918787   0.244077   0.899262   0.316686   0.764961   0.316542     0.5463   0.314173   0.268975 0.97245
  0.250245   0.933614   0.250603   0.918761   0.249986   0.899589    0.32406   0.756218   0.324319   0.545015   0.323036   0.272583 0.979208
  0.255369   0.933295   0.255788   0.918624   0.254805    0.89951   0.331735   0.750779   0.332089   0.542139   0.330258     0.2706 0.978931
  0.260774   0.932836    0.26097   0.918366   0.260051   0.899469   0.339829   0.743288   0.339852   0.537565   0.338122   0.269091 0.978861
   0.26574   0.932314   0.266148    0.91802   0.265341   0.899752   0.347262   0.734992   0.347608   0.531721   0.346057   0.272181 0.994348
  0.271559   0.932608   0.271323   0.917621   0.270369   0.899808   0.355992   0.738138   0.355357   0.525136   0.353594   0.272075 0.990957
  0.277143   0.932521   0.276497    0.91724   0.274916   0.899622    0.36436   0.735914   0.363106   0.518799   0.360408   0.268635 0.983882
  0.281316   0.932704   0.281676   0.916955   0.279759    0.89927   0.370618   0.737781   0.370864   0.513836   0.367661   0.262766 0.983759
  0.285882   0.933521   0.286862   0.916793   0.285408   0.899009   0.377479   0.748586   0.378635   0.510607   0.376123   0.258053 0.997625
  0.291715   0.933549    0.29205    0.91667   0.291446   0.898896   0.386223   0.747949    0.38641    0.50794   0.385172   0.255384 0.980971
  0.298064     0.9333   0.297236   0.916496   0.297393   0.898749   0.395735   0.743286    0.39418   0.504541   0.394084   0.252241 0.987198
  0.303507   0.932954   0.302418    0.91624     0.3031   0.898498   0.403887   0.737401   0.401943   0.499987   0.402634   0.247659 0.986709
  0.309537    0.93275   0.307596   0.915921   0.308461   0.898304   0.412923   0.733421   0.409699   0.494538   0.410666   0.243943 0.988809
   0.31532   0.932219   0.312773   0.915562   0.313461   0.898249   0.421582   0.724855   0.417452   0.488524    0.41816   0.242278 0.98981
  0.319588   0.931265   0.317949   0.915206   0.318109   0.897926   0.427961   0.710531   0.425205   0.482533   0.425122   0.236866 0.986807
  0.325015   0.930761   0.323129   0.914897   0.321908   0.897256   0.436088   0.702405   0.432963   0.477225   0.430804   0.226673 0.994231
  0.330762   0.931116   0.328311   0.914649    0.32622   0.896635   0.444708   0.706434   0.440727   0.472784   0.437257   0.217084 0.991634
  0.335603   0.930784   0.333495   0.914416   0.331803   0.896161   0.451959   0.700865   0.448493   0.468555   0.445615   0.209342 0.997305
  0.339502   0.929686   0.338677   0.914148   0.336767   0.895539   0.457784   0.684566   0.456256    0.46383   0.453045   0.199625 0.999804
  0.343729   0.929571   0.343855   0.913824   0.341442   0.894957   0.464117   0.682173   0.464012   0.458301   0.460042   0.190519 0.995386
  0.349881   0.929686   0.349029   0.913441   0.346415    0.89451   0.473341   0.682716   0.471762    0.45194   0.467488   0.183286 0.986514
  0.354842   0.928561   0.354199   0.913001   0.351884    0.89419   0.480757   0.665854   0.479503   0.444771    0.47568   0.177768 0.999215
  0.359725   0.928203   0.359365   0.912519   0.357637   0.893909   0.488071   0.659894   0.487237   0.436997   0.484299   0.172751 0.996754
  0.365411   0.928303   0.364529   0.912012   0.363159   0.893821   0.496596   0.660303   0.494969   0.428877   0.492575   0.170528 0.9948
  0.371182   0.928312   0.369691   0.911482   0.368512   0.893854   0.505246   0.659419   0.502697   0.420428     0.5006   0.170047 0.998967
  0.376037   0.927889   0.374847   0.910905   0.374206   0.893705   0.512516   0.652541   0.510416   0.411314   0.509133   0.166928 0.996595
  0.380818   0.927446   0.379995   0.910259   0.379191   0.893265   0.519674     0.6454    0.51812   0.401219   0.516596   0.159788 0.989803
  0.386255   0.927112   0.385137   0.909569     0.3834   0.892544   0.527818   0.639689   0.525815   0.390505   0.522893   0.148785 0.949533
  0.392599   0.926919   0.390282   0.908891   0.388253    0.89186   0.537324   0.635813   0.533514   0.379955   0.530155   0.138203 0.945156
  0.398466   0.926863   0.395435   0.908279   0.393109   0.891218   0.546117   0.633977   0.541228   0.370337   0.537422   0.128213 0.972833
  0.403775   0.926611   0.400599    0.90778   0.397736   0.890516   0.554072   0.629466   0.548959   0.362329   0.544344    0.11742 0.995084
  0.408009   0.925386   0.405775    0.90744   0.402267   0.889936   0.560395   0.611289   0.556712   0.356571   0.551125   0.108375 0.994681
  0.412219   0.924938    0.41096   0.907237   0.407875   0.889575   0.566698   0.604182    0.56448   0.352777   0.559525    0.10225 0.982731
   0.41785   0.925402   0.416147   0.907061   0.414229   0.889604   0.575147   0.609781   0.572252   0.349351    0.56905   0.101531 0.985933
  0.422353   0.926062   0.421329   0.906802   0.420198   0.889799    0.58191   0.618369   0.580015   0.344747   0.578002   0.103241 0.997192
  0.426714   0.926696   0.426505   0.906454   0.425864   0.889985   0.588459   0.626598   0.587767   0.338894   0.586499   0.104882 0.994568
  0.431137   0.926189    0.43168   0.906073   0.431837   0.890165   0.595079   0.618609   0.595517    0.33255   0.595456   0.106391 1
  0.435115   0.925532   0.436857    0.90571   0.437348   0.890011   0.601031   0.608565   0.603271   0.326476   0.603713   0.103216 0.999676
  0.440687   0.925335   0.442037   0.905417   0.442608   0.889653   0.609379   0.604786    0.61103   0.321394   0.611592  0.0972007 1
  0.446517   0.925062   0.447221   0.905243   0.448283     0.8894   0.618113   0.599866   0.618799   0.318003   0.620093  0.0925994 0.996948
  0.451504   0.924729    0.45241   0.905186   0.452459   0.888863   0.625583    0.59425   0.626575   0.316269   0.626344  0.0842173 0.999452
  0.457189     0.9246   0.457599   0.905178   0.457238    0.88862   0.634101   0.591412   0.634354   0.315233   0.633504  0.0799222 0.999452
  0.462622   0.924412   0.462788   0.905156   0.462936   0.888429   0.642242    0.58777   0.642131   0.314004   0.642041  0.0761967 0.99948
  0.467389   0.924143   0.467976   0.905134   0.468265   0.887587   0.649384   0.583106   0.649908   0.312781   0.650013  0.0632874 0.979477
  0.472504   0.923956   0.473164   0.905167    0.47339     0.8876   0.657047   0.579534   0.657685   0.312322   0.657695  0.0625553 0.989449
  0.477609   0.923777   0.478352     0.9053   0.478923   0.888071   0.664696   0.576096   0.665464   0.313292   0.665998   0.068276 0.995545
  0.482604   0.923826   0.483534   0.905562   0.485862   0.888133   0.672184   0.575896   0.673237   0.316103   0.676401  0.0679324 0.9997
  0.488022   0.924005   0.488705   0.905978   0.490723   0.886851    0.68031   0.577487   0.680997   0.321094   0.683664   0.048838 0.972172
  0.493197   0.924182   0.493862   0.906546    0.49556   0.885311   0.688069   0.579091   0.688737   0.328254   0.690886  0.0260873 0.993366
  0.498126    0.92454   0.499005   0.907236   0.502301   0.885362   0.695465   0.583301    0.69646   0.337156   0.700991  0.0256161 0.987417
  0.504468   0.924633   0.504135   0.908016   0.507365   0.886152   0.704973   0.583502   0.704165   0.347331   0.708598  0.0359492 0.99408
  0.509718   0.924941   0.509258    0.90884   0.512555   0.886687   0.712849   0.586948   0.711859   0.358147   0.716387   0.042634 0.994933
  0.513895   0.925589   0.514381   0.909661   0.518174   0.887219   0.719123   0.595416   0.719554   0.368902    0.72482   0.049203 0.999005
   0.51829   0.926448    0.51951   0.910441   0.523484   0.888339   0.725727   0.606847   0.727257   0.379082   0.732801   0.064195 0.993031
  0.523195   0.927208   0.524645   0.911179   0.528584   0.889815   0.733094   0.616791   0.734968   0.388665   0.740473  0.0842696 0.995583
  0.527298   0.928229   0.529787   0.911881   0.533777     0.8911   0.739264   0.630577    0.74269   0.397734   0.748282   0.101615 0.996495
  0.532099   0.929047   0.534929    0.91259   0.538423    0.89244   0.746475   0.641348    0.75041   0.406896   0.755271   0.119833 0.996424
   0.53692   0.929852   0.540055   0.913385   0.543362   0.893341   0.753717   0.651942   0.758109   0.417294   0.762692   0.131766 0.998965
  0.542123   0.930803   0.545154   0.914335   0.548438   0.894419   0.761534   0.664542    0.76577   0.429893    0.77032     0.1462 0.990257
  0.546833   0.931521   0.550229   0.915415   0.554248   0.894941   0.768608   0.673915   0.773397   0.444348    0.77904   0.152585 0.995035
  0.552095   0.932365   0.555291   0.916563   0.560979   0.895975   0.776511    0.68497   0.781007   0.459778   0.789148   0.166097 0.995478
  0.557823    0.93306   0.560352   0.917714   0.564792   0.897309    0.78511   0.693842   0.788615   0.475235   0.794889   0.184388 0.999426
  0.562225   0.935059   0.565427   0.918789   0.569039   0.898146   0.791746   0.721472   0.796242    0.48962   0.801271   0.195524 0.999498
  0.568229   0.935971   0.570529   0.919714   0.573134   0.899098   0.800763    0.73338   0.803908   0.501865   0.807427   0.208339 0.98418
  0.574424   0.935988    0.57566   0.920492    0.57817   0.899665   0.810051   0.732513   0.811613   0.512021   0.814987   0.215502 0.998332
  0.579132   0.936838   0.580802     0.9212   0.584281   0.900209   0.817124   0.743768   0.819334   0.521172   0.824157   0.222159 0.993379
  0.583448   0.937876   0.585943   0.921908   0.589917   0.901052   0.823612   0.757759   0.827054   0.530321   0.832621   0.233138 0.99344
  0.588585   0.938958   0.591079   0.922637   0.595132   0.901903   0.831333   0.772227   0.834767   0.539774   0.840455   0.244306 0.999499
  0.593232   0.940075   0.596211   0.923391   0.600317   0.902835    0.83832   0.787281   0.842474    0.54958   0.848245   0.256637 0.991736
  0.599034   0.940639   0.601341   0.924166   0.605732   0.903875   0.847028   0.794273   0.850179    0.55969   0.856381    0.27046 0.982248
  0.605201   0.940319   0.606472   0.924943    0.61083   0.905136   0.856266   0.788637   0.857884   0.569836   0.864047   0.287489 0.97552
  0.609894    0.94137   0.611605   0.925706   0.615779   0.906047   0.863321   0.802737   0.865593    0.57977   0.871482   0.299566 0.978606
  0.614302   0.942471   0.616734   0.926494   0.620685   0.907198    0.86995   0.817614   0.873295   0.590059   0.878858   0.315059 0.966661
  0.618713   0.943629   0.621841   0.927394   0.626476   0.908611   0.876582   0.833294   0.880969   0.601942   0.887565    0.33411 0.980857
  0.623425    0.94474   0.626916   0.928472   0.630693    0.90987   0.883667   0.848244   0.888596    0.61638    0.89391    0.35127 0.969664
  0.628166   0.945836   0.631963    0.92969   0.636231   0.910764   0.890794   0.862998   0.896184   0.632793   0.902228   0.362987 0.976547
  0.632889   0.946926   0.636992   0.930971   0.641284   0.912015   0.897894   0.877649   0.903746   0.650115   0.909826   0.379884 0.976168
   0.63756   0.948041   0.642013   0.932267   0.646374   0.913326   0.904916   0.892672   0.911297   0.667651    0.91748   0.397616 0.969244
  0.642339   0.949296   0.647031   0.933578   0.650105   0.914897   0.912103   0.909662   0.918843   0.685389   0.923103   0.419295 0.973167
   0.64686    0.95037    0.65205   0.934902   0.654814   0.916344   0.918901   0.924134   0.926393   0.703333   0.930189    0.43903 0.974425
   0.65188   0.951296   0.657084   0.936181   0.661017   0.917615   0.926444   0.936406   0.933962   0.720617   0.939511      0.456 0.960884
  0.657432   0.951993   0.662148   0.937307   0.666885   0.919189   0.934778   0.945327   0.941573   0.735726   0.948336   0.477333 0.704403
  0.662444   0.952737   0.667251   0.938214   0.670905   0.921358   0.942305   0.955024   0.949241   0.747719   0.954402   0.507447 0.441627
  0.668316   0.953292   0.672377   0.939023   0.675908   0.923723   0.951119   0.961864   0.956938   0.758307   0.961947   0.540186 0.419949
  0.674124   0.953719   0.677497   0.939906   0.680521   0.925303   0.959832   0.966904    0.96463   0.769953   0.968891   0.561822 0.249473
  0.679194    0.95433   0.682569   0.941024    0.68581   0.928468   0.967443   0.974702   0.972254   0.784944   0.976879   0.605884 0.186681
  0.683706    0.95473   0.687521   0.942516   0.691786   0.932222   0.974214   0.979579   0.979706   0.805274   0.985907    0.65819 0.11435
  0.687345    0.95502   0.692288   0.944503   0.696219   0.935605   0.979675   0.983065   0.986888   0.832678   0.992615   0.705493 0.0104249
  0.692602   0.954943   0.696889   0.946909   0.699892   0.943849   0.987555   0.981032   0.993831   0.866069   0.998274   0.822034 0.0035461
  0.701409   0.949526   0.701409   0.949526   0.701409   0.949526    1.00065   0.902469    1.00065   0.902469    1.00065   0.902469 0
