42
   0.86924   0.642791    0.86924   0.642791    0.86924   0.642791  0.0038307   0.612224  0.0038307   0.612224  0.0038307   0.612224 0
  0.877236    0.63755   0.869357   0.637185   0.869216   0.638013  0.0272688   0.800268  0.0284856   0.613509  0.0248391   0.610372 0.822294
  0.882596   0.631245   0.869319   0.631582   0.869216   0.638013   0.055254   0.925595  0.0531171   0.611104  0.0248391   0.610372 0.800503
  0.884938   0.622799   0.868885   0.625987   0.853156   0.628016  0.0925045   0.978845  0.0776948   0.599348  0.0679968   0.227222 0.920285
  0.881793   0.616311   0.867569   0.620546   0.852564   0.625847   0.120872   0.902588    0.10155   0.566704  0.0775036   0.212617 0.938676
  0.880354   0.612849   0.865516   0.615322    0.85128   0.620768   0.136022   0.867588   0.124417   0.516678  0.0997717   0.180829 0.917716
  0.879901   0.606739   0.863754   0.610008   0.849917   0.615436   0.162865   0.855213   0.147694   0.473532   0.123149   0.147128 0.960337
  0.879478   0.601922   0.862708   0.604495   0.848872   0.610678   0.184024   0.843911   0.171881   0.447285   0.144018   0.121107 0.944788
  0.879782   0.596152   0.862278   0.598899   0.847983   0.604357   0.209404   0.849597   0.196465   0.435597   0.171762  0.0983661 0.939387
  0.880464   0.592278   0.861215   0.593413   0.847948   0.598555   0.226474    0.86472   0.220533   0.408953   0.197269  0.0959832 0.946726
  0.880952   0.587049   0.860396   0.587877   0.847643   0.592389   0.249487   0.874885   0.244833   0.388079   0.224364  0.0871341 0.984776
  0.881412   0.582667   0.860409   0.582263   0.847648    0.58438   0.268774   0.884633   0.269514     0.3869   0.259576  0.0851174 0.97095
   0.88184   0.576995   0.860419   0.576664   0.847648   0.576671   0.293735    0.89327   0.294132    0.38565   0.293472  0.0830701 0.990381
  0.881271   0.572299   0.860417   0.571054    0.84765   0.569129   0.314352   0.878541   0.318799   0.384108   0.326631  0.0811046 0.987169
  0.881403   0.567084   0.860418   0.565452   0.847561   0.562475   0.337288    0.88027   0.343425   0.382649   0.355881  0.0772237 0.987222
  0.881305   0.561163   0.860348   0.559834   0.846926   0.557956   0.363314   0.876384   0.368123   0.379481    0.37572    0.06098 0.991991
  0.881241   0.554778   0.861355   0.554331   0.846553   0.551855   0.391383   0.873162   0.392369    0.40188   0.402526  0.0505309 0.97695
  0.880947   0.549109   0.862507   0.548843   0.846132   0.546125   0.416292   0.864693   0.416556   0.427721   0.427694  0.0390228 0.977956
  0.881341   0.543984   0.863174   0.543278   0.845629    0.54038   0.438846    0.87266   0.441055   0.442049   0.452931  0.0255793 0.972298
  0.881861   0.538836   0.863445   0.537677   0.846383   0.535222   0.461504    0.88361   0.465693   0.446976   0.475643  0.0420873 0.987075
    0.8823   0.533622   0.864276   0.532135   0.847398   0.531499    0.48445   0.892635     0.4901   0.465199   0.492062  0.0651459 0.999002
  0.882912   0.528826   0.864633   0.526541   0.846154   0.526123   0.505569   0.905867   0.514711   0.472173   0.515637   0.034227 0.989439
  0.883301   0.522784   0.864564   0.520936   0.849151   0.521512   0.532151   0.913469   0.539354   0.469044    0.53606   0.104004 0.99844
  0.883874   0.517539   0.865031   0.515349   0.849701   0.517946    0.55524   0.925637   0.563941   0.478613   0.551763   0.116099 0.99859
  0.883626   0.511983   0.865653   0.509781     0.8497   0.510574   0.579655   0.918296    0.58845    0.49187   0.584178   0.114116 0.988558
  0.883887   0.504906   0.865608   0.504171     0.8497   0.503342   0.610784    0.92259   0.613114   0.489328   0.615975   0.112192 0.993682
  0.883995   0.498181   0.865632   0.498567   0.849789   0.496251   0.640358   0.923372   0.637751   0.488398   0.647154   0.112418 1
  0.884454   0.492665   0.865646   0.492961   0.850279   0.491114   0.664632   0.932768   0.662402   0.487235   0.669766   0.122664 0.98548
   0.88514   0.487963   0.865578   0.487354   0.850578   0.485234   0.685338   0.947777    0.68705    0.48415    0.69563   0.128184 0.998296
  0.885869   0.483172   0.865605   0.481758   0.850964   0.479591   0.706437   0.963772   0.711656   0.483295    0.72046   0.135827 0.998048
  0.886299   0.477071   0.866336   0.476192   0.851524   0.474213   0.733281   0.972337   0.736161   0.499121   0.744133   0.147674 1
  0.885433    0.47028   0.866851   0.470614   0.852094   0.469145   0.763098   0.950027   0.760713   0.509855   0.766443   0.159818 1
  0.885939   0.466527   0.867445   0.465039   0.852829   0.464275   0.779622   0.961024   0.785254   0.522436    0.78789   0.175941 1
  0.885928   0.459763   0.867949   0.459456   0.853456   0.459003   0.809363   0.958949   0.809824   0.532911   0.811102   0.189393 1
   0.88626   0.452316    0.86731   0.453888   0.853896   0.453182   0.842118   0.964836   0.834273   0.516285   0.836714   0.198282 1
  0.885133    0.44788   0.866663   0.448327   0.854597   0.447868   0.861567   0.936972   0.858691   0.499478   0.860111   0.213479 1
  0.887101   0.442903   0.866657   0.442713   0.855244   0.442314   0.883545   0.982261   0.883371   0.497832   0.884564   0.227321 1
  0.884942   0.436375   0.866678   0.437116   0.855913   0.437194   0.912141   0.929369   0.907984   0.496841   0.907106   0.241813 0.998724
  0.882343   0.430081   0.866729   0.431496   0.857001   0.431858   0.939685   0.866128   0.932693   0.496571   0.930624   0.266182 1
  0.877284   0.422874   0.865745   0.426009   0.857559   0.428327   0.971123   0.744352   0.956768     0.4718   0.946173   0.278466 0.895913
  0.868605   0.418212   0.863472   0.420861   0.858452   0.423631    0.99119   0.537478   0.979289   0.416579   0.966867   0.298365 0.069228
  0.860783   0.415947   0.860783   0.415947   0.860783   0.415947    1.00076   0.351551    1.00076   0.351551    1.00076   0.351551 0
