51
  0.938685   0.926158   0.938685   0.926158   0.938685   0.926158    0.99632  0.0721139    0.99632  0.0721139    0.99632  0.0721139 0
  0.933889   0.923116   0.933656   0.927681   0.934727   0.932728    0.97491  0.0399867   0.978234   0.118224   0.987058   0.199356 0.761307
   0.92648   0.920897   0.928536   0.928581   0.931643   0.934239   0.944132  0.0323823   0.959216   0.154171   0.976499   0.237412 0.996424
  0.921719   0.921296   0.923491   0.930018     0.9254     0.9372   0.926041  0.0583956   0.940987   0.198902   0.955039   0.312788 0.864623
  0.916476   0.922384   0.918374   0.930997   0.920654   0.939424   0.906724  0.0980094   0.922057   0.236178   0.938697    0.36963 0.989409
  0.912158   0.923406   0.913304    0.93233   0.915525   0.941664   0.890928   0.132772   0.903633   0.279237   0.920885   0.428298 0.942136
  0.907525   0.924316   0.908166   0.933187   0.910162   0.944316   0.873807   0.166911   0.884505   0.314532    0.90255   0.494888 0.973058
  0.903695   0.925146   0.903113   0.934651    0.90574   0.946021   0.859728   0.196458   0.866274   0.359746   0.886983   0.541644 0.980938
  0.898814   0.925654   0.897934    0.93517   0.901904   0.947283   0.841274   0.224799   0.846675   0.389471   0.873278   0.578524 0.984277
  0.893147   0.926062   0.892757    0.93584   0.897682   0.948255   0.819681   0.254626   0.827221   0.421754   0.857811    0.61205 0.967292
  0.888369   0.926486   0.887555   0.936292   0.892274   0.949039    0.80155   0.281125   0.807472   0.450443   0.837571   0.647186 0.986014
  0.882864   0.926795   0.882374   0.936916   0.885299    0.94928   0.780494   0.308607   0.787963   0.481951   0.810753   0.679475 0.99823
  0.877305   0.926682   0.877179   0.937464   0.879726   0.949729   0.758839   0.329166   0.768332    0.51224   0.789562   0.709611 0.99019
  0.871536   0.926497   0.871954   0.937469   0.873354   0.949582   0.736301   0.349358   0.748081   0.533459   0.764722   0.732896 0.993578
  0.866464   0.926177   0.866752   0.937806   0.866749   0.949539   0.716338   0.364462   0.728224   0.560186   0.739073   0.758866 0.99294
  0.860481     0.9262   0.861552   0.938419   0.860411   0.949294   0.693163   0.389033   0.708628     0.5916   0.714276   0.780345 0.996915
  0.856701   0.925641   0.856363   0.938035   0.856554    0.94871   0.677994   0.394859   0.688158   0.606079   0.698781   0.786058 0.991307
  0.852576   0.925212   0.851164   0.937494   0.851447   0.948363   0.661602   0.404267     0.6675   0.617938   0.678658   0.800831 0.996645
  0.846731   0.925022   0.845982   0.936876   0.845846   0.948083   0.638766   0.424693   0.646837   0.628427   0.656687   0.818738 0.984242
  0.841209   0.924899   0.840781   0.936397    0.83924   0.948073   0.617245   0.444938    0.62623   0.641346   0.631066   0.845271 0.986609
  0.834976   0.924729   0.835561   0.936487   0.832891   0.948189   0.592921   0.467265   0.606073   0.663975   0.606557   0.872916 0.98886
  0.828853   0.924652   0.830338   0.936433   0.827384    0.94805   0.569111   0.490722   0.585774   0.684193   0.585078   0.892826 0.997354
  0.824286   0.924089   0.825157   0.935797   0.821938   0.948185   0.550885   0.499638   0.565099   0.694372   0.564091    0.91713 0.999232
  0.820059   0.923425   0.819958   0.935274   0.816207   0.947701   0.533881   0.505495   0.544458   0.706529   0.541424   0.932119 0.992274
  0.815338   0.922703   0.814805   0.934455   0.810894   0.946966    0.51491   0.512357   0.523723   0.713499   0.520144   0.941146 0.992546
  0.809775   0.922278   0.809726   0.933225   0.806339   0.946132   0.492946    0.52766   0.502893   0.713207   0.501714    0.94545 0.994981
  0.805742   0.921405   0.804622   0.932137   0.800951   0.945361   0.476505   0.529189   0.482097   0.715428   0.480108   0.954192 0.988957
  0.801704   0.920429   0.799518   0.931017   0.795974   0.944474   0.459943   0.528987   0.461273   0.717105   0.459991   0.959291 0.993996
  0.797334   0.919497   0.794437   0.929822   0.790643   0.943642   0.442141   0.530873   0.440467   0.717416   0.438552   0.966749 0.995562
  0.793189   0.918635   0.789336   0.928689    0.78605   0.942606   0.425271   0.533044   0.419643   0.718859   0.419786    0.96778 0.998466
   0.78951   0.917674   0.784276   0.927409   0.780404   0.941837    0.41012    0.53164   0.398841   0.717641   0.397186   0.977588 0.991911
  0.785007   0.914448   0.779338   0.925708   0.775631   0.940492   0.389673    0.49523   0.378122   0.708803   0.377438   0.974117 0.99799
  0.780253   0.911057   0.774372   0.924087   0.770333   0.938712   0.368102   0.457041   0.357368   0.701438    0.35525   0.965399 0.993864
  0.774218   0.907857   0.769453   0.922346   0.765319    0.93573   0.341743   0.427254   0.336686   0.691854   0.333048   0.935188 0.998942
  0.770459   0.906366   0.764628   0.920345   0.759398   0.932104   0.325791   0.417217   0.316124   0.677487   0.306736   0.897738 0.993241
  0.766443   0.904509   0.759825   0.918308   0.754613    0.92865   0.308502   0.402009   0.295619   0.662417   0.284986   0.858593 0.998342
  0.763347   0.902716   0.755327   0.915647   0.750746    0.92706   0.294837   0.384171   0.275716   0.635545   0.268523    0.84731 0.995372
  0.759558   0.900812   0.750876   0.912922   0.745022    0.92366   0.278384   0.367245   0.255937   0.607392   0.243182   0.812879 0.994386
  0.755798   0.898545   0.746344   0.910321   0.739711   0.920442   0.261709   0.344065    0.23596   0.581685   0.219611   0.779873 0.99173
  0.751011   0.895711   0.742076   0.907319   0.735047   0.917509   0.240525   0.315428   0.216633   0.548106   0.198815   0.749075 0.996634
  0.746152   0.892466   0.738172   0.903839   0.729284   0.913684   0.218684   0.280142   0.198275   0.504965   0.172931   0.707614 1
  0.741713   0.889242   0.734086   0.900628   0.724425   0.909772   0.198488   0.243493    0.17946   0.467119   0.150471    0.66102 1
  0.737555   0.886318   0.729553   0.897994   0.721235   0.907848   0.179662   0.210793   0.159447   0.440865    0.13632   0.641333 0.996431
   0.73327   0.883177   0.725588   0.894577   0.717789   0.905521   0.160141   0.174945   0.140912   0.399028   0.120807   0.615868 0.991234
  0.728974   0.880032   0.721412   0.891486   0.712507   0.901841   0.140571   0.139065   0.121861   0.363572  0.0969234   0.574915 0.991614
  0.724528   0.876571   0.716832    0.88892    0.70952   0.899947    0.12013  0.0984363   0.101726   0.338656  0.0835879   0.554937 0.982853
    0.7206   0.873656   0.712475   0.886075   0.706431   0.896804   0.102204  0.0649671  0.0821996     0.3081  0.0687036   0.514197 0.988205
  0.714459   0.869969    0.70785   0.883594   0.702101   0.894507  0.0749811   0.027363  0.0619747   0.284797  0.0497896   0.492805 0.754151
  0.705087   0.873109   0.703071   0.881607   0.700028   0.892358  0.0415549   0.118433  0.0416053   0.270475  0.0397622   0.464815 0.603097
  0.698053   0.877755   0.697782   0.880683   0.696123   0.887635  0.0185832   0.225537  0.0202461   0.276208  0.0202496   0.400638 0.211423
  0.692842   0.879315   0.692842   0.879315   0.692842   0.879315 -0.000175583   0.273019 -0.000175583   0.273019 -0.000175583   0.273019 0
