46
  0.471532   0.383749   0.471532   0.383749   0.471532   0.383749    1.00024   0.797875    1.00024   0.797875    1.00024   0.797875 0
  0.476956   0.379762   0.472043   0.378513   0.466651   0.377935   0.987039   0.651401   0.978133   0.764437   0.971763    0.89169 0.597006
  0.479395    0.37389   0.472469   0.373269   0.465067   0.372794   0.963596   0.569073   0.955937   0.733016    0.94856    0.90901 0.995919
  0.480826   0.370082   0.472669   0.368012   0.463556   0.368087   0.948283   0.519305   0.933518   0.706996   0.927266   0.926317 0.989133
  0.481788   0.362572   0.472387    0.36276   0.462133   0.363899   0.916746   0.465845   0.910771   0.692555   0.908268   0.943608 0.998668
  0.481466   0.357057    0.47146   0.357582   0.460776   0.360189   0.892843    0.45131   0.887882   0.693907   0.891363   0.961235 0.996842
  0.481493   0.350537   0.470139    0.35249   0.459375   0.355945   0.864879    0.42433   0.865074   0.705112   0.872142   0.977757 1
  0.481111    0.34545   0.468919    0.34737   0.458575   0.351805   0.842773   0.412956   0.842218   0.713751   0.853793   0.980269 1
   0.48069   0.340837   0.467648   0.342274   0.458127   0.345927   0.822671   0.404452   0.819433   0.723718   0.828245     0.9673 0.99183
  0.480105   0.336704   0.466668   0.337091    0.45814   0.338532   0.804511   0.401811   0.796479   0.726327   0.796514   0.937111 1
  0.480022   0.331466   0.466712   0.331838   0.458157   0.331241   0.781969   0.382669   0.773967   0.704064   0.765234   0.907273 0.998668
  0.480021   0.325004   0.466554   0.326569   0.458645   0.326213   0.754236   0.356588    0.75124   0.686578   0.744009   0.875218 1
  0.479402    0.32097   0.466855   0.321327   0.459034   0.321114   0.736473   0.355157   0.728959    0.65818   0.722403   0.845285 1
  0.479811   0.316865   0.467364   0.316085   0.459451   0.315678   0.719153   0.328764   0.706825   0.624777   0.699373   0.813298 0.999614
  0.480007   0.310887   0.468162   0.310891   0.459908   0.311433   0.693637   0.299898   0.685108   0.584618   0.681483   0.785179 1
  0.480534   0.306934    0.46889    0.30568    0.46018   0.305444   0.677051   0.271262   0.663271   0.546075   0.655976   0.754463 1
  0.480576   0.300267   0.469419   0.300445   0.460389   0.299462   0.648468   0.243342   0.641186   0.512206   0.630454   0.725262 1
  0.480315   0.295225   0.469879   0.295208   0.460757   0.294218   0.626639   0.229253    0.61904   0.479994   0.608211   0.695258 1
  0.480805   0.290833   0.469761   0.289944   0.460767   0.287887   0.608142   0.199722   0.596364   0.461579   0.581045   0.669445 1
  0.481203   0.285877   0.469775   0.284684   0.461824   0.282693   0.587158   0.170158   0.573795   0.440006    0.55952   0.623055 0.995506
  0.481486   0.279982   0.470557   0.279484   0.462189   0.279919   0.562063   0.139534   0.552043   0.400212   0.547877   0.603073 0.995181
  0.481589   0.273916   0.470871   0.274238    0.46222   0.273856   0.536103   0.112561   0.529754   0.371456   0.521877   0.577858 1
  0.481787   0.266992   0.470825   0.268972    0.46189   0.268361   0.506531  0.0798391   0.507119   0.351301   0.498054   0.563591 0.999899
  0.481487    0.26084   0.471749   0.263795   0.461432   0.263118   0.479907  0.0622034   0.485569   0.308193    0.47522   0.553421 0.998539
  0.481171   0.254065   0.471958    0.25854    0.46107   0.257791   0.450603  0.0424298   0.463164   0.281931   0.452099   0.540617 0.998829
  0.480406   0.248792    0.47182    0.25328   0.460532   0.252341   0.427418  0.0395325   0.440492   0.264009   0.428317   0.531523 1
  0.479689   0.242962   0.470325   0.248241   0.459805   0.247947   0.401883  0.0332296   0.417785   0.279602   0.408934   0.531257 0.997012
  0.478453   0.238452   0.468045   0.243501   0.458727   0.244611   0.381637  0.0447053   0.395798   0.315261   0.393842   0.543684 1
  0.477322   0.234153   0.465916   0.238688   0.457384   0.240571   0.362366   0.054536   0.373605    0.34697   0.375535   0.559654 1
  0.475955   0.229107   0.464726   0.233546   0.456099   0.235997   0.339725  0.0670173   0.350678   0.354823   0.354974   0.572069 1
  0.474642   0.224639   0.463182   0.228541   0.454825    0.23195   0.319601  0.0805223   0.328084    0.37172   0.336689    0.58634 0.998572
  0.472067   0.219124   0.461064   0.223739   0.453156   0.227641   0.294075   0.120133   0.305949   0.403225   0.316989   0.609038 1
  0.470463   0.215834   0.459702   0.218653   0.451628   0.223557   0.278799   0.145393   0.283135   0.415425   0.298359   0.629276 1
  0.468196   0.211034   0.456859   0.214156   0.449718   0.218944   0.256561   0.180499   0.261785   0.465589   0.277186   0.656548 0.996946
  0.466002   0.205178   0.454222   0.209661   0.447682   0.214428   0.229845   0.209571   0.240594   0.510803   0.256334   0.687242 0.939986
  0.463316   0.200744   0.451384   0.205192   0.444202   0.208349    0.20888   0.256233   0.219366   0.560978   0.227736   0.746344 0.984057
  0.459575   0.195256   0.448785   0.200638   0.441845   0.203892   0.182628    0.32397   0.197944   0.605054   0.206904    0.78497 0.786865
  0.456502   0.189509   0.446052   0.196135    0.43981    0.19926   0.155747   0.374628   0.176648   0.652542   0.185559    0.81518 0.450944
  0.454605     0.1853   0.443441   0.191584   0.438211   0.195787   0.136315   0.403214    0.15523   0.696907     0.1695   0.839584 0.444583
  0.452051   0.180357   0.442073   0.186485   0.435106   0.189464   0.113255   0.444637   0.132359   0.709201   0.140124   0.888675 0.341371
  0.449565   0.175767   0.440281   0.181592   0.432805   0.184722  0.0917629   0.485846    0.11007   0.732516   0.118109    0.92484 0.345744
  0.447578   0.171242   0.437549   0.177069   0.430602   0.179945  0.0709128   0.515327  0.0886868   0.779901  0.0960188   0.958493 0.530103
  0.446371   0.168221   0.435128   0.172399   0.428873    0.17518  0.0570733   0.532131  0.0668977   0.819238  0.0743222   0.980796 0.225281
  0.444999   0.164974   0.433513   0.167399   0.428174   0.168678  0.0421512   0.552005  0.0442721   0.837839  0.0459121   0.971328 0.0305767
  0.439387   0.161054   0.432502   0.162232   0.428677    0.16165  0.0212757   0.671057  0.0213668   0.841282   0.016112   0.930872 0.0141606
  0.431691   0.157036   0.431691   0.157036   0.431691   0.157036 -0.00151876   0.839799 -0.00151876   0.839799 -0.00151876   0.839799 0
