69
  0.546426   0.654538   0.546426   0.654538   0.546426   0.654538 0.00651317   0.590339 0.00651317   0.590339 0.00651317   0.590339 0
  0.559272   0.657577   0.549168   0.650577   0.541585   0.645615 0.00917025   0.708717  0.0248073   0.604059  0.0354233   0.526251 0.501219
   0.56438   0.655865   0.551987   0.646659   0.540368   0.638355  0.0214596   0.748467  0.0430249   0.618557  0.0619831   0.497577 0.986393
  0.567106   0.654425   0.555068   0.642954   0.543265    0.63206  0.0300427   0.768369   0.060712   0.635851  0.0894309     0.5068 0.978024
  0.569986   0.652948    0.55858   0.639658   0.547859   0.627297  0.0389388   0.789505  0.0773103    0.65788   0.112877   0.534483 1
  0.574602   0.650298   0.562417   0.636717   0.551085   0.624741  0.0542839   0.822673  0.0929076     0.6836   0.126312   0.555903 0.974909
  0.579508   0.647142   0.565954    0.63346   0.554728   0.621951  0.0719002   0.857072   0.109383   0.705943    0.14111   0.580327 1
  0.583595   0.643757   0.569124   0.629813   0.558006   0.619689  0.0894825   0.883843    0.12695    0.72415   0.153469   0.602934 0.99565
  0.588402   0.640181   0.572508   0.626403   0.560907   0.616637   0.108606   0.916339   0.143843   0.744784   0.168444     0.6203 0.999196
  0.592759   0.634253   0.575955   0.623027   0.563703    0.61312   0.136269    0.93906   0.160675   0.766058   0.185093   0.635606 1
  0.596431   0.629205   0.579153   0.619429   0.565779   0.610227   0.159784   0.958088   0.178084   0.784629   0.198537   0.646261 0.994273
  0.600619   0.623232   0.582002   0.615547   0.566824   0.607421   0.187432   0.979245   0.196196    0.79947   0.210497   0.648249 0.996205
  0.602668   0.617992   0.584612    0.61146   0.568847   0.604466   0.209873   0.983792   0.214829    0.81174   0.224119   0.658293 1
  0.604168   0.612799   0.586263   0.606977   0.570051   0.602001   0.231517   0.983724   0.233913   0.814754   0.234945   0.662508 1
  0.606286   0.606899   0.586973   0.602179    0.57021   0.597992   0.256574   0.987209   0.253158   0.808867   0.250541    0.65384 1
  0.608026   0.599956   0.587451   0.597385   0.570777   0.594751   0.285217   0.984834   0.272127   0.800981   0.263638   0.650612 1
  0.606294   0.592937   0.587556   0.592582   0.571446   0.592471   0.310278   0.952322   0.290717   0.789858   0.273152   0.650671 1
  0.606893   0.585207   0.587257   0.587759    0.57148   0.589249   0.340676   0.938132   0.308933   0.775202   0.285584   0.642895 1
  0.606005   0.578561   0.586615   0.582972   0.571181   0.584767   0.365244   0.913835   0.326625   0.757687   0.302484   0.629094 1
  0.604258   0.573176   0.585629   0.578285    0.57044   0.581315   0.384002   0.885287   0.343548   0.737446   0.314935   0.614065 1
  0.602018   0.567247   0.584305   0.573607   0.568779   0.578053   0.404302    0.85113   0.360062   0.714319   0.325625   0.591575 1
  0.599107   0.561524   0.582182   0.569302   0.567365   0.575298   0.423059   0.811697   0.374248   0.685234    0.33464   0.572487 1
  0.595488   0.555878   0.578989   0.565701   0.566505    0.57327   0.440733   0.766358   0.384531   0.648678   0.341479   0.559986 1
  0.591216   0.551033   0.575679   0.562183   0.563781   0.570373   0.454594   0.717387   0.394365   0.611331    0.34958   0.529245 1
  0.587432   0.547534    0.57232   0.558738   0.559525   0.566178   0.463827   0.675996   0.403862   0.573745   0.360958   0.482043 1
  0.583661   0.543508   0.568827   0.555409   0.556662   0.563317   0.475097   0.633405   0.412764    0.53529   0.368765    0.45019 1
  0.580127   0.540076   0.565531   0.551893   0.553107   0.559712    0.48435   0.594332   0.422603   0.498064   0.378661   0.410517 1
  0.576798   0.536232   0.562682    0.54801   0.550328   0.556778   0.495414   0.556007   0.434355   0.463775   0.386839   0.379207 1
  0.573322   0.532643   0.559968   0.544018   0.547401   0.553471   0.505337   0.517044   0.446678   0.430379   0.396289   0.345689 1
  0.569941   0.529087   0.556999   0.540224   0.543967   0.548942   0.515237   0.478986   0.457953   0.395277   0.409872   0.304739 1
  0.568194    0.52604   0.553941   0.536497   0.541475   0.545128   0.525005   0.456297   0.468871   0.359576   0.421757   0.273697 1
  0.564514   0.522009   0.550784   0.532851   0.537696   0.540153   0.536396    0.41447   0.479368   0.323229    0.43667    0.22865 1
  0.562395    0.51972   0.547703   0.529146   0.535307   0.536509   0.542835   0.390468   0.490176   0.287384   0.448016   0.198928 1
  0.560565   0.517164   0.545078     0.5251   0.532611   0.532284   0.550621   0.368287   0.502806   0.254616   0.461253   0.165101 1
  0.558907   0.514118   0.542964   0.520772    0.53036   0.528015   0.560482   0.346366   0.517089   0.225551    0.47516   0.135006 1
  0.556575    0.51108   0.541033   0.516351   0.527826   0.523654   0.569564    0.31865   0.531933    0.19783   0.489102   0.102239 1
  0.555916    0.51045   0.539139   0.511914   0.526078   0.518014    0.57125   0.311388   0.546884   0.170389   0.508839  0.0730432 1
  0.555486    0.50769   0.537739   0.507312   0.524674   0.508232   0.581384   0.300773   0.563019     0.1468   0.544888  0.0364442 1
  0.555433   0.505275   0.537203   0.502513   0.525461   0.496962   0.590613   0.294262   0.580878    0.13016   0.589113  0.0150084 1
  0.556324   0.503371   0.537848   0.497732   0.527633   0.492411    0.59893   0.297184   0.599985   0.123752   0.609038  0.0223424 1
  0.557701   0.500505   0.539841   0.493356   0.530282   0.486234    0.61149   0.301883    0.61904   0.129981   0.635753  0.0297199 0.998616
  0.559138   0.497605   0.542928   0.489661   0.533467   0.481097   0.624246   0.307009   0.636696   0.147347   0.659068   0.044321 1
  0.561368    0.49481    0.54653   0.486429   0.537121   0.477374   0.637485   0.319239    0.65315   0.170312   0.677464  0.0665116 0.999095
  0.563708   0.492162   0.550316   0.483472   0.540213    0.47414   0.650283   0.332792   0.668749   0.195552   0.693355  0.0850758 0.928664
  0.566014   0.490294   0.554371   0.480854    0.54481   0.471334   0.660041   0.347991   0.683345   0.223963    0.70928    0.11768 0.939231
  0.567639   0.488814   0.558318   0.478085   0.550054   0.468322   0.667548     0.3583   0.698403   0.251061   0.726722   0.155361 0.9325
  0.569672    0.48725   0.562095    0.47509   0.555078   0.465437   0.675836   0.371918    0.71414   0.276128   0.743427   0.191459 0.773172
  0.573894   0.483904   0.565937   0.472174   0.560347    0.46302   0.693418   0.399944   0.729642    0.30196   0.758604    0.23084 0.797086
  0.577054   0.481964   0.569954   0.469511   0.564725   0.460937   0.704407    0.42233   0.744372   0.329928   0.771506   0.263371 0.840178
  0.579965   0.479619   0.574271   0.467383   0.568971   0.458527   0.716676   0.441558   0.757378   0.361827   0.785517   0.293954 0.830579
  0.582693   0.478079   0.578711   0.465487   0.572487    0.45697   0.725648   0.461229   0.769625   0.395368   0.795433   0.320373 0.830888
  0.586644   0.475914    0.58288   0.463069   0.577319   0.453928   0.738384   0.489878    0.78358   0.425258   0.812524   0.354422 0.789084
  0.592676   0.472409   0.586952   0.460484   0.581135   0.452513     0.7586   0.533116   0.798068   0.453896   0.822231   0.383777 0.704051
   0.59723   0.470224   0.591094   0.458026   0.585581   0.450005   0.772089    0.56691   0.812147   0.483461    0.83684   0.415838 0.663999
  0.601882   0.467862   0.595344   0.455743   0.590456   0.447959   0.786367   0.601106   0.825676   0.514386    0.85015   0.452748 0.704695
  0.605608      0.466   0.599675   0.453628   0.595314   0.445897    0.79769    0.62858   0.838643   0.546436   0.863508   0.489477 0.586544
  0.610135   0.463878   0.604095   0.451711   0.599825   0.443961   0.810907   0.662296   0.850954   0.579748   0.875989   0.523527 0.721847
  0.614412   0.461962    0.60858   0.449934   0.604879   0.441314   0.823051   0.694381   0.862796   0.613972   0.891815   0.560484 0.67047
  0.618159    0.46086   0.613104   0.448277   0.609772    0.43945   0.831474   0.723929   0.874222   0.648835   0.904447   0.598002 0.668053
  0.623067   0.459139   0.617763   0.447054   0.614576   0.438297   0.843575   0.761941   0.884127   0.685951   0.914248   0.636536 0.660239
  0.628032    0.45692   0.622491   0.446074   0.618907   0.436934   0.857652   0.799194   0.893176   0.724262   0.924324   0.670472 0.414048
  0.632822    0.45465   0.627185   0.444996   0.623724   0.435075    0.87173    0.83482   0.902565    0.76204   0.936852   0.707352 0.492837
  0.636532   0.452924   0.631841   0.443737   0.627572   0.433757   0.882513   0.862484   0.912604    0.79903   0.946218   0.737237 0.577903
   0.64082   0.451672   0.636384   0.442129    0.63185   0.432394   0.892117   0.896328   0.923864   0.834183   0.956241   0.770707 0.574296
  0.644285   0.447587   0.640772    0.44013   0.636455   0.431389   0.911694   0.915971   0.936451   0.867012   0.965246   0.807906 0.647176
  0.647344   0.441788   0.645015   0.437843    0.64033   0.430135   0.937413   0.927837   0.949985   0.897876   0.974397    0.83817 0.740629
   0.65142   0.439177   0.649154   0.435371   0.645309   0.428627   0.952007   0.956437   0.964115   0.927373   0.985758   0.877331 0.744195
  0.655845   0.435045   0.653235   0.432804   0.652173   0.428153   0.972842   0.984251   0.978544   0.956137   0.995247    0.93533 0.404163
  0.657296   0.430206   0.657296   0.430206   0.657296   0.430206   0.993071   0.984645   0.993071   0.984645   0.993071   0.984645 0
