43
   0.91344   0.654739    0.91344   0.654739    0.91344   0.654739 -0.00274109   0.439169 -0.00274109   0.439169 -0.00274109   0.439169 0
  0.918811   0.651561   0.915249   0.649646   0.908451   0.647653  0.0121417   0.589836  0.0204211   0.487371  0.0287294   0.292865 0.770979
  0.923617   0.645933   0.916848   0.644488   0.906911   0.642691  0.0380159    0.72289  0.0438575   0.529548  0.0509651   0.245963 0.9626
  0.927758    0.63854   0.917485   0.639109   0.906145   0.640002  0.0717917   0.835928   0.068193   0.544257   0.063021   0.222464 0.945811
  0.928902   0.628866   0.915844   0.633981   0.905665   0.637418   0.115554    0.86232  0.0911657   0.494366  0.0746321   0.207198 0.918703
  0.928729   0.623986   0.913803   0.629006   0.904818   0.632077   0.137558   0.854295   0.113405   0.433192  0.0986479   0.179716 0.912239
  0.928831   0.618955   0.913209   0.623585   0.903971   0.627051   0.160269   0.854009   0.137805    0.41287   0.121239   0.152482 0.952271
  0.928853   0.613706   0.912564   0.618268   0.903066   0.622598   0.183957   0.851322   0.161735   0.391162   0.141243   0.123927 0.963366
  0.928155   0.610531   0.911596   0.612921   0.902751   0.615072   0.198212   0.829469   0.185763   0.360281   0.175166   0.110198 0.978022
  0.927405    0.60748   0.911434   0.607543   0.902394   0.609097     0.2119   0.806211    0.21001   0.352273    0.20209  0.0962851 0.980506
  0.926058   0.603947   0.911275   0.602124    0.90183   0.603835   0.227709   0.765682   0.234448   0.344303   0.225779  0.0769061 0.909254
  0.926092    0.59768   0.911826   0.596775   0.901406   0.598492    0.25599   0.762695   0.258636   0.356598   0.249843  0.0614674 0.987954
  0.926091   0.591201   0.912279   0.591392   0.901022   0.592986   0.285224    0.75855   0.282974    0.36606    0.27465  0.0470802 0.982598
   0.92635   0.585964   0.912879   0.586028    0.90128   0.587073   0.308878   0.762601   0.307235   0.379708   0.301355  0.0506604 0.988511
   0.92667   0.580734   0.913553   0.580666   0.901283   0.580834   0.332507   0.768389   0.331496   0.395485   0.329507  0.0467968 0.977817
  0.926922    0.57591   0.914064   0.575288   0.901283    0.57421   0.354302   0.772506   0.355814     0.4066   0.359395  0.0425859 0.933028
  0.927337   0.570274   0.914586   0.569911   0.901283   0.567504   0.379773   0.780732    0.38013   0.418021    0.38965  0.0383396 0.994453
  0.927479   0.563645   0.915382   0.564568   0.901273   0.560555   0.409698   0.780568   0.404318   0.437286   0.421006  0.0336765 0.939001
  0.927581   0.559881   0.915668    0.55918   0.901579   0.554732   0.426692   0.781085   0.428656      0.442   0.447308  0.0386847 0.982451
  0.928101   0.554108   0.915627   0.553773   0.902257   0.549363   0.452791   0.792218   0.453051   0.437406   0.471605  0.0545544 0.969239
  0.928477   0.549106   0.915586   0.548374   0.903092   0.545335     0.4754   0.799719   0.477407   0.432824   0.489862  0.0757388 0.976238
   0.92943   0.544393   0.915725    0.54297   0.903968   0.541149    0.49676   0.823827   0.501804   0.433338   0.508837  0.0979964 0.979944
  0.930198   0.540599   0.916565   0.537633   0.904709   0.536211   0.513957    0.84327   0.525969   0.453855   0.531195   0.115935 1
  0.930444   0.534339   0.916789   0.532236   0.905444   0.530787   0.542226   0.846276   0.550345    0.45679   0.555741   0.133371 1
  0.931658   0.528141   0.918029   0.526976    0.90619   0.525547   0.570314   0.876864   0.574201   0.488719   0.579459   0.151284 1
  0.932144   0.523669   0.919877   0.521901   0.906942   0.520622   0.590541   0.887855   0.597287   0.538027   0.601759   0.169516 0.996929
  0.933206     0.5191     0.9216   0.516779   0.907734   0.515504   0.611267   0.915163   0.620573   0.583778    0.62493   0.188814 0.999048
   0.93419   0.514634   0.922704   0.511492   0.908333   0.510807   0.631515   0.940306   0.644537   0.611811   0.646182   0.202862 0.999844
  0.934682   0.507579   0.922985   0.506092   0.908939   0.505548   0.663399   0.949802   0.668931   0.616368   0.669975   0.216737 0.991605
   0.93517   0.500943   0.922914   0.500697   0.909619   0.501294    0.69339    0.95949   0.693268   0.610926   0.689236   0.233383 0.957842
  0.935779   0.495471   0.922921   0.495283   0.910135   0.496573    0.71814   0.973338   0.717694   0.607711   0.710591   0.245066 0.971584
  0.935468   0.488481    0.92169   0.490044   0.910364   0.490552   0.749647   0.960052   0.741211   0.569401    0.73778    0.24776 0.976567
  0.934977   0.481973   0.919756   0.485048   0.910664   0.484769   0.778965   0.941989   0.763559   0.511262   0.763904   0.252625 0.938546
  0.934559   0.475528   0.919693    0.47961   0.910358   0.479233   0.808004   0.926009    0.78809   0.506012    0.78885   0.240432 0.96883
  0.933349   0.470224   0.919972   0.474198   0.909939   0.474159   0.831815   0.888277   0.812536   0.510528   0.811703   0.225298 0.896449
  0.931858   0.465498   0.919231   0.468852   0.909415   0.469631   0.852988   0.842888   0.836583   0.486086   0.832081   0.207541 0.68897
  0.930492   0.460408   0.918671   0.463493   0.908935   0.464294   0.875816   0.800826   0.860707   0.466756   0.856115    0.19052 0.618969
  0.929293   0.454804    0.91816   0.458127   0.908072   0.460261   0.900981    0.76321   0.884868   0.448831   0.874226   0.163437 0.4964
  0.927547   0.449361   0.916385   0.452984   0.907582   0.455858   0.925365   0.710131   0.907899   0.395115   0.894046   0.146698 0.295177
  0.924936   0.444316    0.91446   0.447958   0.906329    0.45076   0.947865   0.632697   0.930383   0.337219   0.916919   0.107857 0.412442
  0.922543   0.439745   0.912634   0.442868    0.90486   0.445132   0.968249   0.561782   0.953164   0.282081   0.942166  0.0625406 0.466371
  0.915716   0.433653   0.910942   0.437738   0.903921   0.440123   0.995052    0.36386   0.976142   0.230748   0.964676  0.0326618 0.30562
  0.909102   0.432657   0.909102   0.432657   0.909102   0.432657   0.998884   0.175216   0.998884   0.175216   0.998884   0.175216 0
