95
  0.437064  0.0696022   0.437064  0.0696022   0.437064  0.0696022   0.135143   0.294905   0.135143   0.294905   0.135143   0.294905 0
  0.435994  0.0628882    0.43345  0.0675446   0.431345  0.0715127   0.100402   0.300157   0.123658    0.31996   0.143493    0.33638 0.770983
  0.434286  0.0584353   0.429846  0.0654638   0.426509  0.0712615  0.0771058   0.310764   0.112056   0.344934    0.14097   0.370795 0.796763
  0.430898  0.0547144   0.426238  0.0633864   0.422281  0.0705137  0.0571387   0.333617   0.100471   0.369939   0.136052   0.400689 0.882312
  0.426599   0.052815   0.422533  0.0614941   0.419225  0.0697548  0.0462911   0.363615  0.0898112   0.395696   0.131376   0.422227 0.864162
  0.422253  0.0516863    0.41866  0.0599758   0.416193  0.0699067  0.0393877   0.394217  0.0810283    0.42279   0.131383   0.443906 0.873064
  0.417814  0.0499208   0.414631  0.0589614   0.412358  0.0699823  0.0291917    0.42526  0.0747925   0.451173   0.130793   0.471296 0.846705
  0.412547  0.0491744   0.410492  0.0585071   0.408625  0.0697797  0.0240161    0.46257  0.0714043   0.480539     0.1288   0.497857 0.868324
  0.406942  0.0489007   0.406327  0.0585414   0.405321   0.070096  0.0211811   0.502459  0.0705183   0.510263   0.129581   0.521537 0.800231
  0.401467  0.0485865   0.402191  0.0589572   0.402109  0.0708379  0.0181713   0.541405  0.0715974   0.539919   0.132571   0.544716 0.785318
  0.395245  0.0483774   0.398083  0.0596137   0.398423   0.071502  0.0155103   0.585723  0.0739205   0.569454    0.13504   0.571248 0.775144
   0.38884  0.0491422    0.39399   0.060358   0.394754  0.0721372  0.0178029   0.631687  0.0766972   0.598924   0.137365   0.597643 0.856879
  0.384543  0.0508744   0.389881  0.0610346   0.391798  0.0728945     0.0256   0.662953  0.0791229   0.628472   0.140498   0.619006 0.756994
   0.38075  0.0492326   0.385779    0.06173   0.389211   0.073863  0.0162034   0.689432  0.0816459   0.657985   0.144811   0.637805 0.653988
  0.373827  0.0494315   0.381752  0.0627685    0.38669  0.0749202  0.0154586   0.738895  0.0859505    0.68708   0.149595   0.656159 0.864509
  0.368991  0.0521333   0.377883  0.0643019    0.38415  0.0759981  0.0280956   0.774348  0.0928356   0.715225   0.154481   0.674666 0.877225
  0.363723   0.054584   0.374252  0.0663189   0.381777  0.0776077  0.0393331   0.812799   0.102265   0.741845   0.162139   0.692165 0.874682
  0.359719  0.0580241   0.370826  0.0686863   0.378799  0.0789702   0.055973   0.842586   0.113544   0.767126   0.168374   0.713891 0.683237
  0.356408  0.0607501   0.367519  0.0712212   0.377028  0.0802269  0.0691231   0.867172   0.125714   0.791621   0.174374   0.726972 0.793873
  0.351207  0.0637646   0.364442  0.0740109   0.375305  0.0816834  0.0832726   0.905343   0.139251   0.814556   0.181412   0.739779 0.763006
  0.347458  0.0688198   0.361827  0.0772593   0.373937  0.0827285   0.108268   0.933884   0.155261   0.834365   0.186429   0.749911 0.773526
  0.343643  0.0736963   0.359971  0.0809717    0.37318  0.0838327   0.132331   0.962828   0.173847   0.848922   0.191904     0.7557 0.798035
  0.341681  0.0831418    0.35915  0.0850406   0.372777  0.0857043   0.180322   0.980175   0.194526   0.856221    0.20141   0.759242 0.814566
  0.344954  0.0892003   0.359363  0.0892111   0.372361  0.0880502    0.21226    0.95897   0.215991   0.856182   0.213348   0.763037 0.798035
  0.347501  0.0976422   0.360504  0.0932095   0.372014  0.0907592   0.256249   0.943793    0.23681   0.849459   0.227167   0.766474 0.88578
  0.351624   0.101552   0.362428  0.0968928   0.372049   0.093753   0.277373   0.915764    0.25621    0.83704   0.242545    0.76729 0.87237
  0.356117   0.106916   0.364978   0.100175   0.372604  0.0966501    0.30606   0.885617   0.273713   0.820013    0.25756   0.764357 0.957341
  0.361084   0.109401   0.367999   0.103046   0.374104  0.0992567   0.320081    0.85106   0.289222   0.799474   0.271325   0.754578 1
   0.36496   0.112831   0.371362     0.1055   0.376545   0.101034    0.33868   0.824627   0.302677   0.776352   0.281073   0.737794 0.474335
  0.369202   0.115173      0.375   0.107506   0.378824   0.102088   0.351788   0.795195   0.313901   0.751108   0.287064   0.721909 0.865087
  0.374075   0.116768    0.37884   0.109103   0.382342   0.102892   0.361219   0.760994   0.323083   0.724284   0.292089   0.697094 0.584046
  0.377426   0.118268   0.382769   0.110491   0.385917   0.104505   0.369772   0.737619    0.33121   0.696742   0.301282   0.672161 0.869826
  0.380715   0.121262   0.386694   0.111869    0.38914   0.105334   0.385982   0.715212   0.339287   0.669229   0.306358   0.649468 0.636185
  0.386283   0.122364   0.390556   0.113405   0.394787     0.1059   0.393061   0.675884   0.348159   0.642224   0.310706   0.609378 0.750058
  0.389668   0.124837   0.394338   0.115146    0.39802   0.107591   0.406619    0.65261   0.358059   0.615863   0.320211   0.586913 0.886127
  0.394375   0.127759   0.398074   0.116981   0.401662   0.108995   0.422821   0.620066   0.368433   0.589858   0.328349   0.561428 0.784046
  0.397457   0.129521   0.401786   0.118855    0.40537   0.110756   0.432657   0.598703   0.378999   0.564042   0.338334   0.535601 0.892832
  0.399796   0.131388   0.405476   0.120778    0.40903   0.112723   0.442834   0.582683   0.389812   0.538396   0.349369   0.510187 0.896301
  0.404589   0.132908   0.409175   0.122688   0.413778   0.113523   0.451862   0.549026   0.400563   0.512685   0.354685   0.476597 0.740462
  0.408789    0.13412   0.412934   0.124465    0.41765   0.115576   0.459154   0.519489   0.410644   0.486497   0.366213   0.449702 0.713757
  0.411314   0.135987   0.416769   0.126074   0.420522   0.117342   0.469382   0.502142   0.419884    0.45971   0.376011   0.429837 0.856879
   0.41395   0.137716    0.42066   0.127563    0.42525   0.118887   0.478933   0.483945   0.428522   0.432478   0.385152   0.396656 0.900116
  0.416258   0.139668   0.424502   0.129157   0.429786   0.121932   0.489542   0.468176   0.437686   0.405636   0.401943   0.365374 0.853642
  0.420666   0.141398    0.42815   0.131147   0.433476   0.124301   0.499552   0.437344   0.448833   0.380318   0.415042   0.339892 0.746821
  0.425571   0.142768   0.431539   0.133566   0.437397   0.126324   0.507836   0.402833   0.462113   0.356999   0.426431   0.312637 0.886705
  0.430097   0.144681   0.434667   0.136309   0.441252   0.127914   0.518808   0.371222   0.476996   0.335649   0.435578   0.285699 0.407283
  0.433002   0.145974   0.437697   0.139163   0.445071   0.130722   0.526188   0.350956   0.492421   0.315049   0.450966   0.259451 0.523931
  0.434378   0.148826    0.44081   0.141916   0.447491   0.132862   0.541183   0.342154    0.50735   0.293817   0.462569   0.242944 0.816763
  0.436506   0.151715   0.444032    0.14455   0.452218   0.135154   0.556555   0.327994   0.521693   0.271766   0.475545   0.210034 0.698844
  0.437835   0.155056   0.447295   0.147146   0.456337   0.138829   0.574048   0.319697    0.53585   0.249406   0.495461   0.181952 0.914104
  0.440165   0.157877   0.450362   0.149944   0.461443    0.14248   0.589125   0.304073   0.550999   0.228515   0.515504   0.146815 0.774798
  0.442902    0.15976   0.453041   0.153123   0.464512   0.147099   0.599487   0.285218   0.568003   0.210533   0.540003   0.126559 0.749017
  0.445021    0.16177   0.455366   0.156583   0.467416   0.149831   0.610347   0.270811   0.586358   0.195172   0.554769    0.10681 0.915954
  0.446382   0.164064   0.457392   0.160214   0.470503   0.153485   0.622471   0.261918   0.605519   0.182007   0.574316  0.0860819 0.828555
  0.447865   0.166892   0.459127   0.163993   0.472172   0.158739   0.637372   0.252336   0.625359   0.170967   0.601717  0.0760439 0.920116
  0.448698   0.170365   0.460599   0.167889   0.473649   0.163648   0.655411   0.247625   0.645738   0.161847   0.627295  0.0672419 0.941387
   0.44933    0.17402   0.461876   0.171849   0.476826   0.167891   0.674337   0.244414   0.666391   0.154138   0.649887  0.0460859 0.919769
  0.449886   0.177069   0.462934   0.175862    0.47833   0.172704   0.690135   0.241532   0.687265   0.148013   0.674978  0.0370605 0.845087
  0.450288   0.179791   0.463607   0.179985   0.480245   0.179629    0.70421   0.239623   0.708601   0.144674    0.71102  0.0258497 0.751907
  0.450535   0.182767   0.463639   0.184151   0.479561   0.187737   0.719549   0.238915   0.729999   0.145927    0.75247  0.0336058 0.761734
  0.450645   0.185894   0.462704    0.18816   0.476735   0.193303   0.735634    0.23924   0.750343   0.154018   0.780324  0.0557432 0.818728
  0.450458   0.189069   0.460945   0.191953   0.472064   0.197304   0.751888   0.241699   0.769369   0.167909   0.799673  0.0904856 0.915029
  0.450175   0.192379   0.458915   0.195609    0.46935   0.201574   0.768807   0.244897   0.787619   0.183688   0.820904   0.111361 0.936994
  0.449447   0.195293   0.456815   0.199178   0.466559   0.204942    0.78358   0.251117   0.805406   0.199932   0.837482    0.13246 0.915376
  0.447681   0.197978   0.454576    0.20268   0.463675   0.207741   0.796914   0.264674   0.822814   0.217146   0.851115   0.154029 0.8963
  0.444801   0.200526   0.452136   0.206064   0.459453   0.211706   0.809263   0.286118   0.839562   0.235755   0.870395   0.185558 0.898497
  0.441721   0.202865   0.449442   0.209236   0.454813   0.214429   0.820486   0.308925    0.85516   0.256101   0.883191   0.219623 0.982775
  0.439707    0.20453   0.446446    0.21211   0.451996   0.217232   0.828517   0.323878   0.869152   0.278494   0.896864   0.240716 0.853988
  0.437619   0.206045   0.443115   0.214607   0.447469   0.220435   0.835764   0.339313   0.881121   0.303138   0.912153   0.274143 0.693063
   0.43463   0.207926   0.439498   0.216674   0.442155   0.221687   0.844659   0.361303    0.89081   0.329678   0.917225   0.312496 0.851445
  0.431162   0.209551   0.435671   0.218295   0.438677   0.223638   0.852114    0.38662   0.898156   0.357553   0.926351      0.338 0.891445
   0.42794   0.210832   0.431714   0.219581   0.435507   0.225058    0.85787   0.410059   0.903749   0.386236   0.932833   0.361118 0.861272
  0.424566   0.212046   0.427703   0.220687   0.432159   0.227616    0.86324   0.434561   0.908404   0.415249   0.945114    0.38591 0.886358
  0.421106   0.213143    0.42369   0.221788   0.427234   0.229192   0.867991   0.459636   0.913029   0.444263   0.951944   0.421607 0.8
  0.417594   0.213997   0.419706   0.222986   0.422025   0.230436    0.87148   0.484991   0.918168   0.473109   0.957003    0.45921 0.745896
  0.413476   0.215103   0.415717   0.224169   0.418147   0.231662   0.876105   0.514763   0.923219   0.501988    0.96231   0.487309 0.81711
  0.409613    0.21615   0.411693   0.225226   0.414552   0.233118   0.880497   0.542695   0.927623   0.531074   0.968869   0.513472 0.759884
  0.405774   0.216839   0.407638   0.226165   0.411069    0.23432   0.883054   0.570322   0.931409    0.56033   0.974151   0.538744 0.70867
   0.40204   0.217478   0.403559   0.226978   0.405893   0.235162    0.88538   0.597188   0.934543    0.58972   0.977152    0.57597 0.832717
  0.398208   0.218067   0.399448   0.227608   0.401439   0.236697   0.887429   0.624736   0.936724   0.619273   0.983898   0.608293 0.803121
  0.394289   0.218788   0.395308   0.228044   0.396962   0.237619   0.890129   0.652947   0.937906   0.648964   0.987488   0.640555 0.760809
  0.390594   0.219648   0.391159   0.228359   0.391503   0.237673   0.893604   0.679613   0.938468   0.678675   0.986373   0.679517 0.751907
  0.387197   0.219657   0.387011   0.228642   0.386499   0.237137    0.89278   0.703852   0.938864   0.708365   0.982346   0.715026 0.72104
  0.383498   0.219057   0.382861    0.22898   0.381232   0.237185   0.888759   0.730029    0.93954    0.73809   0.981244   0.752623 0.838381
  0.379689   0.218681   0.378704   0.229238   0.377174   0.236216   0.885857   0.757066   0.939803   0.767835   0.975234   0.781224 0.909942
  0.376683    0.21796   0.374543    0.22907   0.372151   0.236394    0.88139   0.778261   0.937878   0.797464   0.974868   0.817124 0.968786
  0.373521   0.217108   0.370484   0.228218   0.365611   0.236351   0.876205   0.800516    0.93247   0.826119   0.972979   0.863762 0.910289
  0.370877   0.216596   0.366707   0.226526   0.359191   0.235961   0.872906   0.819195   0.922821   0.852466   0.969341   0.909427 0.978613
  0.368353   0.215547   0.363271   0.224135   0.353328   0.235231   0.866877   0.836829   0.909666   0.876128   0.964098   0.950995 0.887399
  0.365399   0.214656   0.360168   0.221341   0.349415   0.231905   0.861546   0.857586   0.894531   0.897272   0.946023   0.977734 0.640925
  0.362952   0.213901   0.357468   0.218207   0.349055    0.22473   0.857046   0.874777   0.877754   0.915426   0.909096   0.977754 0.905202
  0.360865    0.21139   0.355249   0.214699   0.349111   0.218182   0.843623   0.888774   0.859181   0.930014   0.875495   0.975034 0.764971
  0.358468   0.208748   0.353392   0.210951   0.348834   0.213115   0.829447   0.904936   0.839464   0.941935   0.849411   0.975218 0.656879
  0.354444   0.204881   0.351713   0.207139   0.348591    0.20843    0.80857   0.932273   0.819465   0.952561   0.825295   0.975293 0.627283
   0.35011   0.203315    0.35011   0.203315    0.35011   0.203315   0.799422    0.96264   0.799422    0.96264   0.799422    0.96264 0
