80
   0.91141  0.0812694    0.91141  0.0812694    0.91141  0.0812694   0.916018    1.00528   0.916018    1.00528   0.916018    1.00528 0
  0.906635  0.0674257   0.906379  0.0813953   0.906907  0.0886188   0.957111   0.956911   0.913378   0.969381   0.891059   0.980559 0.970527
  0.901836  0.0608514   0.901341  0.0815302   0.901502  0.0949934   0.975495   0.915819   0.910707   0.933451   0.868742   0.948389 1
  0.897441  0.0568814   0.896303  0.0815612   0.896548   0.098365   0.985928   0.880285   0.908361   0.897406   0.856003   0.916371 1
  0.893508  0.0549293    0.89128   0.081261   0.890039   0.101431   0.990268    0.85013   0.907055   0.861137   0.843522   0.872903 1
  0.888449  0.0532675   0.886265  0.0807786   0.886119   0.102998   0.993197   0.812207   0.906322    0.82474   0.836879   0.846444 1
   0.88368  0.0521445   0.881244   0.080391   0.882282   0.104152   0.994574   0.776911    0.90529   0.788389   0.831562   0.820148 1
   0.87827  0.0510049   0.876214   0.080216   0.878261   0.104884   0.995717   0.737007   0.903591   0.752194   0.827482   0.792111 1
  0.872078  0.0501483   0.871183  0.0800291   0.874283   0.105547   0.995626   0.691794   0.901928   0.715981   0.823635   0.764311 1
  0.863249  0.0498868    0.86616  0.0795188    0.86824   0.105716     0.9925   0.628311   0.901278   0.679497    0.82041   0.721213 1
   0.85588  0.0506157   0.861137  0.0792866   0.864084    0.10615   0.986934   0.576299    0.89976   0.643293   0.817198   0.691903 0.989987
  0.849631  0.0515813   0.856139  0.0798322   0.859356   0.106626   0.981129   0.532546   0.895825   0.608068   0.813601   0.658535 0.988594
  0.843632  0.0526667   0.851251  0.0810517    0.85439   0.105466   0.975061   0.490705   0.889835    0.57432   0.815007   0.621791 0.989905
   0.83898  0.0539935   0.846508  0.0827646   0.852583   0.103664   0.968841   0.458753   0.882369   0.542117   0.819825   0.607008 0.996274
  0.832733  0.0563893   0.841897  0.0847835   0.850253   0.104468   0.958571   0.416479   0.874006   0.511167   0.816276   0.591149 0.983976
  0.828429  0.0580184   0.837349  0.0869376    0.84709   0.106333   0.951563   0.387329    0.86525   0.480812   0.809038   0.570415 0.965749
  0.821856  0.0609357   0.832743  0.0889641   0.844455   0.107987   0.939519   0.343257   0.856865   0.449906   0.802698   0.553244 0.956552
  0.815375  0.0646302   0.827977  0.0906436   0.841881   0.111012   0.925089   0.300635   0.849493   0.417498   0.792103   0.537906 0.949975
  0.808914  0.0688383   0.823333  0.0925675   0.837917   0.114718   0.909065   0.258683   0.841412    0.38622   0.778762   0.513319 0.938202
  0.803204  0.0733562   0.819077  0.0952368   0.835146   0.117985   0.892409   0.222427   0.831177   0.358482   0.767323   0.496827 0.9171
   0.79813  0.0781214   0.815181  0.0984436   0.832508   0.120013   0.875264   0.190976   0.819425   0.333872   0.759815   0.480015 0.909724
   0.79258  0.0839346   0.811596   0.101987   0.831355   0.121801   0.854635   0.157192   0.806759   0.311832   0.753717   0.473588 0.924204
  0.787977   0.089069   0.808235   0.105719   0.829209    0.12486   0.836548   0.129492   0.793606   0.291589   0.743205   0.461355 0.893977
  0.783861  0.0943571   0.804866   0.109477    0.82717    0.12655   0.818199   0.105437   0.780369   0.271311    0.73702   0.448489 0.895168
  0.779888  0.0998097   0.801633   0.113349    0.82506   0.128903     0.7994  0.0825742   0.766836   0.252129   0.728731   0.435789 0.88567
  0.777025   0.104449   0.799075   0.117661   0.823258   0.131962   0.783635  0.0668247   0.752228   0.238226   0.718374   0.426017 0.87469
  0.773269   0.111072   0.797018   0.122269   0.821882   0.135347   0.761279  0.0467111   0.736924   0.228215   0.707191   0.419631 0.892149
  0.770888    0.11651   0.795061   0.126904   0.819779   0.137749   0.743237   0.035233   0.721576   0.218953    0.69875   0.407036 0.883534
  0.768805   0.121668   0.793022    0.13151   0.818495   0.140851   0.726202  0.0256004   0.706283   0.209069   0.688492   0.401017 0.884649
  0.767077   0.126954   0.791111    0.13617   0.817524   0.143699   0.708924  0.0186429   0.690881   0.200156   0.679166   0.396985 0.866619
  0.765839   0.133245   0.789735   0.141012   0.816593   0.146986    0.68873    0.01622   0.675148   0.195262   0.668487   0.393685 0.88433
  0.764856   0.140315   0.788913   0.145984   0.816052   0.149956   0.666215  0.0164198   0.659258   0.194468   0.658972    0.39285 0.898314
  0.763733   0.145968   0.788353   0.150989   0.815858   0.155195   0.648065  0.0141675   0.643378   0.195587   0.642527   0.396823 0.891464
    0.7626    0.15085   0.787543   0.155954   0.814953   0.158282   0.632314  0.0110505   0.627514   0.194872   0.632486   0.393508 0.887581
  0.762162   0.158504   0.786568   0.160899   0.814636   0.161884   0.608219  0.0157561    0.61164   0.192953   0.621097   0.394927 0.873087
  0.762562   0.165633   0.785781   0.165875   0.814792   0.165441    0.58614   0.025915   0.595752   0.192412   0.610059   0.399681 0.86632
   0.76315   0.172115   0.785404   0.170891   0.814875   0.170425   0.566162  0.0367648   0.579922   0.194846   0.594536   0.405385 0.893019
  0.763526   0.178187   0.785457    0.17593   0.814851   0.175571   0.547372  0.0456737   0.564213    0.20039   0.578457   0.410476 0.880284
  0.761166   0.182937   0.785837   0.180954   0.815018    0.17976   0.531487  0.0336426   0.548693   0.208252   0.565451   0.415963 0.895547
  0.762238   0.189991   0.786637    0.18592   0.815693   0.183817   0.509941  0.0485426   0.533545   0.219069   0.553087   0.424949 0.887304
  0.765802   0.194748   0.787801   0.190825   0.816299   0.187563   0.496677   0.078932    0.51875    0.23242    0.54166   0.433125 0.876031
  0.766831   0.199211   0.788903   0.195739   0.817285   0.192415   0.483204  0.0908687   0.503898   0.245347   0.526952   0.445155 0.887462
  0.768091   0.205511   0.789513   0.200726   0.817263   0.198163   0.464095   0.106341   0.488602   0.254821   0.508995    0.45088 0.872226
  0.769029   0.211454   0.789595   0.205783   0.817916   0.202225   0.445958   0.119141   0.472846   0.260582   0.496601   0.459715 0.857711
  0.771595   0.216911   0.790265   0.210743   0.818702   0.205757   0.430064   0.143097   0.457657   0.270458   0.485925   0.468961 0.86401
  0.773409   0.220308   0.791821    0.21555   0.820092   0.210148   0.420268   0.159562   0.443346   0.286524   0.472835   0.483408 0.862683
  0.774744   0.225054   0.793521   0.220296   0.820953   0.213744   0.406043   0.173986   0.429286   0.303555   0.461992   0.493257 0.859807
  0.776191   0.230577   0.795173   0.225041   0.821672   0.216623   0.389445   0.189997   0.415207   0.320239   0.453325   0.501355 0.85073
  0.778121   0.235686   0.796786   0.229815   0.823848   0.221013   0.374356   0.209049    0.40102   0.336679   0.440589   0.521423 0.834503
  0.779261   0.240991   0.798326   0.234615    0.82486   0.225079   0.358299   0.222647   0.386722   0.352617   0.428345   0.532838 0.83104
   0.78184   0.247152   0.799933   0.239382   0.826141   0.229765   0.340215   0.247415   0.372555   0.369009   0.414284   0.546807 0.828273
  0.784558   0.251551   0.801794   0.244058   0.827562   0.234166   0.327692   0.271384   0.358787   0.387117   0.401178   0.561489 0.814534
   0.78707   0.256441   0.803774     0.2487   0.829216   0.237911   0.313545   0.294376   0.345174    0.40605   0.390222   0.577164 0.800389
  0.789277   0.261847   0.806004   0.253204   0.830369   0.241583   0.297652   0.315713   0.332107   0.426627   0.379271    0.58918 0.790793
  0.791912   0.266313    0.80891   0.257304   0.832002   0.246522   0.284884   0.339151   0.320605   0.451629    0.36458   0.605926 0.767381
  0.793525   0.269807   0.811931   0.261352   0.833999   0.252117   0.274695   0.354275   0.309312   0.477406   0.348001   0.625955 0.747615
  0.795992    0.27431   0.814345   0.265773     0.8348   0.256078   0.261735   0.376555   0.296587    0.49922   0.335991   0.635744 0.748674
  0.798867   0.279784   0.816134   0.270475     0.8377   0.257795   0.245927    0.40274   0.282706   0.516839   0.331926   0.658267 0.756628
  0.802075   0.284737   0.817486   0.275326   0.839567   0.263486   0.231897    0.43078   0.268163   0.531487   0.314991   0.677463 0.761534
   0.80411   0.287886    0.81873    0.28021   0.841338   0.269526   0.222973   0.448574   0.253467   0.545396   0.296923    0.69633 0.767116
  0.806829   0.291004   0.820407   0.284948    0.84297   0.273323    0.21445   0.471238   0.239421   0.562255   0.285796   0.711902 0.761116
  0.809684   0.296166   0.822825   0.289377   0.845186   0.277596   0.199609   0.496967   0.226674   0.584099   0.273445   0.732143 0.75432
  0.811976   0.300448   0.825836    0.29341   0.846835    0.28158    0.18726   0.517761   0.215425    0.60979    0.26174   0.748025 0.76873
  0.813286   0.305916   0.829126   0.297222   0.849526   0.285371   0.170774   0.532737   0.204993   0.637251   0.251105   0.771177 0.728296
  0.812741   0.312301   0.832353   0.301085   0.851958   0.291095   0.150593   0.535376   0.194371   0.664308   0.234317   0.794453 0.692131
  0.815613   0.317178   0.835294   0.305171   0.853754   0.295984   0.136647   0.560933   0.182926   0.689554   0.219856   0.812315 0.67915
  0.818564   0.320919   0.837862   0.309512   0.856413   0.300451   0.126284   0.585892    0.17052   0.712385   0.207094   0.835929 0.662525
  0.821694   0.325102   0.840086   0.314025   0.858516   0.304737   0.114622   0.612586    0.15742    0.73293   0.194652   0.855374 0.666759
  0.823955   0.329903   0.842059   0.318654   0.860262    0.30927    0.10064    0.63369   0.143847   0.751793   0.181277   0.872515 0.651838
  0.827639   0.333658   0.843863   0.323359   0.864803   0.311638   0.090563   0.663913   0.129964    0.76953   0.175911   0.907454 0.656926
   0.82956   0.336642   0.845547   0.328108   0.865781   0.318182  0.0821035   0.680716   0.115887   0.786444   0.155915   0.921158 0.667875
  0.833127   0.339136     0.8473    0.33283   0.867697   0.321693   0.075909    0.70881   0.101925   0.803835   0.145808   0.938469 0.606208
  0.838222   0.341651   0.849427   0.337387   0.869186   0.326083  0.0703301   0.747866  0.0886475   0.823725   0.132766   0.953625 0.551152
  0.842636   0.346368   0.852259    0.34152   0.870931   0.329943  0.0575727   0.784301  0.0770067   0.848235   0.121492   0.970077 0.536425
  0.846118   0.351237   0.855558   0.345357    0.87168   0.335228  0.0439244   0.814215  0.0664992   0.875784   0.105325   0.980844 0.535003
  0.850486   0.354787    0.85854   0.349414   0.871252   0.340887  0.0347915   0.849127  0.0551652   0.901292  0.0874653   0.983579 0.484243
   0.85298   0.358429   0.861187   0.353695    0.86927   0.352111  0.0245343   0.870715  0.0429781   0.924628  0.0515349   0.980877 0.508581
  0.856636   0.361714    0.86371   0.358054   0.869137   0.355099  0.0159083   0.900251  0.0304945   0.947153  0.0421445   0.982989 0.413666
  0.862383   0.365431    0.86613    0.36247   0.869621   0.360492 0.00686743   0.945206  0.0177856   0.969005  0.0255231   0.991974 0.211903
  0.868485   0.366923   0.868485   0.366923   0.868485   0.366923 0.00493587   0.990422 0.00493587   0.990422 0.00493587   0.990422 0
