88
  0.902604   0.527452   0.902604   0.527452   0.902604   0.527452 0.000109425   0.728231 0.000109425   0.728231 0.000109425   0.728231 0
  0.891787   0.534515   0.903442   0.532543   0.915319   0.530373  0.0149005    0.86097  0.0120056   0.722062 0.00868604   0.580397 0.422691
  0.887486   0.540115   0.904236   0.537641   0.921653    0.53424  0.0272385   0.915779  0.0239138   0.716418  0.0185365   0.508514 0.805264
  0.885979   0.544621    0.90495   0.542753    0.92606   0.538942  0.0374465    0.93684  0.0358399   0.711731   0.030044   0.459972 0.87719
    0.8846   0.549597    0.90556   0.547875   0.929569   0.544306  0.0487608   0.956731  0.0477751   0.708265  0.0429546   0.422497 0.906362
  0.883108   0.555043    0.90597   0.553014   0.931449   0.547951  0.0611458   0.978308  0.0597232   0.707186  0.0516562    0.40298 0.908176
  0.882967   0.563056   0.906045   0.558186   0.933103   0.551704  0.0796606   0.985812  0.0716978   0.710071  0.0605747   0.386211 0.918244
  0.883973   0.569914    0.90626   0.563341   0.934007   0.554811  0.0956698   0.978946  0.0836527   0.711292    0.06789   0.377817 0.953161
  0.884839   0.576905   0.907361    0.56837   0.935651    0.55848   0.111967   0.973837  0.0954452   0.701976  0.0766138   0.361099 0.958263
  0.885793   0.583379   0.909467    0.57307   0.937067   0.562656   0.127077    0.96731   0.106618   0.680563  0.0864756   0.347447 0.968894
  0.886986   0.588901   0.912326   0.577366   0.937941    0.56569   0.140023   0.957268   0.116965   0.649985  0.0936199    0.33935 0.980214
  0.889011   0.593866    0.91525   0.581636   0.940717   0.566561   0.151798   0.937005   0.127259   0.618602  0.0960309    0.30724 0.968896
  0.891733   0.599301   0.918005   0.586001    0.94461   0.570603   0.164761   0.908858   0.137752   0.589304   0.105938    0.26428 0.966594
  0.893844   0.603738   0.921097   0.590113   0.945864   0.574917   0.175325   0.887202   0.147707   0.555829   0.116098   0.252635 0.979723
  0.895878   0.608288   0.924487   0.594015   0.948403   0.579439   0.186141   0.866524   0.157217   0.518691   0.126922   0.225993 0.965249
   0.89877   0.612488   0.927659    0.59808   0.954125   0.584631   0.196272   0.835481   0.167076   0.484251    0.13975   0.162292 0.973978
  0.899629   0.615577   0.930337    0.60247   0.959695   0.589673    0.20354   0.827611   0.177612   0.455864   0.152211   0.100271 0.97223
  0.900646   0.619782   0.932412     0.6072   0.964303   0.595415   0.213412   0.818675   0.188851   0.434842   0.166153  0.0501107 0.966166
  0.902887   0.622674   0.933952   0.612142    0.96505   0.603104   0.220424   0.794358   0.200505   0.420281   0.184045  0.0469088 0.966053
  0.904196   0.625103   0.935002   0.617183   0.967078   0.609168    0.22623    0.78069   0.212316   0.411581   0.198364  0.0274171 0.954605
  0.906679   0.627117   0.935481   0.622309   0.966577   0.617207   0.231244    0.75287   0.224242   0.409661   0.216888  0.0391894 0.947175
  0.907685   0.628315   0.935511   0.627483   0.965964   0.623315   0.234158   0.741882   0.236215   0.413086   0.230931  0.0508755 0.944078
  0.909023   0.631312   0.935427    0.63264   0.966487   0.630562   0.241284   0.728293   0.248134   0.417835   0.247769  0.0499907 0.935133
  0.909181   0.636247    0.93543    0.63779   0.966203   0.638383   0.252721    0.73002   0.260046    0.42156   0.265821  0.0590473 0.931666
  0.908919   0.641612   0.935537   0.642965   0.965461   0.644104   0.265096    0.73703   0.272033    0.42407   0.278949  0.0719711 0.937415
  0.908417   0.645564   0.935299   0.648113   0.965011   0.650837   0.274166   0.745828   0.283907   0.430634   0.294461   0.082187 0.936872
  0.907476   0.650321   0.934417   0.653189   0.964503   0.656065   0.285034   0.760401   0.295523   0.444744   0.306481  0.0919962 0.935832
  0.907042   0.656188   0.933374    0.65825   0.964857   0.660552   0.298545   0.769801   0.307082   0.460731   0.316911  0.0910923 0.920257
   0.90652   0.661012   0.932592   0.663345   0.963923   0.665989   0.309628    0.77947   0.318757   0.473671   0.329354   0.106076 0.910905
  0.905717   0.665306   0.932199   0.668486   0.963357   0.670793   0.319448   0.792078   0.330593   0.482056   0.340386   0.116249 0.91125
  0.905214   0.671064   0.931978   0.673648   0.962999   0.675454   0.332695   0.802204   0.342501   0.488429   0.351117   0.123877 0.90047
  0.904439   0.675772   0.931527   0.678786   0.963359   0.680113   0.343475   0.814788   0.354321   0.497501   0.361946   0.123027 0.889321
  0.904355   0.681674   0.930928    0.68391   0.963373   0.684906   0.357115   0.820081   0.366089   0.508303   0.373036   0.126358 0.875644
  0.904327   0.687785   0.930437   0.689047   0.963495   0.690563   0.371248   0.824872   0.377902   0.517838    0.38614   0.129041 0.877378
   0.90377   0.692719   0.930175   0.694199    0.96295   0.695714   0.382582   0.835032   0.389782   0.524679   0.397976   0.139229 0.884549
  0.903542   0.699506    0.93015    0.69936   0.962519   0.700442   0.398249    0.84267   0.401717   0.528743   0.408853   0.147761 0.883963
  0.904051   0.705233   0.930213   0.704519   0.961912   0.705378   0.411571   0.840849   0.413661    0.53177   0.420184   0.158527 0.866259
  0.903797   0.710551   0.930224   0.709676   0.961258   0.709587   0.423837   0.847724   0.425593   0.535393   0.429826   0.169304 0.865163
  0.903265   0.716606    0.93011    0.71484   0.961303   0.714115   0.437766   0.858416   0.437521    0.54051   0.440307    0.17208 0.876398
  0.902965   0.723783   0.930138   0.719997   0.961754   0.717204   0.454327   0.867186   0.449455    0.54394   0.447517   0.169013 0.859747
  0.902891   0.730645   0.930646   0.725129   0.962956   0.720179   0.470189   0.873074   0.461399    0.54169   0.454571   0.157011 0.862403
  0.903932    0.73532   0.931364   0.730244   0.962979   0.724687   0.481151   0.864199   0.473334   0.536953   0.465002   0.160027 0.879953
  0.904829   0.740904   0.932034   0.735352   0.963286   0.728662   0.494198   0.857694   0.485246   0.532776   0.474243   0.159304 0.875722
  0.905274   0.749015   0.932883   0.740446   0.963842    0.73309   0.513025   0.858366   0.497152   0.526475   0.484564   0.155975 0.895838
  0.906448   0.753761   0.934196   0.745443   0.963677   0.738338    0.52417   0.847979     0.5089    0.51464   0.496682   0.161743 0.887927
  0.906296   0.761209   0.936209   0.750174   0.963767   0.743031   0.541377   0.855208   0.520131   0.494349    0.50755    0.16411 0.884776
  0.907336   0.767598   0.938799   0.754645   0.963928   0.748521   0.556307   0.847595   0.530843    0.46706   0.520272   0.166213 0.873027
  0.908437   0.772774   0.941575   0.759009   0.965623   0.751039   0.568437   0.838391   0.541337   0.437511   0.526339   0.148059 0.852227
  0.909638   0.777881   0.944126   0.763478   0.966657   0.757147   0.580422   0.827951    0.55204   0.410682   0.540618   0.140326 0.853534
  0.911658   0.781983   0.946193     0.7682    0.96819    0.76114   0.590202    0.80712   0.563258   0.389746   0.550075   0.125157 0.847232
  0.913551   0.785291   0.948025   0.773038   0.969538   0.767607   0.598125   0.787199   0.574711   0.371667   0.565227   0.113975 0.843787
  0.914608   0.787951   0.949776   0.777891   0.971113    0.77147   0.604429    0.77668   0.586189   0.354547   0.574389  0.0982093 0.879637
  0.915877   0.790554   0.951254   0.782823   0.975053   0.778145   0.610632    0.76361   0.597809    0.34072   0.590393  0.0566143 0.87026
  0.916817   0.793145   0.952361   0.787863   0.974859   0.785839   0.616761   0.754407   0.609626   0.331337   0.608163  0.0645157 0.875925
  0.917732    0.79612   0.953104   0.792987   0.976324   0.791101   0.623772   0.745794   0.621585   0.326306   0.620546  0.0510696 0.897658
  0.918955    0.79928   0.953242   0.798132    0.97754   0.797567   0.631257   0.733668   0.633508   0.328443   0.635676   0.041444 0.876228
  0.919747   0.802226   0.952504   0.803224   0.979424   0.802874   0.638186   0.726471   0.645181   0.340862   0.648222  0.0230946 0.876889
  0.920508   0.805549    0.95112   0.808214   0.980487   0.809484   0.645981   0.719924   0.656527   0.360816   0.663665  0.0153766 0.871523
  0.921307   0.809217   0.949508    0.81312   0.980186   0.818629   0.654581   0.713176   0.667644   0.383413   0.684778  0.0256039 0.852435
  0.922247   0.813432   0.948177   0.818089   0.978688   0.824994   0.664465   0.705159   0.678948   0.402737   0.699288  0.0479151 0.822142
  0.921906   0.817931   0.947317   0.823179   0.977029   0.829924   0.674825    0.71247     0.6906   0.416591   0.710454  0.0710815 0.834212
  0.921341   0.823943   0.946684    0.82831   0.976511   0.836842   0.688651   0.723515   0.702378   0.427793   0.726383  0.0822255 0.845936
  0.920355   0.828638   0.945918   0.833402   0.973701   0.843162    0.69937   0.738568   0.714049   0.440547     0.7406   0.119979 0.829984
  0.919248   0.832489   0.944684   0.838403   0.973613   0.847723   0.708122   0.754433   0.725441   0.458754   0.751139   0.124345 0.831762
  0.918204   0.836231   0.943203   0.843359   0.973123   0.854462   0.716628   0.769479   0.736694   0.479829   0.766659   0.135042 0.829851
  0.916988   0.839878   0.941739   0.848311   0.968912   0.857112   0.724889   0.786478   0.747939   0.500712   0.772186   0.186643 0.799773
  0.915474   0.844378   0.940013   0.853158    0.96725   0.861743   0.735083   0.807619   0.758903   0.524609   0.782661   0.209621 0.778661
  0.914628   0.850107   0.937884   0.857857   0.965451   0.867304   0.748213    0.82178   0.769469   0.553144   0.795266   0.234897 0.777068
  0.911768   0.855439   0.935621   0.862512   0.963763   0.871334    0.76014   0.859402   0.779915   0.583232   0.804349   0.257741 0.765942
   0.91012   0.860677   0.933571   0.867247   0.965675   0.875933    0.77202   0.882659   0.790575    0.61086    0.81526   0.238552 0.744756
  0.909142   0.866416   0.932073   0.872171   0.962976   0.881823   0.785157   0.898374   0.801751   0.632116   0.828499   0.274682 0.776928
  0.908015   0.871151   0.931062   0.877236   0.960857   0.883808   0.795948   0.915129   0.813323   0.647742   0.832788   0.301119 0.715086
  0.906736   0.876049   0.930226   0.882323   0.959175   0.888533   0.807097   0.933786    0.82497   0.661311   0.843478   0.324406 0.710359
  0.905972   0.882612   0.929089   0.887341   0.957901   0.892625   0.822168   0.947579   0.836415   0.678383   0.852761   0.342411 0.67928
  0.904816   0.888273   0.927512   0.892274    0.95657   0.897552   0.835098   0.965341   0.847602   0.700575   0.863968   0.361704 0.635563
  0.904357   0.896538   0.926189   0.897252   0.954872    0.90177   0.854151   0.976786   0.858928   0.719817   0.873481   0.384807 0.562259
  0.904136   0.904778   0.925415   0.902341   0.951694   0.905712   0.873181   0.985401   0.870589    0.73266   0.882145   0.425168 0.499449
  0.906099   0.911779   0.924916   0.907506   0.949639   0.908045   0.889657   0.967353   0.882466    0.74231   0.887248   0.451107 0.496015
  0.907745   0.914113   0.924895   0.912665   0.948547   0.911859   0.895293   0.949648   0.894397   0.746321   0.895917   0.466773 0.476962
  0.908822   0.919964   0.925795   0.917717   0.947187   0.916123   0.908982   0.941218   0.906211   0.739389   0.905586   0.485917 0.491546
  0.910861   0.925755   0.927477   0.922606   0.944788   0.919274   0.922669   0.921391   0.917761   0.723119   0.912532   0.516509 0.476408
  0.913374   0.931243   0.929479    0.92737   0.944598   0.924545   0.935724   0.895751   0.929069   0.702981   0.924696   0.522596 0.521848
  0.915152   0.934835   0.931022   0.932262   0.945481   0.930905   0.944287     0.8774   0.940606   0.688349   0.939535   0.516827 0.608487
  0.917141   0.939148   0.931758   0.937386   0.944058   0.936653    0.95455   0.857086   0.952563   0.683404   0.952629   0.537802 0.612009
  0.920148   0.943679   0.932101   0.942552   0.939828   0.944616   0.965461   0.824924   0.964564   0.683131   0.970443   0.593495 0.600795
  0.923938   0.948036   0.932297    0.94769     0.9388   0.947468   0.976081   0.783411   0.976476   0.684569   0.976895   0.607704 0.536983
  0.924925   0.952563   0.932387   0.952842   0.937148   0.953487   0.986696   0.775067   0.988409   0.687261    0.99058   0.631581 0.300514
  0.932422   0.958014   0.932422   0.958014   0.932422   0.958014    1.00038   0.690625    1.00038   0.690625    1.00038   0.690625 0
