97
  0.264396   0.317088   0.264396   0.317088   0.264396   0.317088  0.0120329    0.76433  0.0120329    0.76433  0.0120329    0.76433 0
  0.277092   0.323435   0.268128   0.313568   0.259817   0.305091   0.039039   0.832752   0.020284   0.729362 0.00285814   0.640368 0.930592
   0.28479   0.324612   0.271852    0.31004   0.260375   0.298843  0.0555668   0.846918  0.0285193   0.694299 0.00442423   0.576619 1
  0.291512   0.324452   0.275584   0.306518   0.262597   0.292879  0.0700686   0.847129  0.0367699    0.65931 0.00956279   0.516229 0.994186
  0.295348   0.323817   0.279417    0.30311    0.26559   0.287388  0.0783753   0.841694  0.0452331   0.625511  0.0163343   0.460893 0.988924
  0.298722   0.322958   0.283439   0.299923    0.27019   0.282086  0.0857006   0.833842  0.0540885    0.59402  0.0265603   0.407933 0.978115
  0.302021   0.321849   0.287654   0.297001   0.274248   0.278097  0.0928783   0.823404  0.0633468   0.565295   0.035543   0.368249 0.986014
  0.305424   0.320626   0.292029   0.294326   0.278591   0.273708   0.100287   0.811838  0.0729355   0.539144  0.0451599   0.324562 0.986571
  0.309119   0.319014   0.296463   0.291739   0.283811   0.269493   0.108345   0.796362  0.0826444   0.513909  0.0566606   0.282891 0.997517
  0.313331   0.316973   0.300894   0.289149   0.289312   0.265498   0.117546   0.776652  0.0923492   0.488642  0.0687531   0.243547 0.990813
  0.317307   0.314836   0.305396   0.286694   0.295177   0.261257   0.126242   0.755896   0.102198   0.464776  0.0816446   0.201786 0.993968
  0.320631   0.313141   0.310029   0.284497   0.300732   0.258062   0.133508    0.73947   0.112315   0.443578  0.0938075   0.170633 0.985976
  0.323384   0.312493   0.314783   0.282567   0.305463   0.255999   0.139481   0.733603   0.122676    0.42515   0.104127   0.150837 0.979511
  0.326604   0.312225   0.319623   0.280854   0.311256   0.252683   0.146438    0.73175   0.133211   0.408962    0.11681    0.11852 0.993321
  0.330975   0.312195   0.324485   0.279217   0.316322   0.250807   0.155865   0.732652   0.143789    0.39356    0.12784   0.100733 0.984503
  0.335439   0.312132   0.329355   0.277629   0.323706     0.2495   0.165494   0.733236    0.15438   0.378664   0.143836  0.0894034 0.975867
  0.339027   0.311951    0.33431   0.276281   0.330233   0.248332    0.17324   0.732376   0.165142   0.366246   0.157977   0.079254 0.963126
  0.342371   0.312055   0.339377   0.275402     0.3377    0.24741   0.180443   0.734361   0.176118   0.358647    0.17413  0.0718856 0.949237
  0.346321   0.312023   0.344487   0.275238   0.343723   0.245058   0.188961   0.735125   0.187146   0.358376   0.187253  0.0494875 0.938358
  0.349543   0.310951   0.349584   0.275798   0.350211   0.241785    0.19597   0.725048   0.198102   0.365515    0.20143  0.0178014 0.932278
  0.351849   0.310579   0.354636   0.276758   0.357929   0.241422   0.200964   0.721874   0.208938   0.376726   0.218094   0.016213 0.937908
  0.356072   0.310212    0.35963   0.277918   0.363903   0.242593    0.21009    0.71929   0.219638   0.389968   0.230905  0.0298389 0.931824
  0.359075   0.309312   0.364574    0.27927   0.370838   0.243266   0.216617   0.710907    0.23022   0.405163   0.245818  0.0386351 0.937055
  0.362494   0.308638   0.369488   0.280753   0.377878   0.243841   0.224027   0.704961   0.240729   0.421678   0.260963  0.0464629 0.931032
  0.367851   0.308938   0.374403   0.282228   0.384673   0.246721   0.235561   0.709507   0.251239   0.438125   0.275446  0.0777908 0.93652
  0.373107   0.309675   0.379334   0.283637   0.389088   0.250279   0.246848   0.718489   0.261787   0.453896   0.284758   0.115402 0.914322
   0.37872   0.309684   0.384279   0.285004   0.393425   0.252459   0.258951   0.720137   0.272369   0.469243   0.293981   0.138891 0.914901
   0.38246   0.310712   0.389217   0.286398   0.399277   0.252766   0.266954   0.731682   0.282936   0.484864   0.306581   0.143648 0.920039
  0.387393   0.312192   0.394115    0.28792    0.40405   0.254562   0.277504   0.748182   0.293407   0.501782   0.316767   0.163331 0.915595
  0.391961   0.313656   0.398971   0.289573   0.408821   0.256634   0.287267   0.764415   0.303781   0.520021   0.326932   0.185841 0.896618
  0.397189   0.315985   0.403815   0.291271   0.414108   0.259895   0.298404   0.789671   0.314126   0.538729   0.338143   0.220655 0.86672
   0.40249    0.31791   0.408689   0.292873   0.418321   0.262453   0.309721   0.810826   0.324541   0.556461   0.347077   0.247977 0.859009
  0.406863   0.318943   0.413638   0.294213   0.422195   0.263909   0.319089   0.822592   0.335133   0.571522   0.355346   0.263942 0.871792
  0.411244    0.32011   0.418646   0.295333   0.427265   0.264978   0.328467   0.835739   0.345866    0.58436   0.366215   0.276266 0.878603
  0.416346   0.321423   0.423663   0.296407   0.432191   0.267619   0.339389   0.850579    0.35662   0.596734   0.376681   0.304644 0.881341
  0.421045   0.324185   0.428678   0.297478   0.436109   0.269045   0.349361   0.880121   0.367371    0.60907   0.385044   0.320304 0.898551
  0.426397   0.325363   0.433703   0.298519   0.441849    0.26861   0.360831   0.893644   0.378145   0.621098   0.397447   0.317435 0.900233
   0.43204   0.326541   0.438717    0.29961    0.44721   0.270482   0.372929   0.907252   0.388891   0.633648   0.408895   0.338063 0.892742
  0.435251   0.327506   0.443685    0.30088   0.450483   0.273943   0.379796   0.918007   0.399529   0.648005   0.415751   0.374364 0.870819
  0.441124    0.32885   0.448601   0.302345   0.454226   0.275213   0.392382    0.93337   0.410043   0.664339   0.423747   0.388384 0.871074
  0.446966   0.330325   0.453473   0.303959   0.459621   0.276005   0.404891    0.95007   0.420454   0.682195   0.435334   0.397981 0.876877
   0.45185   0.330771    0.45833   0.305619   0.463796   0.277271   0.415394   0.955977   0.430827    0.70051   0.444261   0.412079 0.870384
  0.457488   0.331859   0.463204   0.307204   0.467607   0.278467   0.427487   0.968665   0.441244    0.71807   0.452407   0.425361 0.857747
  0.463807   0.332639   0.468121    0.30866   0.472533   0.279087   0.441065   0.978379   0.451761   0.734315   0.462992   0.433061 0.84816
  0.470462   0.333123     0.4731   0.309939   0.476618   0.280139   0.455386   0.985167   0.462421    0.74877   0.471738    0.44495 0.826272
  0.477307   0.333588   0.478137   0.310909   0.480327   0.280662   0.470118   0.991816   0.473225   0.760078   0.479704   0.451322 0.823442
  0.484286   0.333018   0.483223   0.311448   0.484404   0.280921   0.485197   0.987909   0.484159   0.767001   0.488481   0.455092 0.784009
  0.491466   0.332461   0.488354   0.311634   0.487944   0.281542    0.50071   0.984189    0.49521   0.770317   0.496077   0.462425 0.78164
  0.497574   0.331562   0.493507   0.311526    0.49029   0.281913    0.51393   0.976683   0.506326   0.770632   0.501113   0.466864 0.777375
  0.504479   0.330574   0.498578   0.310862   0.492357   0.281407   0.528875   0.968479     0.5173   0.765238   0.505599   0.462258 0.791544
  0.510348   0.329433   0.503482   0.309431   0.495825   0.280544   0.541595    0.95843   0.527955   0.751958   0.513126   0.454384 0.789936
  0.516233   0.328098   0.508271   0.307538   0.499574   0.280165   0.554362   0.946396   0.538392   0.733914   0.521231   0.451549 0.803597
  0.520894   0.325937    0.51298   0.305461   0.503003   0.279818   0.564537   0.925576   0.548663   0.713972   0.528643   0.448944 0.835287
  0.525157    0.32421   0.517455   0.302996   0.506566    0.27901   0.573829   0.909088   0.558455   0.689992   0.536373   0.441659 0.857688
  0.530622   0.320658     0.5216   0.299989   0.511435   0.278483   0.585817   0.874267   0.567567   0.660376   0.546901   0.437615 0.855132
  0.536131   0.317163   0.525591   0.296737   0.515629    0.27669   0.597898   0.840043   0.576362   0.628216   0.556049   0.420432 0.834985
  0.541705   0.314006   0.529639   0.293581   0.519119   0.273573   0.610099   0.809291   0.585272   0.597059   0.563754   0.389509 0.818476
  0.546469   0.310999   0.533903   0.290761   0.520917   0.270384   0.620545   0.779849   0.594629   0.569385   0.567815   0.357394 0.79179
  0.550946   0.308398    0.53842   0.288324   0.526598   0.267117   0.630349   0.754475    0.60451   0.545705   0.580253   0.325544 0.796474
  0.555203   0.306262   0.542962   0.285917   0.531643   0.265453   0.639652    0.73381   0.614442    0.52234   0.591227   0.309911 0.767365
  0.558593   0.304088   0.547387   0.283326   0.535936     0.2621   0.647086   0.712502   0.624133   0.497062   0.600679   0.276803 0.749106
  0.562731   0.302032   0.551816   0.280746   0.540903    0.25814   0.656128   0.692612   0.633833   0.471892   0.611617   0.237666 0.769081
  0.568119   0.299301   0.556304   0.278259   0.544545   0.255527   0.667904   0.666174   0.643652   0.447693   0.619622   0.211951 0.762467
  0.572043   0.297299   0.560722   0.275648   0.548004   0.253191    0.67648   0.646776    0.65333   0.422211   0.627215   0.189014 0.750093
  0.575837   0.295257   0.565051   0.272887   0.553477   0.249571   0.684779   0.626934   0.662825   0.395165   0.639226   0.153499 0.74127
  0.579836   0.292928   0.569487   0.270318   0.558069   0.246682   0.693535   0.604217   0.672537   0.370108   0.649295   0.125209 0.709104
  0.583481   0.291149   0.574133   0.268148   0.562858   0.242948   0.701498   0.587023    0.68268   0.349196   0.659837  0.0883379 0.734974
  0.587002    0.28948   0.578932   0.266333   0.568843   0.240904   0.709188    0.57093   0.693134   0.331959    0.67286  0.0690878 0.718933
  0.590095   0.288744   0.583834   0.264818   0.574943   0.239141   0.715898   0.564253   0.703791   0.317816   0.686114  0.0527401 0.691044
  0.593656   0.287882   0.588815   0.263565   0.581111   0.237389   0.723625   0.556417   0.714602   0.306374   0.699513  0.0365225 0.676599
  0.596268   0.288103   0.593859    0.26266   0.588691   0.235993   0.729245   0.559397    0.72553   0.298504   0.715939  0.0243346 0.723477
  0.599972    0.28846   0.598962   0.262325   0.598396   0.235801   0.737211   0.564074   0.736551   0.296491   0.736874  0.0250378 0.738482
  0.602954   0.286836   0.604098   0.262537   0.606421   0.235003   0.743732   0.548289   0.747613   0.300073   0.754221  0.0190964 0.745818
   0.60632   0.286262   0.609222   0.263004   0.614071   0.234932   0.751024   0.543347   0.758634   0.306264   0.770719   0.020475 0.73885
  0.610046   0.286991   0.614293   0.263699   0.621107   0.237412   0.759016   0.551825   0.769526   0.314772   0.785746   0.047786 0.735895
  0.615616   0.287615   0.619276   0.264847   0.625706   0.240118   0.770988   0.559745   0.780202   0.327879   0.795504  0.0767298 0.672818
  0.620574   0.288364   0.624199   0.266328   0.630961   0.242001   0.781634   0.568774   0.790731   0.344393   0.806723  0.0974357 0.675623
  0.624783   0.288938   0.629141   0.267749    0.63656    0.24376   0.790675   0.575804   0.801302   0.360289   0.818693   0.116971 0.64352
  0.628757   0.290475   0.634067    0.26916   0.642217   0.245751   0.799153   0.592618   0.811841   0.376072   0.830774   0.138896 0.641154
  0.634165   0.291451   0.638866   0.270939   0.647479   0.247973   0.810757   0.604091   0.822086   0.395592   0.841991   0.163071 0.653334
  0.638877   0.292207   0.643541   0.273078   0.652223   0.249917   0.820872   0.613126    0.83204   0.418757   0.852105   0.184267 0.644987
  0.642936   0.293523   0.648173   0.275296   0.656875   0.252692   0.829548   0.627703   0.841899    0.44272   0.861974    0.21393 0.63534
  0.646865   0.294544   0.652838   0.277412   0.661382   0.254438   0.837959   0.639235   0.851833   0.465652   0.871588   0.233033 0.611813
  0.650615   0.295854   0.657592   0.279333   0.667484   0.258317   0.845968   0.653668    0.86197   0.486612    0.88452   0.274391 0.493527
  0.656231   0.297484   0.662388   0.281168   0.672063   0.261241   0.857982   0.671886   0.872205   0.506705   0.894222   0.305562 0.473623
  0.660321   0.298442   0.667133    0.28312   0.675674   0.263325   0.866743   0.682811   0.882321   0.527977   0.901887   0.327875 0.542098
  0.664566   0.299881   0.671817   0.285208   0.679934   0.266169   0.875812   0.698704   0.892299   0.550622   0.910906    0.35813 0.608695
  0.668605   0.301657   0.676475   0.287358   0.684457   0.268115   0.884418   0.717981   0.902216   0.573897   0.920544   0.379283 0.579122
  0.673499   0.303391   0.681139   0.289497   0.689939   0.271318   0.894869   0.737067   0.912147   0.597067   0.932177   0.413559 0.453087
   0.67845   0.305224   0.685833   0.291566   0.693611   0.274555   0.905436   0.757181   0.922148   0.619521   0.939907   0.447677 0.40169
  0.683562   0.306649   0.690552   0.293578   0.698396   0.278219   0.916375   0.773164   0.932206   0.641399   0.950011   0.486468 0.354911
  0.689426   0.307305    0.69528    0.29557   0.703114   0.280586    0.92898   0.781494   0.942284   0.663076   0.960044   0.511985 0.322988
  0.696509   0.306962   0.700016   0.297543   0.706747    0.28279    0.94427   0.779934   0.952379   0.684566   0.967749   0.535526 0.259616
  0.702016   0.306819   0.704762    0.29949   0.710472   0.285472   0.956153   0.779995   0.962499   0.705785   0.975625   0.563989 0.174459
  0.708371   0.306792   0.709516   0.301419   0.714744   0.288802   0.969856   0.781463   0.972636   0.726829   0.984643   0.599222 0.106627
  0.712874   0.306386   0.714271   0.303344   0.718397    0.29364   0.979587   0.778555   0.982777    0.74783   0.992237   0.649712 0.0471467
  0.719027   0.305268   0.719027   0.305268   0.719027   0.305268   0.992919   0.768823   0.992919   0.768823   0.992919   0.768823 0
