59
  0.152592  0.0264245   0.152592  0.0264245   0.152592  0.0264245 0.00148732   0.311408 0.00148732   0.311408 0.00148732   0.311408 0
  0.141649  0.0298759   0.152018  0.0317988   0.161883  0.0339392 0.00940314    0.50727  0.0184677   0.329706  0.0280839   0.161252 0.706868
  0.138365  0.0326782   0.150646   0.037011    0.16579  0.0413568  0.0174137   0.568761   0.034706   0.361629   0.052849   0.104673 0.973895
  0.135161   0.035448   0.148689  0.0420181   0.167566  0.0501484  0.0253431   0.628819  0.0501245   0.403421  0.0813944  0.0873116 0.969985
  0.130389  0.0400787   0.146367  0.0469023   0.165174  0.0550618  0.0387648   0.719058  0.0650473   0.451395   0.096391   0.136528 0.979452
  0.123741  0.0467881   0.144479  0.0519373   0.165169  0.0572108  0.0582873    0.84515  0.0805744   0.492035   0.103244   0.139942 0.960685
  0.120101  0.0534752   0.143522  0.0572399   0.165608  0.0614193  0.0785885   0.918855  0.0972179   0.516877   0.116793   0.138782 0.983002
  0.118467  0.0587532   0.142306  0.0624897   0.165693  0.0654476  0.0949621   0.955448    0.11362   0.546152   0.129666   0.143523 0.979671
  0.117891  0.0679612   0.141585   0.067778   0.166915  0.0688754   0.124171   0.979681   0.130284   0.566873   0.140946   0.127532 1
  0.118868  0.0750908   0.141456  0.0731977   0.167584  0.0729677   0.147189   0.973678   0.147536   0.577477   0.154188   0.122199 0.991651
  0.120178  0.0810284   0.142401   0.078482   0.168162  0.0761665   0.166499   0.960023   0.164659   0.569172   0.164555   0.117078 0.986971
  0.121929  0.0870711    0.14481   0.083284   0.168958  0.0794112   0.186269   0.938871   0.180657   0.534647    0.17513   0.108224 0.979847
  0.125294  0.0912541   0.147486  0.0879628   0.170049  0.0845541   0.200563   0.886733   0.196338   0.495271   0.191843  0.0971573 0.994392
  0.127397   0.095459     0.1488  0.0932088   0.170421  0.0909529   0.214571   0.856598   0.213443   0.480485   0.212359   0.100562 0.962774
  0.128089   0.100919   0.149694  0.0985113   0.171113  0.0977172   0.232184   0.852986    0.23061   0.473093   0.234132  0.0989589 0.980954
   0.12882   0.105124   0.150283   0.103871   0.172009   0.102128   0.245803   0.846744   0.247873   0.471121   0.248453  0.0901549 0.969327
  0.128737   0.110662   0.150823    0.10923   0.176286   0.106167   0.263445   0.856722    0.26512   0.469976   0.262546  0.0219254 0.98603
  0.129123   0.116928   0.151023   0.114618   0.173188    0.10993    0.28354   0.859683   0.282363    0.47481   0.273674  0.0816613 0.955846
   0.12939   0.122275   0.151307   0.119999   0.173105   0.115291   0.300671   0.863276   0.299606   0.478178   0.290751  0.0913759 0.928619
  0.129703   0.128575   0.152441   0.125264    0.17334   0.121398   0.320856    0.86756   0.316722   0.466545   0.310298  0.0967114 0.931447
  0.130349   0.133617   0.153142   0.130604   0.173643   0.127865   0.337119   0.864082   0.333952   0.462582   0.331011   0.101418 0.930537
  0.130715   0.138989   0.153176   0.135992   0.174249   0.133301    0.35436   0.866006   0.351149   0.470314   0.348524  0.0992629 0.936226
   0.13064   0.141253   0.153111   0.141382   0.174224   0.140986   0.361561   0.870793   0.368325   0.479758   0.373029   0.111556 0.926624
   0.13055    0.14705   0.153139   0.146768    0.17442   0.147239   0.380026   0.881304   0.385511   0.487576    0.39303   0.117784 0.920433
  0.131513   0.152237   0.153076   0.152159   0.174834   0.152584   0.396845   0.872547   0.402689   0.496991   0.410197   0.118823 0.882964
  0.132091   0.157672   0.153143   0.157544   0.175626   0.154206   0.414343   0.870873   0.419887   0.504137   0.415594   0.107545 0.89222
  0.132404   0.163159   0.153739   0.162901   0.177046   0.159559   0.431934   0.873893   0.437141   0.502019   0.433072   0.091082 0.895916
  0.131769    0.16938   0.154257   0.168263   0.176916    0.16591   0.451598   0.894547   0.454391   0.501287   0.453292   0.103136 0.889409
   0.13231   0.176114   0.154935   0.173609   0.176639   0.172013   0.473233   0.895516   0.471636   0.497724   0.472681   0.117377 0.864554
  0.132707   0.181644   0.155191   0.178989   0.177004   0.176343   0.490983   0.897137    0.48887   0.501578   0.486596   0.117702 0.841483
  0.134344    0.18661   0.155387   0.184375   0.177204   0.182597   0.507285   0.876302   0.506105   0.506463   0.506603    0.12388 0.808813
  0.134803    0.19116   0.155986    0.18973   0.177506   0.187692    0.52193   0.875325   0.523356   0.504309    0.52294   0.126471 0.813289
  0.134021   0.195839   0.156528    0.19509   0.177981   0.192459   0.536636   0.896158   0.540608   0.503141   0.538279   0.125564 0.807054
  0.134706   0.201782   0.157197   0.200437   0.178102   0.199104   0.555785   0.893402   0.557852   0.499734   0.559509    0.13371 0.833013
  0.135715    0.20723   0.157331   0.205824   0.178151   0.205681   0.573448   0.884247   0.575073   0.505714   0.580502   0.143002 0.808009
  0.136066   0.211439   0.157295   0.211214   0.178416   0.212043   0.586974   0.884629   0.592257   0.514669    0.60087   0.148201 0.800943
  0.136019   0.216185   0.157293     0.2166   0.178694   0.217968   0.602098    0.89276   0.609435   0.523012   0.619849   0.152513 0.794998
  0.136276   0.221926   0.157289    0.22199   0.179267   0.223934   0.620482   0.897148   0.626629   0.531401   0.639042   0.151727 0.789337
  0.136576   0.227395   0.157302   0.227378   0.177987   0.229384   0.638012   0.900366   0.643817   0.539478   0.656063   0.182432 0.750418
  0.136038   0.231932   0.157266   0.232767   0.177172   0.234929   0.652333   0.916739   0.660998   0.548419   0.673521   0.205178 0.737193
  0.135718   0.237511   0.157347   0.238154    0.17847    0.23969    0.67004   0.930908   0.678204   0.555331   0.689076   0.189931 0.736166
  0.135968   0.243198   0.157296   0.243542   0.178493    0.24567   0.688249   0.935335   0.695375   0.564527   0.708155   0.198755 0.725394
  0.135728   0.249294   0.156764   0.248903   0.179172   0.250385   0.707626   0.948914   0.712325   0.582052   0.723387   0.194207 0.69975
  0.136528   0.253949   0.156246   0.254265   0.182068   0.252857   0.722703   0.942175   0.729282   0.599353   0.732091   0.147595 0.676183
   0.13685   0.259214    0.15621   0.259655   0.181176   0.260121   0.739585    0.94469   0.746467   0.608295    0.75501   0.174341 0.670006
  0.137122   0.265653   0.156261   0.265042   0.180821   0.264012   0.760202   0.949886   0.763664   0.615712   0.767322   0.186525 0.647178
  0.137625   0.271275   0.156245   0.270431   0.179583   0.269263   0.778276   0.949802    0.78085   0.624312   0.783721    0.21618 0.5748
  0.138215   0.275646   0.156254    0.27582   0.179596   0.277667   0.792388   0.946281    0.79804   0.632473   0.810531   0.228916 0.561301
   0.13847   0.281805   0.156244   0.281208   0.180426   0.282332   0.812105   0.951341   0.815225   0.640965   0.825645   0.221663 0.554618
  0.138949   0.287234   0.156258   0.286596   0.179656   0.288544   0.829557   0.951377   0.832416   0.649033   0.845243   0.244659 0.544173
  0.139719   0.290937   0.156309   0.291985   0.178683    0.29572   0.841586   0.943692   0.849621   0.656459   0.867857   0.272672 0.52804
  0.140525   0.293919   0.156084   0.297365   0.177172   0.301634   0.851326   0.934258   0.866718   0.668683   0.886297   0.308101 0.552238
  0.140422   0.299745   0.155424   0.302721   0.175278   0.307309   0.869882   0.945033   0.883617   0.688426   0.903861   0.349832 0.498974
  0.139833   0.304213   0.155176   0.308098     0.1734   0.311379   0.883968    0.96218   0.900696   0.701044   0.916313   0.388819 0.483944
  0.139837   0.310918   0.154762   0.313476   0.171372   0.316901   0.905355   0.972459   0.917734   0.716545   0.933355   0.432649 0.297196
  0.139809   0.314195   0.153424   0.318685   0.168634    0.32395     0.9158   0.978004    0.93397   0.747887   0.955064   0.491192 0.334842
   0.14092    0.31934   0.151305   0.323649   0.164244    0.33032   0.932528   0.966597   0.949206   0.792444   0.974144   0.577451 0.232748
  0.143785   0.326054   0.148903   0.328459   0.160363   0.335008   0.954753   0.927088    0.96387   0.841678   0.988001   0.652262 0.0676873
  0.146349   0.333213   0.146349   0.333213   0.146349   0.333213   0.978313   0.893489   0.978313   0.893489   0.978313   0.893489 0
