75
 0.0480938   0.357267  0.0480938   0.357267  0.0480938   0.357267  0.0829736 -0.000693781  0.0829736 -0.000693781  0.0829736 -0.000693781 0
 0.0387888   0.361305  0.0478521   0.361995  0.0638951   0.362115  0.0509077  0.0395573  0.0822106  0.0459837   0.137603  0.0464672 0.640861
 0.0331527   0.366162  0.0477254   0.366731  0.0679353   0.366036  0.0315217  0.0877484  0.0818448  0.0927355   0.151612  0.0850044 0.969726
 0.0296114   0.372274  0.0478926   0.371463  0.0703646   0.369129  0.0193872   0.148227  0.0824935   0.139433   0.160046   0.115426 0.996747
 0.0274746   0.377815  0.0484446   0.376171   0.072896   0.372586  0.0120934    0.20301  0.0844704   0.185874   0.168838   0.149436 1
  0.026366   0.382569   0.048845   0.380886  0.0745906   0.375219  0.0083377   0.249985  0.0859243   0.232397   0.174729   0.175355 1
  0.025542   0.388887  0.0490028   0.385619  0.0761344    0.37787 0.00558823   0.312385  0.0865405   0.279112   0.180099   0.201449 1
 0.0260352    0.39628   0.049434   0.390335  0.0781118   0.380417 0.00740262   0.385336  0.0881005    0.32564   0.186965   0.226506 1
 0.0288329   0.403428  0.0503951    0.39496  0.0799585   0.383009  0.0171703   0.455768  0.0914886   0.371256    0.19338   0.252014 1
  0.031174   0.409942  0.0518122   0.399487  0.0813971   0.385101  0.0253515   0.519957    0.09645   0.415876   0.198379   0.272595 0.996648
 0.0337367   0.415159  0.0534574   0.403937  0.0829213   0.386911  0.0342784   0.571342   0.102197   0.459727   0.203668   0.290396 0.995771
 0.0356246   0.422527  0.0557058   0.408086  0.0845018   0.388364   0.040908   0.643991   0.110023   0.500583   0.209147   0.304677 0.995376
 0.0401335    0.42722  0.0587348   0.411741  0.0860583   0.389581  0.0565464   0.690113   0.120536   0.536523    0.21454   0.316616 0.993451
 0.0446862   0.432439   0.062254   0.414897  0.0871396   0.390606  0.0723443   0.741436   0.132735   0.567525   0.218289   0.326689 0.997378
 0.0491805   0.438225  0.0659502   0.417866  0.0881019   0.391338   0.087949   0.798353   0.145541   0.596668   0.221622   0.333868 0.991663
 0.0516187   0.444107  0.0697602   0.420683  0.0895271    0.39208   0.096456   0.856302   0.158738   0.624313   0.226554   0.341134 1
 0.0599147   0.446894  0.0738719   0.423019  0.0914399   0.392821   0.125141   0.883451    0.17297   0.647189   0.233169   0.348365 0.993988
 0.0662201   0.450191  0.0781265   0.425108  0.0934793   0.393401   0.146961   0.915726   0.187691    0.66763    0.24022      0.354 0.996525
  0.071449   0.452718  0.0824214   0.427091  0.0956292   0.393919   0.165053   0.940442    0.20255   0.687021    0.24765   0.359023 0.988315
 0.0775088   0.454705  0.0868676   0.428743  0.0978833   0.394471   0.186005   0.959793   0.217926   0.703133   0.255441   0.364377 0.988275
 0.0833479   0.455895  0.0914167   0.430032   0.100039   0.395022   0.206184   0.971283   0.233651   0.715659   0.262891   0.369719 0.97806
 0.0912997   0.456627  0.0960178   0.431096   0.103165   0.395362   0.233649   0.978166   0.249554   0.725965   0.273691    0.37294 0.964754
  0.099504   0.457301   0.100694   0.432068   0.106138   0.395818   0.261986   0.984465   0.265712    0.73535   0.283962   0.377316 0.964107
  0.107252   0.458042   0.105389   0.432276   0.108827   0.395407   0.288749   0.991443   0.281926   0.737204   0.293239   0.373142 0.943276
  0.112039   0.455879   0.110061   0.431499   0.112406    0.39598   0.305242   0.969893   0.298046   0.729331   0.305606   0.378636 0.917009
  0.120541   0.455142   0.114712   0.430484   0.113975   0.397879   0.334587   0.962247   0.314088   0.719116    0.31105   0.397319 0.942576
  0.126743   0.454281   0.119177   0.428981    0.11494   0.398018   0.355986   0.953478   0.329483   0.704086   0.314387   0.398652 0.950532
  0.133323    0.45543   0.123419    0.42686   0.117346   0.397252   0.378723    0.96454   0.344096   0.682969   0.322681   0.390984 0.97224
  0.140508   0.454147   0.127681   0.424803   0.120203   0.395616   0.403512   0.951569   0.358781   0.662477   0.332522   0.374715 0.955464
  0.144358   0.450789   0.132044   0.422975   0.123121   0.393983   0.416752   0.918257   0.373818   0.644245   0.342569   0.358464 0.963038
  0.148636    0.44765   0.136483     0.4213   0.125427   0.392794   0.431474   0.887083   0.389117   0.627522   0.350515   0.346628 0.918379
  0.153814   0.444099   0.140933   0.419705   0.127358   0.391946   0.449301   0.851808   0.404458   0.611583    0.35717   0.338174 0.929859
  0.159083   0.440663   0.145352   0.417989   0.129318    0.39077   0.467441   0.817666   0.419689   0.594462   0.363917   0.326483 0.947452
  0.164373   0.436567   0.149575   0.415836   0.131498   0.389253   0.485643    0.77701   0.434237   0.573026    0.37142   0.311422 0.973244
  0.169185   0.432241   0.153265   0.412898   0.133329   0.386772   0.502189   0.734101   0.446933   0.543867   0.377707   0.286845 0.968678
  0.172891   0.428521   0.156539   0.409451   0.136431   0.383201   0.514929   0.697221   0.458185   0.509701   0.388364   0.251471 0.979645
  0.176321   0.424098   0.159686   0.405919   0.140429   0.380164   0.526705   0.653422   0.468996   0.474703   0.402122   0.221322 0.969981
  0.178515   0.420944   0.162865   0.402419   0.143593    0.37735   0.534232   0.622193   0.479919   0.440019   0.413002   0.193406 0.96346
  0.179957   0.418371   0.166038   0.398893   0.147662   0.373488   0.539172    0.59673    0.49082   0.405072    0.42699   0.155107 0.984889
  0.183123    0.41695   0.169267   0.395424    0.15303   0.368905   0.550082   0.582569   0.501918   0.370698   0.445456   0.109644 0.971727
   0.18605   0.414707   0.172943   0.392465    0.15972   0.367705   0.560156   0.560307   0.514566    0.34133   0.468538  0.0975117 0.970125
  0.188333   0.413242   0.176967   0.389939   0.164636   0.365693   0.568015   0.545741   0.528421   0.316226    0.48548  0.0774347 0.942789
  0.190553   0.412035   0.181125   0.387682   0.169168   0.362985   0.575661   0.533732   0.542741   0.293771   0.501085  0.0505126 0.952489
    0.1927   0.411141   0.185537   0.385968   0.175709   0.361037   0.583063   0.524818   0.557948   0.276658   0.523642  0.0310049 0.896526
  0.195871    0.40967   0.190156   0.384914   0.182915   0.359577   0.593986   0.510164   0.573881   0.266054   0.548497  0.0162744 0.899591
  0.197794   0.408085   0.194852   0.384363   0.191994   0.359587   0.600601   0.494439   0.590085   0.260413   0.579844  0.0159831 0.848568
  0.199464   0.407524   0.199577   0.383888     0.1994   0.359563   0.606362   0.488829   0.606394   0.255523   0.605415  0.0154323 0.862888
  0.201998   0.407859   0.204299   0.383791   0.206731   0.361301   0.615114   0.492021   0.622696   0.254362   0.630753  0.0322682 0.851644
  0.205076   0.408499   0.208983   0.384494   0.213445   0.362805   0.625752   0.498207   0.638877   0.261093   0.653956  0.0468192 0.851359
  0.207742   0.409066   0.213585   0.385648   0.219537   0.364258   0.634966   0.503691   0.654786   0.272289   0.675012  0.0608995 0.879748
  0.210739   0.410482   0.218068   0.387152   0.225356   0.366275   0.645333   0.517538   0.670285   0.286936   0.695134  0.0805616 0.888861
  0.213814   0.411238   0.222403    0.38906   0.231578   0.369032   0.655961   0.524869   0.685282   0.305586   0.716656   0.107498 0.862845
   0.21628   0.412563   0.226596   0.391258   0.236902   0.372075   0.664497   0.537832   0.699792   0.327104   0.735083   0.137312 0.870481
  0.219314   0.413762   0.230724   0.393583   0.241236   0.374684   0.674991   0.549539   0.714079    0.34987   0.750089   0.162874 0.866981
  0.221068     0.4144   0.234763    0.39605   0.245557   0.378486   0.681054   0.555756   0.728061   0.374047   0.765064   0.200214 0.827742
  0.223013   0.416166    0.23836   0.399116   0.250719   0.383494   0.687797   0.573113   0.740526   0.404149   0.782962   0.249423 0.809841
  0.225848   0.419205    0.24184   0.402345   0.255034   0.387936    0.69763   0.602978   0.752591   0.435876   0.797926   0.293079 0.796416
  0.228283   0.422425   0.245684   0.405108   0.258647    0.39319   0.706089   0.634658   0.765906   0.462981   0.810481   0.344784 0.769673
  0.230667   0.426074    0.24937   0.408093   0.261144   0.397612   0.714372   0.670577   0.778676   0.492289   0.819168   0.388326 0.757521
  0.234069    0.43018   0.252353   0.411737   0.264118   0.402115   0.726182   0.710959   0.789032   0.528123   0.829506   0.432642 0.761833
  0.237631   0.434376   0.254534   0.415945   0.266754   0.405747   0.738543   0.752219   0.796624   0.569567   0.838663   0.468382 0.75266
  0.241565   0.439138   0.256743   0.420153   0.269793   0.408024   0.752196    0.79905   0.804314   0.611005   0.849189   0.490719 0.746969
  0.246731   0.443347    0.25945    0.42403   0.272583   0.410567   0.770097   0.840377   0.813719   0.649159   0.858861     0.5157 0.6976
  0.251622   0.446919   0.262705   0.427462   0.273849   0.412469   0.787039   0.875421   0.825011   0.682891    0.86326   0.534425 0.658704
  0.255788   0.448499   0.266546   0.430225   0.276297   0.414352   0.801447   0.890834   0.838312   0.710001    0.87174   0.552906 0.580729
  0.260386   0.449622   0.270841   0.432249   0.279359   0.415198   0.817338   0.901722   0.853174    0.72979   0.882324   0.561122 0.564015
  0.266828   0.450428   0.275341   0.433713   0.283154   0.417267   0.839591   0.909395   0.868734   0.744041   0.895458   0.581375 0.553942
  0.275941   0.450561   0.279854   0.435128   0.286184   0.419204   0.871059   0.910322   0.884334   0.757819    0.90595    0.60037 0.546254
  0.282906   0.450022   0.284316   0.436714   0.289801   0.420823   0.895096   0.904698   0.899766   0.773277   0.918461   0.616186 0.596479
  0.288098   0.448787   0.288794   0.438259   0.292669   0.421972   0.913006   0.892278   0.915251   0.788332   0.928383   0.627406 0.580123
  0.292367   0.447431   0.293421   0.439191   0.295821   0.423106   0.927724   0.878714   0.931238    0.79734   0.939282   0.638467 0.543565
  0.297754   0.445196    0.29817   0.439461   0.298851   0.424524   0.946289    0.85642   0.947639   0.799799   0.949764   0.652328 0.4802
  0.304074   0.443203   0.302898   0.439481   0.303325   0.426773    0.96808   0.836477   0.963963   0.799791   0.965247   0.674334 0.245124
  0.308474   0.441596   0.307621   0.439335   0.307612   0.429377   0.983248   0.820426   0.980269   0.798146   0.980086   0.699852 0.133641
   0.31236    0.43908    0.31236    0.43908    0.31236    0.43908   0.996626   0.795419   0.996626   0.795419   0.996626   0.795419 0
