41
 0.0633389    0.02319  0.0633389    0.02319  0.0633389    0.02319 -0.00407982   0.663211 -0.00407982   0.663211 -0.00407982   0.663211 0
 0.0553371  0.0318428  0.0653462  0.0288932  0.0738155  0.0258494  0.0314235   0.806575  0.0200352   0.630466 0.00810104   0.481226 0.727782
  0.049187  0.0391118  0.0671081  0.0346849  0.0837903  0.0300521  0.0613055   0.917016  0.0444979   0.602046  0.0267051   0.308641 0.966122
 0.0480315  0.0424608  0.0684838   0.040552  0.0903093  0.0373356  0.0752371   0.938576  0.0692383   0.580405  0.0578906   0.197703 0.944209
 0.0467205   0.048887  0.0685641  0.0466856  0.0924571   0.042745   0.102059   0.964113  0.0949696   0.581509  0.0807874   0.162383 0.945769
 0.0456806  0.0548286  0.0700677    0.05244  0.0939701  0.0473805   0.126876   0.984713    0.11925   0.557587   0.100377   0.137839 0.955858
 0.0475522  0.0603901  0.0720213  0.0580784   0.095107  0.0533884   0.150383    0.95428   0.143089   0.525753   0.125684   0.120427 0.922953
 0.0491308  0.0648129  0.0721968   0.064205  0.0960118  0.0596369   0.169087   0.928504     0.1688    0.52519   0.151978   0.107171 0.949927
 0.0489711  0.0726689  0.0736519  0.0700965   0.096935  0.0652533   0.202018   0.934505   0.193651   0.502172   0.175623  0.0933352 0.946983
 0.0506829  0.0790999  0.0740004  0.0761034  0.0980442  0.0719489   0.229157   0.907221   0.218877   0.498538   0.203812  0.0766886 0.92105
 0.0507141  0.0852257  0.0739689  0.0821606  0.0971714  0.0795245    0.25485    0.90918   0.244277   0.501563   0.235498  0.0950373 0.918208
 0.0501887  0.0928093  0.0745282   0.088181  0.0974233  0.0845546   0.286603   0.921461   0.269581   0.494252   0.256618   0.092691 0.917881
 0.0511394  0.0990346  0.0754502  0.0941576    0.10154  0.0900003   0.312805   0.907393   0.294736   0.480584    0.27986  0.0229823 0.9263
  0.049215    0.10198  0.0760233   0.100174   0.101533  0.0956887   0.324966   0.942225   0.320025   0.473028   0.303716  0.0254311 0.954268
 0.0496145   0.109554  0.0760534   0.106227   0.102091   0.102536    0.35677    0.93834   0.345412   0.474976   0.332489  0.0184772 0.954395
 0.0509258   0.114948  0.0765397    0.11225  0.0994095    0.10901   0.379521    0.91763   0.370721    0.46894   0.359375  0.0679792 0.923516
 0.0519317   0.121338  0.0774141   0.118237  0.0991294   0.115403    0.40642   0.902665   0.395915   0.456109   0.386159  0.0754872 0.917675
  0.048956   0.126268  0.0788685   0.124109   0.099182   0.120976   0.426801   0.956678   0.420684   0.433094   0.409538  0.0768469 0.928918
 0.0515962   0.131211   0.079205   0.130138    0.10022   0.127167   0.447794   0.912562      0.446   0.429678   0.435601   0.061238 0.925644
 0.0526903   0.137529  0.0795095   0.136179   0.100589   0.133743   0.474396   0.896026   0.471367   0.426825   0.463218  0.0574758 0.898373
 0.0534153     0.1435  0.0804461   0.142154    0.10093   0.140259   0.499511   0.885799   0.496515   0.412902   0.490578  0.0541821 0.881943
  0.054383   0.150244  0.0811278   0.148162   0.100341   0.145817   0.527885   0.871646   0.521781   0.403445   0.513828  0.0667483 0.857326
 0.0522585   0.155184  0.0812697   0.154208   0.100334   0.153318   0.548398    0.91079   0.547151   0.403438   0.545287  0.0699342 0.858229
 0.0533182   0.160585  0.0812462   0.160256    0.10091   0.159205   0.571149   0.894479    0.57251   0.406321   0.570032  0.0622795 0.847047
 0.0537242   0.167164  0.0812515   0.166303   0.101232   0.165641   0.598781   0.890073   0.597874   0.408699   0.597058  0.0592818 0.853236
 0.0547234   0.174058   0.081249   0.172351   0.101372   0.172466   0.627794   0.875432   0.623236   0.411214   0.625691  0.0596221 0.828143
 0.0562229    0.17957   0.081251   0.178398   0.101444   0.180033   0.651057   0.851481   0.648599   0.413652   0.657435  0.0614521 0.800116
 0.0549879   0.183502  0.0812468   0.184446   0.101041   0.185042   0.667426    0.87467    0.67396   0.416197   0.678404  0.0705547 0.84754
 0.0552618   0.189535   0.081269   0.190495   0.102416   0.191047   0.692754    0.87235   0.699331   0.418282   0.703723   0.048984 0.859164
 0.0552215   0.196293  0.0811882   0.196537   0.102695   0.198086   0.721091   0.875815   0.724662   0.422163   0.733268  0.0469769 0.810144
 0.0564126   0.202353  0.0813651   0.202597   0.101778   0.204521   0.746625   0.857479   0.750096    0.42155   0.760167   0.065636 0.779349
 0.0576941   0.208412  0.0810264   0.208611   0.100931   0.208742   0.772161   0.837562   0.775282   0.429926   0.777787  0.0821505 0.761795
 0.0584158   0.213989  0.0801285   0.214595   0.103579   0.215302   0.795619   0.827231    0.80029   0.448063   0.805558   0.038564 0.752353
 0.0591436   0.221489   0.080211   0.220656   0.102689   0.220749   0.827145   0.817579    0.82572   0.449099   0.828313  0.0563383 0.780836
 0.0584356   0.228249  0.0802102   0.226699   0.102224   0.227363   0.855426   0.832713   0.851061   0.451582   0.856007  0.0671691 0.758591
 0.0575945   0.235647   0.080202   0.232748   0.103527   0.231163    0.88637   0.850436    0.87643   0.454198   0.872072  0.0459589 0.767634
 0.0591477   0.240526  0.0804832   0.238788   0.103964   0.237497   0.906984   0.825288   0.901787   0.451753   0.898676  0.0409143 0.72064
 0.0602295    0.24692  0.0811407   0.244801   0.102689   0.241535   0.933904   0.808999   0.927069   0.442721   0.915488  0.0648494 0.761336
  0.071525   0.252683  0.0820402    0.25078  0.0969851   0.248805   0.959184   0.613972   0.952234   0.429448   0.945418   0.167487 0.709967
 0.0776455   0.257803  0.0830775   0.256738  0.0886624   0.257447   0.981256   0.509113   0.977324   0.413758   0.980842   0.316453 0.406449
 0.0841573   0.262689  0.0841573   0.262689  0.0841573   0.262689    1.00238    0.39732    1.00238    0.39732    1.00238    0.39732 0
