138
  0.381315   0.390169   0.381315   0.390169   0.381315   0.390169   0.993496  0.0561688   0.993496  0.0561688   0.993496  0.0561688 0
  0.379899   0.400499   0.385169   0.393115   0.388672   0.388516   0.976214   0.038167   0.988682   0.112378   0.996453   0.161774 0.659466
  0.381922    0.40451   0.389007   0.396085   0.395123   0.388333   0.969573  0.0682388   0.983826   0.168352    0.99693   0.254667 1
  0.385162   0.408952   0.392812   0.399106   0.400312   0.389524   0.962245   0.115933   0.978886   0.223859   0.995081   0.329683 1
  0.387601   0.412665   0.396547   0.402216   0.405242   0.392171   0.956111   0.151923   0.973794   0.278381   0.990796   0.401314 1
  0.389878   0.415693   0.400132   0.405487   0.409174   0.395372   0.951119   0.185434   0.968429    0.33078   0.985557   0.458704 1
  0.392062   0.418777   0.403482   0.408995   0.413586   0.399662   0.946028   0.217601   0.962663   0.379849   0.978513   0.523255 1
  0.393902   0.421754   0.406536   0.412771   0.417557   0.403904   0.941108   0.244802   0.956442   0.424719   0.971539   0.581439 1
   0.39602   0.424839   0.409265   0.416787   0.420751   0.408486   0.936014   0.276023   0.949811    0.46496   0.963975   0.628502 1
  0.398162   0.428571   0.411644   0.421014   0.424005   0.413166   0.929843   0.307743   0.942819   0.500216   0.956249   0.676462 1
  0.399904   0.432385   0.413697   0.425411   0.427189   0.418695   0.923522   0.333717   0.935534   0.530797   0.947106     0.7236 0.995465
    0.4016   0.436132   0.415479   0.429931   0.429619   0.424422   0.917313   0.359017   0.928035    0.55751   0.937611   0.759932 1
  0.403055   0.439965   0.417045   0.434531   0.431677    0.42976   0.910954   0.380862   0.920399   0.581142   0.928755   0.790818 1
  0.404266   0.444163   0.418435   0.439185   0.433209   0.435312   0.903978   0.399275   0.912668    0.60224   0.919528   0.814168 0.995703
  0.405412    0.44792    0.41968   0.443876   0.434669     0.4396   0.897738   0.416651    0.90487    0.62125    0.91241   0.836188 0.981825
   0.40636   0.451393   0.420801   0.448592   0.435997   0.444735   0.891965   0.431108   0.897028     0.6385   0.903872   0.856506 0.930749
  0.407176   0.455261   0.421793   0.453338   0.437121    0.44934    0.88553   0.443755   0.889132    0.65388   0.896216   0.873764 0.87568
  0.407905   0.459645   0.422639   0.458123   0.438275   0.454775   0.878231   0.455279   0.881167   0.667172   0.887173   0.891644 0.79048
  0.408888   0.463498   0.423318   0.462946   0.439434   0.459692   0.871826   0.470328   0.873134   0.678064   0.878997   0.909482 0.818146
  0.409636   0.467135   0.423794   0.467786   0.440093   0.464095   0.865774   0.481937   0.865066   0.686038   0.871664   0.919988 0.775834
  0.409974   0.472065   0.424032   0.472621   0.440476    0.46957   0.857553   0.487947   0.857001   0.690589   0.862535   0.926777 0.791495
  0.410194   0.477336   0.424082    0.47745   0.440953   0.476534    0.84876   0.492337   0.848941   0.692421   0.850924   0.935249 0.754745
  0.410155   0.482563   0.424092   0.482299   0.441085   0.483512   0.840034   0.492975   0.840847   0.693695   0.839279   0.938762 0.783823
  0.409867   0.487265   0.424198    0.48719   0.440635   0.489905   0.832177   0.489917   0.832685   0.696341   0.828594   0.933754 0.758357
  0.409277   0.490894   0.424242   0.492086   0.439724   0.496006   0.826103   0.482261   0.824514   0.698113   0.818385   0.922043 0.752726
  0.408295   0.494472   0.423866   0.496906   0.438578   0.501384   0.820104   0.468938   0.816458   0.693815   0.809377   0.906778 0.744472
  0.407411   0.499027   0.422767   0.501579    0.43742   0.506573   0.812477   0.457251   0.808627   0.679062   0.800684   0.891299 0.71402
    0.4064   0.503011    0.42104   0.506105   0.436254   0.511348   0.805799   0.443619   0.801026   0.655231   0.792682   0.875601 0.734195
  0.405183   0.507151   0.418942   0.510511   0.435084   0.516076   0.798855   0.427039   0.793616   0.626026   0.784757   0.859845 0.758201
  0.404061   0.511248   0.416712   0.514835   0.433826   0.521059   0.791986   0.411818   0.786338   0.594894   0.776406   0.842866 0.735231
  0.402618   0.515223   0.414523   0.519159   0.432305   0.525447   0.785312   0.391949   0.779061   0.564361    0.76904   0.821979 0.737358
  0.400482   0.519487   0.412535   0.523571   0.430637   0.529963   0.778137   0.362166   0.771642   0.536736   0.761457   0.798987 0.710497
  0.398272   0.523874    0.41082   0.528115   0.428687   0.534598   0.770755   0.331347   0.764012   0.513086   0.753667   0.771972 0.737808
  0.396158   0.528447   0.409284   0.532735   0.426379   0.539229   0.763065   0.301955   0.756258   0.492032   0.745875   0.739785 0.729589
  0.393979   0.533086   0.407815   0.537369   0.424206   0.543374   0.755262   0.271638   0.748483   0.471941   0.738898   0.709437 0.7157
   0.39232    0.53721   0.406373   0.541996    0.42283   0.546801   0.748334   0.248687    0.74072   0.452225   0.733141   0.690419 0.704058
  0.390471   0.542002   0.404997   0.546642   0.421187   0.550837   0.740284   0.223152   0.732929    0.43349   0.726359   0.667686 0.743266
  0.388515    0.54696   0.403732   0.551332   0.419388   0.555114   0.731956   0.196122   0.725065   0.416347   0.719171   0.642755 0.696574
  0.387028   0.551363   0.402571    0.55606   0.417931   0.559297   0.724566   0.175717   0.717142   0.400711   0.712149   0.622725 0.721941
  0.385617   0.555879   0.401476   0.560795   0.416527   0.563634    0.71699   0.156444   0.709208   0.386027   0.704871   0.603502 0.732028
  0.384551   0.560894   0.400412   0.565515   0.415385   0.567919   0.708589   0.142245   0.701299   0.371793   0.697688   0.588041 0.694417
  0.383663   0.566287   0.399371   0.570237   0.414575   0.571725   0.699563   0.130693    0.69339   0.357884   0.691312   0.577262 0.686086
  0.382939   0.572265   0.398353   0.574992   0.414012   0.575692   0.689565   0.121647   0.685425    0.34432   0.684676   0.570061 0.723228
  0.382275   0.578393   0.397419   0.579798   0.413522    0.57989   0.679317   0.113491   0.677377   0.331986   0.677655   0.563973 0.686638
  0.381923   0.586018   0.396834   0.584627   0.413146   0.584137   0.666579   0.110195     0.6693   0.324664   0.670554   0.559541 0.664363
  0.382352    0.59406   0.396899   0.589442   0.413171   0.588677   0.653167   0.118225   0.661265    0.32671   0.662978   0.560948 0.682474
  0.383504   0.599557   0.397759   0.594195    0.41353   0.592901    0.64402   0.136098   0.653353   0.340203   0.655935   0.567092 0.715052
  0.384703    0.60429   0.399265   0.598828   0.414137   0.596607   0.636151   0.154453    0.64566   0.362969   0.649766   0.576693 0.694615
  0.385961   0.608653   0.401235   0.603281   0.415026    0.59999   0.628902   0.173593   0.638279   0.392373   0.644143   0.590284 0.700085
  0.387357   0.613218   0.403488   0.607573   0.416282   0.603439   0.621319   0.194747   0.631174   0.425821   0.638418   0.609176 0.686721
  0.389104    0.61724   0.405846    0.61181   0.417889   0.607302   0.614652   0.220843   0.624165   0.460767   0.632013   0.633218 0.657891
  0.391063   0.621478   0.408138   0.616093   0.419821   0.611336    0.60763   0.250049   0.617077   0.494774    0.62533   0.661976 0.669177
  0.393344   0.626536    0.41028   0.620459   0.421764   0.615351   0.599247   0.284072   0.609846   0.526648    0.61868    0.69089 0.683688
  0.395798    0.63157   0.412245   0.624901   0.423542   0.619057    0.59091   0.320585   0.602482   0.555975   0.612541   0.717372 0.692125
  0.398212   0.636244   0.414014   0.629413   0.426269   0.623884   0.583172   0.356439   0.594999   0.582506   0.604557   0.757759 0.681755
  0.400035   0.640157   0.415631   0.633981   0.428925   0.629479   0.576689   0.383618   0.587417   0.606856   0.595288   0.797325 0.676829
    0.4019   0.644589   0.417161   0.638591   0.431059    0.63438   0.569341   0.411497   0.579762   0.629952   0.587164   0.829194 0.660425
  0.403618   0.648602   0.418632   0.643234   0.433249   0.639364   0.562688   0.437174   0.572051   0.652226   0.578903    0.86189 0.687406
  0.404983   0.651841   0.419969   0.647911   0.434985   0.644005   0.557317   0.457587   0.564279   0.672559   0.571201   0.887975 0.664145
  0.406095   0.655364   0.421072   0.652628   0.436616   0.648872   0.551466   0.474421   0.556435   0.689544   0.563121   0.912595 0.670549
  0.407008   0.659158    0.42195   0.657381   0.438094   0.653793   0.545158   0.488456   0.548524   0.703283   0.554945    0.93502 0.666351
  0.407972   0.662725   0.422793   0.662155   0.439251   0.658783   0.539229   0.503155   0.540578   0.716528   0.546646   0.952845 0.656091
  0.408594   0.666575   0.423798   0.666932   0.440164   0.664138   0.532819   0.513014    0.53263   0.732117   0.537732   0.967234 0.633094
  0.408912   0.671224   0.424853    0.67171   0.440638   0.671146   0.525067   0.518669   0.524683   0.748419   0.526047   0.975677 0.679743
  0.408924   0.676091   0.425526     0.6765   0.440602   0.679559   0.516942   0.519958   0.516704   0.759216   0.512002   0.977107 0.65848
  0.408555   0.680282   0.425402   0.681306   0.439771   0.685739   0.509935   0.515613   0.508677   0.758544   0.501662   0.966569 0.619437
  0.407886   0.683706   0.424408    0.68605   0.438796   0.690718   0.504203   0.506764   0.500731   0.745323   0.493325   0.953661 0.62964
  0.406991   0.687117   0.422674   0.690602   0.437755   0.695942   0.498484   0.494662   0.493087     0.7214   0.484577   0.939873 0.613743
  0.406043   0.690491   0.420362   0.694872   0.436477   0.699835   0.492827   0.481788   0.485898   0.689075   0.478044   0.922369 0.600135
  0.404723   0.693351   0.417783   0.698988   0.434753   0.704432   0.488017    0.46344   0.478956   0.652876   0.470323    0.89859 0.5799
  0.403102   0.696772   0.415301   0.703157    0.43234   0.709499   0.482264    0.44087   0.471932   0.618085   0.461801   0.865003 0.603797
  0.400973   0.701265   0.413162   0.707513   0.429906   0.713747   0.474705   0.411239   0.464603    0.58827   0.454643   0.830925 0.562364
  0.398032   0.706639   0.411261   0.711992     0.4273   0.718016   0.465657   0.370122   0.457075   0.561925   0.447449   0.794366 0.534358
  0.394824   0.712041   0.409433   0.716492    0.42465   0.722563   0.456553   0.325154   0.449513    0.53663   0.439786   0.757243 0.526574
  0.392423   0.717225   0.407599   0.720972   0.422472   0.726575   0.447835   0.291767   0.441987   0.511252   0.433032   0.726796 0.564277
  0.390477    0.72214    0.40583   0.725481   0.420704   0.730019   0.439577   0.264872   0.434412   0.486811   0.427234   0.702119 0.559601
  0.389042     0.7266   0.404213    0.73008   0.419127   0.733527   0.432095   0.245218   0.426692   0.464575   0.421337    0.68021 0.536797
   0.38794   0.731915   0.402908   0.734782   0.418066   0.736695   0.423192   0.230579   0.418807   0.446861    0.41602    0.66567 0.507238
  0.387033   0.738124   0.402147    0.73956   0.417254   0.739707   0.412804   0.218948    0.41081   0.437007    0.41097   0.654659 0.495688
  0.386631     0.7454   0.402142   0.744381   0.416552   0.743306   0.400646   0.214832   0.402764   0.438048   0.404944   0.645378 0.486825
  0.387116   0.752522   0.402868   0.749181   0.416208   0.747857   0.388771    0.22347   0.394769   0.449613   0.397338   0.641471 0.505295
  0.387997   0.758675   0.404166   0.753885   0.416462   0.752393   0.378524   0.237581   0.386952   0.469402   0.389771    0.64619 0.455457
  0.389337   0.764293   0.405883   0.758431   0.417193   0.756113   0.369182   0.258189   0.379409   0.495179   0.383582   0.657568 0.469028
  0.390867   0.768722   0.407894   0.762842   0.418398   0.759421   0.361829   0.281243     0.3721   0.525169   0.378091   0.675701 0.469872
  0.392918   0.773441   0.410085   0.767168   0.420386   0.763381   0.354005   0.311887   0.364937    0.55774   0.371535   0.705248 0.461243
  0.395625   0.778273   0.412354   0.771458   0.423092   0.767978   0.346012   0.351999   0.357837   0.591415   0.363934   0.745292 0.486948
  0.397935    0.78185   0.414627   0.775749   0.425653   0.772223   0.340102   0.386094   0.350735   0.625149   0.356916   0.783169 0.496823
  0.400299   0.785767   0.416836   0.780079   0.428229   0.776612   0.333627   0.421065   0.343565    0.65797   0.349659   0.821285 0.472975
  0.402734   0.789845   0.418898   0.784483   0.430912   0.781529   0.326885   0.457073    0.33627   0.688692   0.341521   0.861082 0.441561
  0.404782   0.793665   0.420707   0.788983   0.433017   0.786487   0.320563   0.487459   0.328805   0.715797   0.333302   0.892549 0.491721
  0.406155   0.797028   0.422158   0.793604   0.434422   0.790953   0.314986   0.508024    0.32113   0.737767   0.325884   0.913812 0.467365
  0.406986   0.800112   0.423184   0.798342   0.435624   0.795918    0.30986   0.520703   0.313249   0.753635   0.317628   0.932287 0.474146
  0.407582   0.803233   0.423753   0.803169    0.43652   0.801951   0.304666   0.530015   0.305207   0.762953   0.307581   0.946581 0.448851
  0.407979   0.806977   0.423831   0.808049   0.437091   0.809424   0.298427   0.536595   0.297062   0.765198   0.295121    0.95654 0.458977
  0.408001   0.811585   0.423325   0.812887   0.436649     0.8171   0.290736   0.537971   0.288973   0.759023   0.282296   0.951937 0.4688
  0.407676   0.815888   0.422113   0.817552   0.435648    0.82338   0.283544   0.534288   0.281152   0.742641   0.271786   0.938973 0.423672
  0.406985   0.819448    0.42013   0.821946   0.434016   0.828684   0.277583   0.525154   0.273765   0.715097   0.262889   0.916693 0.412515
  0.406066   0.822547    0.41759   0.826107   0.432236   0.833705   0.272385   0.512633    0.26675   0.679468   0.254459   0.892208 0.414888
  0.404893   0.825331   0.414789   0.830118    0.42978   0.838951   0.267706   0.496378   0.259979   0.640041   0.245637   0.858042 0.37338
  0.402782   0.828701    0.41195   0.834053   0.427248   0.843844   0.262023   0.466754   0.253335   0.600052   0.237401   0.822691 0.374255
  0.400316   0.832595   0.409106   0.837959   0.423991    0.84799   0.255457   0.432131   0.246739   0.559984   0.230392   0.776735 0.39766
  0.397788   0.835964   0.406258   0.841879   0.420758   0.851773   0.249766    0.39649   0.240119    0.51987   0.223991   0.731036 0.408066
  0.394963    0.83937    0.40341   0.845829   0.416994   0.856667   0.244005   0.356581   0.233449   0.479757    0.21572   0.677942 0.403291
  0.391866   0.842585   0.400566   0.849783   0.412946   0.860331   0.238555    0.31271   0.226771     0.4397   0.209496    0.62047 0.36214
  0.388251   0.847033    0.39773   0.853714   0.409925   0.863267   0.231033   0.261658   0.220133   0.399751   0.204514   0.577631 0.356817
   0.38433   0.851898   0.394897   0.857627   0.406981   0.866166   0.222806    0.20629   0.213527   0.359837   0.199595   0.535896 0.366617
  0.381083   0.856296   0.392053   0.861554   0.405033   0.868759   0.215379   0.160536   0.206895   0.319777   0.195215   0.508432 0.367808
  0.378462   0.860833   0.389213   0.865537   0.403673   0.871358   0.207734    0.12383    0.20017   0.279786    0.19084   0.489444 0.356026
  0.376224   0.866156    0.38663   0.869673   0.402286   0.874177   0.198789  0.0928173   0.193197   0.243536   0.186097   0.470111 0.318017
  0.374638   0.871602   0.384679   0.874086   0.400871   0.876534   0.189655  0.0712273   0.185778   0.216449   0.182124   0.450276 0.323244
  0.373316    0.87716   0.383686   0.878837   0.399821   0.878742   0.180342  0.0534732    0.17782   0.203251    0.17841   0.435656 0.335246
  0.372532   0.884674    0.38376   0.883698   0.399168   0.882107   0.167778   0.043912   0.169708   0.205439   0.172776   0.427028 0.388078
  0.372693   0.892874   0.384946   0.888358   0.398917   0.886455   0.154093  0.0481264   0.161961   0.223598   0.165511   0.424412 0.362474
  0.373768   0.899319   0.387154   0.892632   0.399313    0.89087   0.143363  0.0650968   0.154884   0.256392   0.158151   0.431142 0.395865
  0.375636   0.904516   0.389959    0.89665   0.400574   0.894808   0.134738  0.0932163   0.148252   0.297733   0.151611   0.450212 0.370821
  0.378117   0.909167   0.392891   0.900587   0.402197   0.898432    0.12704   0.130029    0.14176   0.340872   0.145605   0.474436 0.364757
  0.380843   0.914062   0.395663   0.904564   0.403717   0.901332   0.118942   0.170428   0.135194    0.38172   0.140805   0.496996 0.321777
  0.384254   0.918052   0.398252   0.908633   0.405648   0.903821   0.112372   0.220482   0.128472   0.419962   0.136702   0.525393 0.315577
   0.38659   0.921235   0.400658   0.912834    0.40865   0.906871   0.107122   0.254876   0.121523   0.455588   0.131691   0.569335 0.335132
  0.389156   0.924466   0.402899   0.917157   0.412478   0.912008   0.101798   0.292586   0.114366   0.488872   0.123218   0.625671 0.319031
  0.392151   0.926876   0.405013   0.921547   0.416219   0.917336  0.0978546   0.336292   0.107094   0.520336   0.114424   0.680801 0.340486
  0.393811   0.929375   0.407022   0.925959   0.419598    0.92264  0.0937276   0.360777  0.0997825   0.550306   0.105661   0.730696 0.232731
  0.395795   0.932202    0.40884   0.930436    0.42194   0.927375  0.0890612    0.39001  0.0923576   0.577522  0.0978188   0.765525 0.294683
  0.398245   0.935414   0.410323   0.935063   0.423687   0.932684  0.0837647   0.426045  0.0846737   0.599959  0.0890029   0.791929 0.272786
  0.399615   0.938221   0.411306   0.939879   0.424175   0.940753  0.0791159   0.446433  0.0766606    0.61523   0.075547   0.800814 0.320992
  0.399751   0.942759   0.411518   0.944729   0.423915   0.948989  0.0715444   0.449439  0.0685708   0.619411  0.0617912    0.79897 0.318914
  0.399202   0.947586   0.410664   0.949404   0.422261   0.955166  0.0634724    0.44264  0.0607434   0.608182  0.0514353   0.776582 0.29296
  0.398206   0.951018   0.408637   0.953756   0.419134   0.960464  0.0577158   0.429095  0.0534251   0.579993  0.0425078   0.732753 0.289051
  0.396689   0.953877   0.405781   0.957768   0.415767   0.965521  0.0529024   0.407893  0.0466503   0.539768  0.0339769    0.68542 0.275829
  0.394785   0.956749   0.402495   0.961447   0.411342     0.9703  0.0480568   0.381134  0.0404219   0.493291  0.0258792   0.622777 0.120221
  0.392799   0.959518   0.399009   0.964807   0.407501   0.973794  0.0433812   0.353164  0.0347193   0.443842  0.0199438   0.568252 0.220818
  0.390243   0.962572   0.395315    0.96788   0.403572   0.976907  0.0382163   0.317047  0.0294906   0.391337  0.0146425   0.512381 0.271961
   0.38706   0.965691   0.391394   0.970698   0.399076   0.980195  0.0329233   0.271912  0.0246812   0.335504 0.00903373   0.448369 0.292815
  0.384035   0.967927   0.387277   0.973298   0.392377   0.982636  0.0291106   0.228852  0.0202316   0.276804 0.00477872   0.352427 0.275512
  0.380041   0.969982   0.383036   0.975718   0.385991   0.980679  0.0255733   0.171793  0.0160784   0.216272 0.00787468   0.259983 0.293421
  0.375475   0.972148   0.378739   0.977998   0.379065   0.981546   0.021834   0.106527  0.0121566   0.154889 0.00624278   0.160414 0.143424
  0.371806    0.97486   0.374414   0.980184    0.37493   0.982142  0.0172092  0.0542913 0.00839158  0.0930974 0.00513769   0.100985 0.118511
  0.370077   0.982323   0.370077   0.982323   0.370077   0.982323 0.00470534  0.0311041 0.00470534  0.0311041 0.00470534  0.0311041 0
