42
  0.319667  0.0166338   0.319667  0.0166338   0.319667  0.0166338 -0.00376043   0.683974 -0.00376043   0.683974 -0.00376043   0.683974 0
  0.313992  0.0255725   0.321682  0.0227778   0.328602  0.0205748  0.0290027   0.904883  0.0202406   0.627068  0.0135483   0.377785 0.973391
  0.313371  0.0277713    0.32351  0.0289642   0.331744  0.0233482  0.0372562   0.931888  0.0443572   0.576848  0.0249413   0.273329 1
  0.313382  0.0374105    0.32515  0.0352327   0.335282  0.0336301  0.0741225   0.953766  0.0687405   0.533453   0.065149   0.172211 1
  0.313891  0.0421576   0.325829  0.0416423   0.336522  0.0411901  0.0924046   0.946768  0.0934228   0.524329  0.0943712   0.145947 1
  0.314719  0.0483431   0.326174   0.048092   0.337393     0.0469   0.116267   0.931837   0.118175   0.527048   0.116426   0.128404 1
  0.315572  0.0541105   0.326949  0.0545107   0.338275  0.0523104   0.138537   0.915057   0.142916   0.514538   0.137338   0.109769 1
  0.316182  0.0610793   0.327538  0.0609427   0.338898  0.0589788    0.16534   0.909661   0.167662   0.508616   0.162996   0.103199 0.983035
  0.316817  0.0667537    0.32827  0.0673642   0.339772  0.0646571     0.1872   0.900343   0.192403   0.497613    0.18493  0.0854666 0.937232
   0.31738  0.0730397   0.329321  0.0737364   0.340704  0.0709431   0.211381   0.895002   0.217036   0.475231   0.209203  0.0671187 0.888372
  0.317389  0.0805447   0.330974  0.0799797   0.341031  0.0780138   0.240085   0.912029   0.241326   0.431342   0.236326  0.0719157 0.816886
  0.317701  0.0870385   0.332212  0.0863229   0.341351  0.0849614   0.264997   0.916027   0.265895   0.402293   0.262976  0.0766677 0.794243
  0.318049  0.0934179   0.332374  0.0927835   0.341677  0.0917638   0.289481     0.9185   0.290642   0.411524   0.289072  0.0808753 0.777066
  0.318093   0.100795   0.332209  0.0992372   0.342047  0.0979152   0.317704   0.933965   0.315282   0.432263    0.31269  0.0820352 0.773523
  0.318356   0.107141   0.332356   0.105713   0.342298   0.105102    0.34204   0.939342   0.340083   0.442012   0.340237  0.0897911 0.744764
  0.318775   0.113256   0.333712   0.112019   0.342626   0.111608   0.365532   0.938708   0.364542    0.40875     0.3652  0.0932348 0.722892
   0.31899   0.119795   0.334421   0.118432   0.342953   0.118072    0.39059   0.946222   0.389243    0.39855   0.390002  0.0966311 0.664983
  0.319655   0.125218   0.334378   0.124899   0.343289   0.124491   0.411497    0.93528   0.413964   0.415001   0.414635  0.0996159 0.641749
  0.319636   0.132607   0.334371   0.131355   0.343258   0.132093    0.43975   0.953041   0.438654   0.430177   0.443698   0.118266 0.647192
  0.320058   0.138956   0.334387   0.137818   0.343649   0.138066   0.464135   0.952817   0.463373   0.444545   0.466641   0.118257 0.618085
  0.320564   0.145579   0.334345   0.144285   0.344242   0.144085   0.489593   0.950243   0.488092   0.460974   0.489808   0.111268 0.573897
  0.321197    0.15168   0.334399   0.150725   0.344784   0.149822   0.513082   0.942013   0.512738   0.473936   0.511884   0.105384 0.598386
  0.321706   0.157823   0.334105   0.157199   0.345204   0.156422   0.536704   0.938245   0.537421   0.499275    0.53723   0.105799 0.585463
  0.322176    0.16394   0.335905   0.163354   0.345658   0.162553   0.560214   0.935805    0.56141   0.449964   0.560789   0.103944 0.609495
  0.322561   0.170328   0.335401   0.169841   0.346307   0.168187    0.58474   0.936956   0.586093   0.482757     0.5825  0.0940552 0.595071
  0.323189   0.176262    0.33548   0.176274   0.346525   0.175538   0.607591   0.928527   0.610716   0.494834   0.610668   0.103367 0.589661
    0.3235   0.183016   0.335366   0.182756   0.346919   0.182111   0.633497   0.933159   0.635476   0.513814   0.635904   0.104631 0.588448
  0.323855   0.189968   0.335441   0.189206   0.347378   0.188648   0.660174   0.936671   0.660163   0.526074   0.661015   0.103542 0.615057
  0.324146   0.197077   0.335392   0.195673    0.34782   0.194851   0.687435   0.942852   0.684881   0.542731   0.684847   0.102302 0.597354
   0.32465   0.204228   0.335464   0.202127   0.348724   0.199892   0.714907   0.941585   0.709581   0.555132   0.704354   0.082033 0.547471
  0.325311   0.210176    0.33533     0.2086    0.34872   0.207591    0.73782   0.931981   0.734303   0.574815   0.733798  0.0999821 0.534597
  0.326075   0.215959   0.335748    0.21503   0.349052   0.213973    0.76013   0.918381   0.758997    0.57491   0.758288   0.102993 0.456592
  0.326397   0.223406   0.336736   0.221424   0.349375   0.220679   0.788688   0.924237   0.783697   0.554807   0.784014    0.10709 0.436649
  0.327251   0.229609   0.337473   0.227837    0.34964   0.227293   0.812623   0.908428   0.808407   0.543614   0.809372   0.113012 0.375054
   0.32803   0.235653   0.338762   0.234174   0.349973   0.233949   0.835932   0.894912   0.832965   0.512796   0.834913    0.11664 0.375084
  0.328971   0.242814   0.339881   0.240536   0.349676   0.240495   0.863557   0.878242   0.857575   0.488004   0.859873   0.142251 0.367689
  0.329956   0.248793   0.340751   0.246939   0.350388   0.246025   0.886668   0.857297   0.882279   0.472102   0.881198   0.129901 0.375037
  0.331361    0.25398   0.341432   0.253363   0.350942   0.252258   0.906857   0.819703   0.907019   0.462912   0.905173   0.124751 0.311563
  0.332615    0.26034    0.34196   0.259803   0.351249   0.259238   0.931494   0.790141   0.931779   0.459132   0.931944   0.130063 0.326034
  0.333761   0.267149   0.342387    0.26625   0.351632   0.266501   0.957819   0.765463   0.956541   0.458966   0.959817   0.133321 0.282481
  0.336501   0.273305   0.342759     0.2727   0.350368   0.272651    0.98205   0.682986   0.981302    0.46075   0.983019   0.192136 0.431377
  0.343112   0.279152   0.343112   0.279152   0.343112   0.279152    1.00606   0.463202    1.00606   0.463202    1.00606   0.463202 0
