29
  0.799079   0.852066   0.799079   0.852066   0.799079   0.852066  0.0243985   0.963855  0.0243985   0.963855  0.0243985   0.963855 0
   0.80051   0.859482   0.802865   0.855057   0.803589   0.850515  0.0893751   0.946521  0.0531871   0.881541  0.0146719    0.85458 0.640234
  0.803794   0.863678   0.807351   0.856746    0.81001   0.851411   0.128133   0.878653  0.0713354   0.779939  0.0275524   0.705832 0.760355
  0.805362   0.865341   0.811292   0.859081   0.815623   0.854622   0.143707   0.845476  0.0946018   0.692567  0.0597017   0.581098 0.759015
  0.807687   0.867904   0.814236   0.862957   0.820025   0.858403    0.16764   0.796529   0.130328   0.631957  0.0957879   0.486082 0.781304
  0.810362   0.871032   0.817124    0.86672   0.823505   0.861924   0.196715   0.740596   0.165042   0.572412   0.128889   0.412118 0.803384
  0.813609   0.874927   0.820081   0.870469   0.827504   0.866407    0.23285    0.67294   0.199687   0.511238   0.170698   0.328086 0.812138
  0.817245    0.87926   0.822971   0.874255   0.830595   0.870272   0.273071    0.59709   0.234599   0.451703   0.206446   0.264008 0.835181
   0.81937   0.882543   0.825575   0.878267   0.833834   0.874978   0.303031   0.554405   0.271219   0.399384   0.249558   0.198288 0.826404
  0.821708   0.886069   0.828709    0.88185   0.836414   0.879167    0.33526   0.507263   0.304582   0.333665   0.287682   0.146925 0.748438
  0.823657   0.889665   0.831321   0.885841   0.838514   0.883637   0.367782   0.469391   0.341032    0.28111   0.327851   0.107438 0.742678
  0.825292   0.893851   0.832331   0.890501    0.84022   0.888446   0.405125   0.440208   0.381955   0.267634    0.37061  0.0779462 0.722231
  0.826732   0.896021   0.832203   0.895261   0.841671   0.892694   0.424955   0.411168   0.422815   0.281065   0.408342  0.0531995 0.697049
  0.827637   0.899528   0.832421   0.900036   0.842512   0.898259   0.455872   0.397615    0.46409   0.286428   0.456914  0.0456663 0.673186
  0.828588   0.903091   0.834547   0.904291    0.84305   0.904133   0.487301   0.383098   0.502421   0.245868   0.507905  0.0459163 0.657603
  0.828966   0.908165   0.834355   0.909078   0.843599   0.910115   0.531278   0.385359   0.543468   0.260873   0.559833  0.0461578 0.637457
   0.82886   0.913833   0.834369   0.913842   0.842991    0.91612   0.579979   0.400297   0.584491   0.270994   0.611032  0.0736006 0.598697
  0.828446   0.919014   0.833619   0.918552   0.842145   0.920964   0.624234   0.421363   0.624418   0.298935   0.652041   0.104086 0.600201
  0.827627   0.923116   0.832144   0.923086     0.8408    0.92576   0.658887   0.449596   0.662261   0.343508   0.692233    0.14619 0.501835
  0.826705   0.926488   0.831083   0.927739   0.839434   0.930092   0.687161   0.478645   0.701456   0.378606   0.728426   0.187739 0.511651
   0.82504   0.930412   0.830047   0.932401   0.837837   0.934347   0.719597   0.526319    0.74075   0.413149   0.763765    0.23456 0.557577
  0.823274   0.934126   0.828752   0.936962   0.835479   0.938917   0.750145   0.575924   0.778962   0.453565   0.801199   0.299947 0.547277
  0.822059   0.937469   0.826331   0.941104   0.832562   0.944005   0.777944   0.611773    0.81266   0.519469   0.842642   0.379578 0.553815
  0.819946    0.94146   0.824107   0.945295   0.828868    0.94919   0.810588   0.670134   0.846948   0.580879   0.884299   0.477663 0.546722
  0.817187   0.946017   0.821927   0.949589   0.825126   0.952834   0.847596   0.744891   0.882153   0.641479   0.912651   0.573492 0.502155
  0.814683   0.950344   0.818417   0.952733   0.821665    0.95615   0.882825    0.81316   0.906389   0.730758   0.938406    0.66202 0.667172
  0.812281   0.954142   0.814829   0.955851   0.818472   0.959838    0.91358   0.877884   0.930334   0.821833   0.967581   0.745061 0.483595
  0.809573   0.958425   0.812102   0.959797   0.815302   0.962296   0.948262   0.950857   0.962106   0.894484   0.986192   0.824854 0.52888
  0.809642   0.963873   0.809642   0.963873   0.809642   0.963873   0.995211   0.961177   0.995211   0.961177   0.995211   0.961177 0
