161
  0.836417  0.0259286   0.836417  0.0259286   0.836417  0.0259286 0.00344406    0.27394 0.00344406    0.27394 0.00344406    0.27394 0
  0.835396  0.0341623   0.840081   0.028861   0.842933  0.0253974    0.01506   0.294925 0.00833448   0.241062 0.00390154   0.207956 0.935683
   0.83699  0.0391269   0.843626   0.031967   0.848022  0.0272819  0.0224769   0.285451  0.0134514   0.209601  0.0075556   0.159434 0.959052
  0.838836  0.0421961   0.846934  0.0354201   0.852272  0.0306727  0.0272236   0.270959  0.0190219   0.180976  0.0132129    0.12129 0.965511
  0.840371  0.0449312   0.849868  0.0393681   0.857544  0.0349279  0.0314326   0.259159   0.025232   0.156737   0.020301  0.0740253 0.943898
  0.841093  0.0476271   0.852141  0.0437209   0.861179  0.0402724  0.0354334   0.255445  0.0318988   0.139653  0.0286446  0.0445929 0.951385
  0.841316  0.0507543   0.853383   0.048261   0.863792  0.0458963  0.0399593   0.257304  0.0386414   0.133145  0.0371978  0.0257657 0.966821
  0.840874  0.0537097   0.853237  0.0527732   0.864764  0.0524361  0.0441144   0.265597  0.0450844   0.140503  0.0467573  0.0245788 0.950197
  0.839893  0.0563948    0.85173  0.0571373   0.864094  0.0591049  0.0477812   0.278936  0.0510604   0.161302  0.0561947  0.0400045 0.922849
  0.838474  0.0589628   0.849304   0.061336   0.862546  0.0643914  0.0511981   0.296508  0.0566274   0.191096  0.0634857  0.0624205 0.951805
   0.83652  0.0618758   0.846421  0.0653576   0.859805  0.0692406  0.0550098   0.319891  0.0618547   0.225239  0.0699264  0.0962239 0.890935
  0.834143  0.0657827   0.843507  0.0692507   0.856534  0.0732958  0.0601674   0.348813   0.066892   0.259529  0.0751294   0.134297 0.894932
  0.832271   0.070144   0.840906  0.0731979   0.853894  0.0763901  0.0660711   0.373267  0.0720656   0.290742  0.0790725   0.164793 0.896068
   0.83077  0.0745891   0.838955  0.0773997   0.852253  0.0788382  0.0721642   0.394119  0.0777258   0.315785  0.0822761    0.18443 0.858228
  0.829801  0.0807971   0.837937  0.0819916   0.851419  0.0819013   0.080885   0.411938  0.0841198   0.331986  0.0865124   0.196793 0.857
  0.829799  0.0876491   0.837891  0.0867968   0.851256  0.0859565  0.0907102   0.420912  0.0910015   0.338729  0.0922968   0.203728 0.845358
  0.830681  0.0935728   0.838782  0.0915449   0.851923  0.0897055  0.0993692   0.419824  0.0979768   0.336005  0.0977975   0.201944 0.844989
  0.832089  0.0986214   0.840563  0.0959846   0.853296  0.0928892   0.106872   0.412314   0.104676   0.323968   0.102619    0.19235 0.832295
  0.834066   0.103384   0.843031   0.100083   0.855224  0.0959148   0.114071   0.398727   0.111014   0.304595   0.107319   0.176984 0.817262
  0.836373   0.107903   0.845888   0.103943   0.857845  0.0994291   0.120983   0.381523   0.117085   0.281013   0.112848   0.155317 0.848126
  0.839396   0.112265   0.848838   0.107674   0.860902   0.103127   0.127803   0.356935   0.122986   0.256335   0.118723   0.129523 0.872172
   0.84288   0.116159   0.851714   0.111381   0.864069   0.106966   0.134039   0.327116    0.12884    0.23237    0.12482   0.102811 0.81202
  0.845988   0.119374   0.854514   0.115172   0.867175    0.11128    0.13923    0.30018     0.1348   0.209272   0.131588   0.077332 0.851488
  0.848145   0.122167   0.857247   0.119155   0.869759   0.115027   0.143639   0.282226   0.141022   0.187089   0.137444  0.0563348 0.861721
  0.849276    0.12527   0.859809   0.123388   0.871862   0.118868     0.1483   0.274942   0.147571   0.166951   0.143345  0.0402892 0.842764
  0.849626   0.129572   0.861796   0.127804    0.87342   0.123803   0.154535   0.277067   0.154276   0.152825   0.150713  0.0311293 0.86816
  0.849313   0.133919   0.862752   0.132319   0.874407   0.130225   0.160709   0.285883   0.160929   0.149141   0.160106  0.0296393 0.836315
  0.848454   0.137347   0.862332   0.136849   0.874071   0.138183   0.165463   0.298966   0.167346   0.159274   0.171455  0.0433989 0.838331
   0.84728   0.140425   0.860799   0.141342    0.87271   0.144033   0.169658   0.314752   0.173501   0.180505   0.179589  0.0646889 0.812252
  0.845912   0.143391   0.858638   0.145753   0.870916   0.148941   0.173655   0.332331   0.179422   0.207923    0.18629  0.0890749 0.860417
  0.844019   0.146688   0.856319   0.150046   0.868693   0.153161   0.178029   0.355605   0.185144   0.236763   0.191926   0.116859 0.8068
  0.841653   0.150636   0.854115   0.154268   0.866091   0.157312   0.183247   0.384474   0.190787   0.264364   0.197392   0.148354 0.803677
   0.83933   0.154928   0.852149   0.158534   0.863517   0.161775   0.188967   0.413354   0.196536   0.289635    0.20331   0.179982 0.846115
  0.837297   0.159345   0.850541   0.162955   0.861592   0.165772    0.19492   0.439503   0.202575   0.311533   0.208681   0.204492 0.832974
  0.835701    0.16379   0.849334   0.167571   0.860134   0.169123   0.200996   0.461304   0.208968   0.329657   0.213214   0.223481 0.885331
  0.834147   0.167613   0.848465    0.17231   0.859092   0.172705   0.206187   0.481866   0.215602    0.34456   0.218156   0.238602 0.850409
  0.833041   0.173116    0.84786   0.177092   0.858647   0.177342   0.213872   0.500146   0.222345   0.356871   0.224721   0.249114 0.872718
   0.83277   0.181163   0.847477   0.181854   0.858813    0.18249    0.22536   0.513373   0.229102   0.366924   0.232134   0.254188 0.871223
  0.833447   0.188487   0.847379   0.186598   0.859482   0.186444   0.235988   0.516159   0.235887   0.374107   0.237929   0.252646 0.874568
  0.834656     0.1938   0.847646   0.191336    0.86037   0.189748   0.243834   0.510999    0.24273   0.377627   0.242834   0.248073 0.905849
  0.836252    0.19933   0.848356   0.196067    0.86153   0.193175   0.252061   0.502235   0.249646   0.376696   0.247965   0.240926 0.896624
  0.838342     0.2045   0.849574   0.200704   0.862947   0.196552   0.259866   0.488047   0.256523   0.370553   0.253072   0.231143 0.907083
  0.841538   0.210184   0.851359   0.205122   0.864457   0.199468   0.268614   0.463462   0.263193   0.358447   0.257536   0.219825 0.868704
  0.844921    0.21506   0.853759   0.209207    0.86636   0.202687   0.276239    0.43594   0.269499   0.339739   0.262508   0.204968 0.877188
  0.847372   0.218411   0.856649   0.212994   0.869205    0.20662   0.281503   0.415757   0.275471   0.315736   0.268679   0.181604 0.859024
  0.850141   0.222143    0.85975   0.216657   0.871965   0.210638   0.287372   0.392902   0.281303   0.289459   0.274958   0.159203 0.828781
  0.852431   0.225647   0.862778   0.220372   0.874268   0.214495   0.292826   0.374529   0.287196   0.263967   0.280919   0.141174 0.825923
  0.854448   0.229208   0.865547   0.224253   0.876424   0.218399   0.298309   0.358983    0.29328   0.241299    0.28692   0.124675 0.776146
  0.856793   0.233168   0.868035   0.228308    0.87833   0.222567   0.304426   0.340657    0.29956    0.22168   0.293254   0.111025 0.802162
  0.858674   0.236932   0.870236   0.232535   0.880589   0.227122   0.310175   0.326739   0.306033   0.205147   0.300207  0.0943442 0.76464
  0.859833   0.240596   0.872141   0.236924   0.883137   0.232273   0.315647   0.319907   0.312682   0.191801   0.308071  0.0755477 0.721414
  0.860663   0.244499   0.873713   0.241445    0.88514   0.237604   0.321397     0.3167    0.31946   0.181953    0.31609  0.0624544 0.69132
  0.861457   0.248055   0.874913   0.246063   0.886338   0.242597   0.326645   0.313391   0.326307    0.17597   0.323473  0.0569701 0.679012
   0.86214   0.252014   0.875708   0.250747   0.887288   0.247351    0.33245   0.311724   0.333171   0.174129   0.330469  0.0536724 0.656812
  0.862353   0.256325   0.876143   0.255479   0.888136   0.253314   0.338672   0.315223   0.340038   0.175949   0.339177  0.0529632 0.686848
  0.861943   0.260248   0.876305   0.260252   0.888168   0.260555   0.344221   0.324459   0.346913   0.180568   0.349567   0.062107 0.706805
  0.861215   0.263464   0.876273   0.265058   0.887473   0.266854   0.348696   0.335954   0.353799   0.187168   0.358469  0.0773026 0.684214
  0.860182   0.266043    0.87601   0.269857   0.886678   0.272431   0.352201   0.349679   0.360631   0.196085   0.366317  0.0925652 0.700631
  0.858773   0.268561   0.875353   0.274578    0.88571   0.277403   0.355548   0.367082   0.367277   0.208833   0.373266   0.108758 0.723866
  0.856961    0.27166   0.874137   0.279146   0.884255   0.282078   0.359653   0.389289   0.373601   0.226983   0.379698   0.129448 0.722589
  0.854807   0.274953   0.872287    0.28351   0.881938   0.287145   0.363972   0.415175   0.379513   0.251226    0.38653   0.159278 0.757231
  0.852398   0.278369   0.869913    0.28766   0.878976   0.292129    0.36842   0.443772   0.385019   0.280431   0.393123   0.195476 0.732458
  0.849872   0.282225   0.867151   0.291591   0.875614   0.296523   0.373477   0.474125   0.390139   0.313241   0.398795   0.234898 0.757775
  0.847471   0.286365   0.864138   0.295316   0.872382   0.300599   0.378963    0.50359   0.394917   0.348303   0.404034   0.272611 0.758506
  0.845173   0.290766   0.861019   0.298935   0.869471   0.305216   0.384844   0.532368   0.399523   0.384279   0.410111   0.307807 0.771334
  0.842831   0.295316   0.857944    0.30257   0.867149   0.309489    0.39093    0.56177    0.40416   0.419835   0.415803   0.336656 0.761398
   0.84052   0.299758   0.855055   0.306337   0.865747   0.312573   0.396868   0.590733   0.409021    0.45371   0.419963   0.354737 0.746874
  0.838474   0.304396   0.852405    0.31028   0.864748   0.315349   0.403136   0.617295    0.41418   0.485408   0.423757   0.368377 0.749683
  0.836784   0.308931   0.850001   0.314404   0.863826   0.318473   0.409323    0.64016   0.419643   0.514886   0.428065   0.381692 0.717614
  0.835022   0.313503   0.847848    0.31871   0.863201   0.321898   0.415549   0.663785   0.425415   0.542083   0.432858   0.392431 0.723285
    0.8338   0.319177   0.846041   0.323181   0.862919   0.325735   0.423457   0.683449   0.431489   0.566031   0.438307   0.400274 0.728157
  0.833104   0.325537   0.844781   0.327778   0.862964   0.329671   0.432447   0.698731   0.437845    0.58467   0.443961   0.404963 0.761654
  0.833069   0.332806   0.844273   0.332459   0.863316   0.333117   0.442863    0.70858   0.444462   0.595878   0.448968    0.40594 0.734471
  0.833703   0.339657   0.844623   0.337174   0.863834   0.336151   0.452806   0.711181   0.451289   0.598532   0.453415   0.404722 0.707758
  0.834794   0.345117   0.845686   0.341846   0.864491   0.339013   0.460839   0.707395   0.458186   0.593992   0.457642   0.401878 0.702061
  0.836098   0.349669   0.847277   0.346394   0.865429   0.341906   0.467611   0.700277   0.465006   0.583994   0.461966   0.396258 0.734212
  0.837749   0.354385   0.849221   0.350759   0.866612   0.344761   0.474682   0.689899   0.471629   0.570222   0.466281   0.388142 0.735215
  0.839622   0.359129   0.851383   0.354991   0.867951   0.347691   0.481835   0.677337   0.478101   0.554091   0.470733   0.378557 0.722263
  0.841868   0.363732   0.853642   0.359175   0.869431   0.350993   0.488856   0.660844   0.484525   0.536924   0.475745   0.368039 0.715264
  0.844352   0.368213   0.855888   0.363392   0.871142   0.354202   0.495746   0.641813   0.490991   0.519936   0.480666   0.355098 0.676265
  0.847382    0.37302   0.858139   0.367623   0.873078   0.357557   0.503206   0.617747   0.497478   0.502916    0.48584   0.340082 0.725137
  0.850093   0.377227   0.860505   0.371778   0.875346   0.361424   0.509745   0.596075   0.503879   0.484643   0.491809   0.322411 0.730589
  0.852858   0.381315   0.863096    0.37577   0.878086   0.365615   0.516124   0.573715   0.510088     0.4639   0.498331   0.300444 0.699583
  0.855852   0.385403   0.865944   0.379575   0.881007   0.369874   0.522547   0.549062   0.516077   0.440341   0.504985   0.276737 0.717101
  0.858887   0.389531   0.868967   0.383261   0.884022   0.374374   0.529034   0.524056   0.521929   0.414865   0.512002   0.252419 0.677357
  0.861599   0.393493   0.872078   0.386904   0.886943   0.378824   0.535223   0.502057   0.527734   0.388462   0.518929   0.228969 0.688837
  0.863954   0.397294   0.875165   0.390581   0.889884     0.3835   0.541113   0.483438   0.533585   0.362332   0.526184   0.205615 0.65294
  0.866015   0.401112   0.878062   0.394383   0.892749    0.38865   0.546974   0.467773   0.539578   0.338281   0.534105   0.183635 0.672665
  0.867781   0.404995   0.880588     0.3984   0.895188   0.393613   0.552872   0.455154   0.545811   0.318226   0.541678   0.165687 0.65468
    0.8693   0.408671   0.882585   0.402706   0.897358   0.398292   0.558427   0.444741   0.552359   0.303846   0.548794    0.15006 0.605443
   0.87047   0.411962   0.884038   0.407254   0.899371    0.40304   0.563366    0.43732   0.559152   0.295233   0.555978   0.136104 0.636583
  0.871346   0.415004   0.884989    0.41195   0.900864   0.408013   0.567892   0.432524   0.566064   0.291844   0.563389   0.127648 0.65736
  0.872137   0.418116   0.885484   0.416701   0.902052   0.412938   0.572502   0.428666    0.57297   0.293091   0.570674   0.122181 0.639606
  0.872834   0.421498   0.885638   0.421464   0.903095   0.418018   0.577482   0.426103   0.579829    0.29777   0.578152   0.118372 0.643672
  0.873256   0.425968   0.885624   0.426235   0.903838   0.423693   0.583971   0.427717   0.586666   0.304152   0.586429   0.118342 0.607623
  0.873367   0.431436   0.885611   0.431009   0.904224   0.430492   0.591832   0.433747    0.59351   0.310517   0.596251   0.123364 0.575888
  0.873172   0.436516   0.885659   0.435784   0.904236   0.437695    0.59908   0.442344   0.600366   0.316283   0.606581    0.13265 0.605766
  0.872415   0.439974   0.885632   0.440555    0.90367    0.44404   0.603897   0.454449   0.607203   0.322787   0.615574   0.146615 0.605774
  0.871207   0.442969    0.88538   0.445319   0.902954    0.44975   0.607965   0.470468   0.613987   0.331541   0.623627   0.161254 0.602177
  0.869737   0.446292   0.884773   0.450061    0.90198   0.454864   0.612455   0.489541   0.620673   0.343813   0.630779   0.177695 0.613783
  0.868051   0.449792   0.883768   0.454733   0.900568   0.459788   0.617159   0.510999   0.627185    0.35999   0.637576   0.198285 0.581181
  0.866062   0.453354   0.882337   0.459278   0.898728   0.464839   0.621894   0.535584   0.633435   0.380266   0.644475   0.223319 0.583781
  0.863928   0.457049   0.880469    0.46365   0.896748   0.469639   0.626794   0.561799   0.639353   0.404696   0.650987   0.249432 0.598223
  0.861682   0.460966    0.87827    0.46788   0.894681   0.474117   0.631991    0.58942   0.645008   0.432259   0.657021   0.275987 0.593757
  0.859224   0.465097   0.875903   0.472038   0.892028   0.479013   0.637454   0.619444   0.650528   0.461413   0.663546    0.30897 0.63244
  0.856581   0.469402   0.873528   0.476195   0.889386   0.483498   0.643134   0.651552   0.656044   0.490636   0.669482   0.341301 0.596345
     0.854   0.473818   0.871256   0.480397   0.887257   0.487226   0.648983   0.683187   0.661645   0.518896    0.67443   0.367502 0.653608
  0.851799   0.477849   0.869144    0.48467   0.884882   0.491436   0.654351     0.7105   0.667377   0.545639   0.680023     0.3968 0.662697
  0.849502    0.48262   0.867249   0.489039   0.882389   0.495833   0.660762   0.739755   0.673287   0.570334   0.685862   0.427524 0.648983
  0.847221   0.487767   0.865598   0.493512   0.880455   0.499748   0.667716   0.769337   0.679392   0.592721   0.691114   0.452019 0.641348
   0.84547   0.492294    0.86416   0.498066   0.878928   0.503624   0.673881   0.792799   0.685654   0.613083   0.696386   0.472391 0.662188
  0.843906   0.496793   0.862897   0.502675   0.877534   0.507624    0.68004   0.814345   0.692027   0.631764   0.701861   0.491581 0.670006
  0.842437   0.501346   0.861766   0.507314   0.876315   0.511471   0.686293   0.835011   0.698467   0.649153   0.707149   0.508826 0.642955
  0.841171   0.505768    0.86071   0.511967   0.875191   0.515359   0.692397   0.853479   0.704942   0.665819   0.712515   0.525171 0.635706
  0.839937   0.510588   0.859664   0.516622   0.874334   0.519126   0.699079    0.87214   0.711421   0.682378   0.717756   0.538679 0.647755
  0.838865   0.515439   0.858575   0.521266   0.873607   0.523032   0.705833   0.889216   0.717876   0.699367    0.72322   0.551061 0.644025
  0.838015   0.520472    0.85747   0.525907   0.873002    0.52722   0.712892   0.904313   0.724325   0.716504   0.729113   0.562605 0.651508
  0.837359   0.525982   0.856426   0.530564   0.872447   0.531418    0.72067   0.918092   0.730807   0.733042   0.735028   0.573645 0.620034
  0.836898   0.531902   0.855522   0.535253   0.872037   0.535768   0.729072   0.930445   0.737362   0.748236    0.74119   0.583447 0.611561
  0.836416   0.537544   0.854818   0.539979   0.871757   0.540408   0.737073    0.94265   0.744007   0.761463   0.747791   0.592315 0.587288
  0.835882   0.543142   0.854362   0.544732   0.871462   0.545017   0.745001   0.955319   0.750737   0.772246   0.754345   0.601293 0.629972
   0.83567   0.549984   0.854199     0.5495   0.871354   0.549207   0.754771   0.966385   0.757544   0.780113   0.760332   0.607853 0.599528
  0.835825   0.557225   0.854361   0.554268    0.87151   0.553423   0.765184    0.97429    0.76441   0.784716   0.766407   0.611802 0.558145
  0.836245   0.563543   0.854853   0.559012   0.871802   0.558078   0.774322   0.978346   0.771306   0.785992   0.773137    0.61496 0.612083
  0.836987   0.569082   0.855673    0.56371   0.872049   0.562756   0.782403   0.978147   0.778196   0.783918   0.779892   0.618593 0.562768
  0.837896   0.574112   0.856811    0.56834   0.872628   0.566799   0.789786   0.975621   0.785048   0.778569   0.785797   0.618083 0.575177
  0.838926   0.579034    0.85821   0.572906   0.873508   0.570336   0.797037   0.971736   0.791857   0.770512   0.791033   0.613884 0.556655
   0.84027   0.584003     0.8598   0.577414   0.874468    0.57387   0.804413   0.964758   0.798619   0.760474    0.79628   0.608887 0.530331
  0.841954   0.589108   0.861513   0.581874    0.87558   0.577497   0.812048   0.954561   0.805335   0.749149    0.80169   0.602485 0.556002
  0.843874   0.594162   0.863316   0.586292   0.876897   0.581177   0.819655   0.941929   0.812007   0.736858   0.807213   0.594103 0.525146
  0.845743   0.598326   0.865203   0.590671   0.878354   0.584862   0.825976   0.928648   0.818639    0.72367   0.812769   0.584322 0.542538
  0.848041    0.60334   0.867169   0.595015   0.879708   0.588503   0.833595   0.912175   0.825235   0.709654   0.818244   0.575517 0.571706
  0.850732   0.609066    0.86919   0.599335   0.881465   0.592467   0.842309     0.8927   0.831809   0.695051   0.824257   0.563089 0.530714
  0.852885   0.613303   0.871222   0.603653   0.883454   0.596522   0.848789    0.87667   0.838381   0.680335   0.830443   0.548468 0.556629
  0.855123   0.617613    0.87322   0.607993   0.885677   0.600785   0.855387   0.859881   0.844978   0.665991   0.836972   0.531759 0.573578
  0.857327   0.621834   0.875177   0.612354   0.887966   0.604944   0.861852   0.843312   0.851597   0.652084   0.843365   0.514263 0.536083
  0.859616   0.625658   0.877197   0.616679   0.890174    0.60874   0.867764    0.82538   0.858177   0.637499    0.84922   0.497108 0.571528
  0.861928   0.629259   0.879402   0.620898   0.892428   0.612464    0.87336   0.806924   0.864639   0.620916   0.854982   0.479386 0.53094
  0.864988   0.633912   0.881892   0.624956   0.894834   0.616412   0.880605   0.782343   0.870924   0.601279   0.861093   0.460442 0.531875
  0.868126   0.638469   0.884612   0.628881   0.897508   0.620644   0.887726   0.756856   0.877061   0.579155   0.867662   0.439188 0.53844
   0.87069   0.642228   0.887452   0.632733   0.900323   0.624892   0.893596   0.736083   0.883117   0.555732    0.87428   0.416533 0.525857
  0.873702   0.646346   0.890305   0.636572   0.903176   0.629066   0.900065   0.711288   0.889154   0.532171   0.880799   0.393406 0.526772
  0.876846    0.65045   0.893097   0.640441   0.906023   0.633324   0.906537   0.685153   0.895225   0.509259   0.887438   0.370449 0.474251
  0.880387   0.654883   0.895783   0.644376   0.908688   0.637573   0.913556   0.655468    0.90137   0.487483   0.894029   0.349298 0.478072
  0.884024   0.659172   0.898323   0.648409   0.910992   0.641333   0.920387   0.624638   0.907629   0.467313   0.899851   0.331127 0.48134
  0.887534   0.663212    0.90073   0.652534   0.913189   0.645113   0.926836   0.594748   0.913994    0.44859   0.905682    0.31406 0.452675
  0.891296   0.667443    0.90311   0.656681   0.915198   0.648773   0.933607   0.562595   0.920385   0.430163   0.911307   0.298718 0.482988
  0.895196   0.671329   0.905577   0.660773   0.917422   0.652346   0.939909     0.5286   0.926714   0.410794   0.916847   0.281102 0.45914
   0.89843   0.674287   0.908227   0.664741   0.920154   0.656271   0.944755   0.500056     0.9329   0.389429   0.922986   0.258863 0.487358
  0.901406   0.677234   0.911098   0.668541   0.922812   0.660377   0.949538     0.4741   0.938886   0.365627   0.929371   0.237601 0.500652
  0.904891   0.680485   0.914217   0.672133   0.925264   0.664111   0.954852   0.443433    0.94462   0.339072   0.935184   0.217911 0.462078
  0.908971   0.684144   0.917596    0.67549   0.927539   0.667343   0.960862   0.407338   0.950066   0.309612   0.940244   0.199343 0.486789
  0.912987   0.687485   0.921138   0.678699   0.930046   0.671012   0.966404   0.371464    0.95533   0.278317   0.945974   0.179024 0.467763
  0.916346   0.690181   0.924699   0.681893   0.932543   0.675047   0.970899   0.341332   0.960576   0.246809   0.952227   0.159272 0.468281
  0.919548   0.692731   0.928142   0.685202   0.934961   0.678951   0.975153   0.312586   0.965966   0.216647   0.958277   0.140149 0.468497
  0.923036   0.695458    0.93144   0.688649   0.938047    0.68291   0.979717   0.281206   0.971525   0.188102   0.964532    0.11441 0.377015
  0.927401   0.698466   0.934677   0.692154   0.940853   0.686407   0.984846   0.241402   0.977157   0.160254   0.970072  0.0908702 0.327748
  0.931932   0.701216   0.937938   0.695638   0.943546   0.690073   0.989637   0.199604   0.982763   0.132139   0.975832  0.0686796 0.337925
  0.936736   0.703337   0.941271   0.699054   0.946673   0.693998   0.993578   0.154245   0.988284   0.103206   0.982045  0.0424765 0.287981
  0.943266   0.704643   0.944658   0.702419   0.948915    0.69844   0.996671  0.0905262   0.993744   0.073674   0.988834  0.0258156 0.128118
  0.948071   0.705759   0.948071   0.705759   0.948071   0.705759   0.999172  0.0438423   0.999172  0.0438423   0.999172  0.0438423 0
