15
  0.918469   0.880694   0.918469   0.880694   0.918469   0.880694   0.161906 0.00303531   0.161906 0.00303531   0.161906 0.00303531 0
  0.913286   0.885623   0.917036   0.886287   0.926206   0.887333  0.0961549    0.14483   0.156614    0.14317   0.302697   0.125355 0.416606
  0.907937   0.893034   0.916801    0.89198   0.928193   0.890939  0.0353899   0.346604   0.170292   0.280098   0.344647   0.202135 0.720397
  0.907459   0.900309   0.917946    0.89759   0.929539   0.894416  0.0500934   0.522419   0.205225   0.408631   0.376205   0.278829 0.752295
  0.908646   0.909124   0.919698   0.903101   0.930181   0.897367    0.09545    0.72721   0.249323   0.531945   0.395204   0.346241 0.770149
  0.912808   0.915434   0.923501   0.907276   0.931688   0.899938   0.179518   0.858363   0.321301   0.613822   0.426521    0.40055 0.765014
  0.920454   0.921112   0.928641   0.909861   0.934278   0.901225   0.315954   0.958175   0.409259   0.651539   0.470803   0.419173 0.760858
  0.929785   0.922935   0.934195   0.911273   0.937154   0.901601   0.466917   0.958146   0.500106   0.659315   0.516756    0.41473 0.756752
  0.940919   0.921395   0.939936   0.911501   0.940284   0.901146   0.635719    0.86948   0.590265   0.637984    0.56414   0.389276 0.698725
  0.948574   0.918197   0.945309    0.90979   0.941691   0.900834   0.745272   0.757453   0.668781     0.5721   0.585114   0.375274 0.599903
  0.954966   0.910351   0.949693   0.906167   0.945662   0.899355   0.820965   0.540436    0.72606   0.465199   0.642488   0.321454 0.294588
  0.957314    0.90699   0.954798   0.903645   0.950158   0.897318   0.847314   0.449297   0.797923   0.381198   0.706351   0.251891 0.210274
  0.962426   0.903048   0.958942   0.899614   0.955394   0.894307   0.914961   0.331385   0.850216   0.265705   0.778767   0.155605 0.194561
  0.966467   0.899225   0.963162   0.895758   0.961069   0.890986   0.966291    0.22132   0.904223   0.154004   0.857084  0.0499009 0.25498
   0.96729    0.89177    0.96729    0.89177    0.96729    0.89177   0.956411   0.039591   0.956411   0.039591   0.956411   0.039591 0
