127
  0.306487   0.400099   0.306487   0.400099   0.306487   0.400099     0.9998   0.875009     0.9998   0.875009     0.9998   0.875009 0
  0.298639   0.402489   0.304912   0.404732   0.313558   0.408154   0.994574   0.777879    0.99166   0.860028   0.987079   0.973613 0.837854
  0.294238   0.405448   0.303236   0.409321   0.313807   0.412962   0.988879   0.725164   0.983579   0.843712   0.978906   0.981998 1
  0.290679   0.409383    0.30136   0.413825   0.312297   0.418264   0.981641   0.684212   0.975616    0.82476   0.969632   0.968562 1
  0.288299   0.412757   0.299271   0.418236   0.310432   0.423971   0.975533   0.657624   0.967779   0.803009   0.959616   0.951071 1
  0.286574    0.41502   0.297062   0.422594   0.309082   0.428707   0.971418   0.638158   0.960016   0.779663   0.951332   0.939048 1
   0.28389   0.418665   0.294816   0.426934   0.307297   0.433483   0.964803   0.608006   0.952278   0.755844   0.942917   0.921562 1
  0.280492   0.423528   0.292544   0.431257   0.304842   0.438382   0.956004   0.570115   0.944565   0.731654   0.934194   0.895677 1
  0.277024   0.428396   0.290222   0.435554   0.302843    0.44224   0.947186   0.531329    0.93689   0.706814   0.927315   0.874467 1
  0.274267   0.432508    0.28785   0.439824   0.301052   0.446207   0.939763   0.500758   0.929252   0.681319    0.92028    0.85601 1
  0.271846   0.437038   0.285467   0.444088    0.29938   0.450222   0.931675   0.474913   0.921624   0.655661   0.913181   0.839127 1
  0.269875   0.441132   0.283108   0.448365   0.297589   0.454089   0.924397   0.454313   0.913977   0.630333   0.906318   0.820565 1
  0.267754   0.445272   0.280777   0.452658   0.295205   0.458986   0.917018   0.431854   0.906309   0.605373   0.897609    0.79559 0.979686
  0.264968    0.45033   0.278457   0.456956   0.293205   0.463136   0.907976   0.401939    0.89863   0.580559    0.89023   0.774673 0.991938
  0.261745   0.456015   0.276148   0.461261   0.290601   0.468135   0.897799   0.367158   0.890944   0.555885   0.881316   0.747011 0.960503
  0.259362   0.460826   0.273891   0.465593   0.288066   0.473144   0.889237   0.342101   0.883218    0.53191   0.872393   0.720246 0.880438
  0.257338   0.465155   0.271734   0.469975   0.285471   0.477626   0.881551   0.321076   0.875421   0.509252   0.864361   0.692133 0.857215
  0.255565   0.469877   0.269675   0.474406   0.283927   0.481446    0.87323   0.303679   0.867554   0.487907   0.857614   0.676664 0.800588
  0.254114   0.474278   0.267677   0.478864   0.282557   0.485629   0.865502   0.290016   0.859652   0.467352   0.850272   0.663794 0.818732
  0.252432   0.478907   0.265708    0.48333   0.281047    0.48961   0.857354   0.273676    0.85174   0.447178   0.843253   0.648926 0.810086
  0.250965   0.483231   0.263775   0.487812    0.27974   0.493676   0.849756   0.259724   0.843804   0.427479   0.836121   0.636735 0.792458
  0.249433   0.487785   0.261895   0.492326   0.278463   0.498002   0.841757   0.245197   0.835822     0.4085   0.828548   0.625206 0.764561
  0.247806   0.492483    0.26015   0.496895   0.277284   0.502464   0.833498   0.229629   0.827766   0.391279   0.820757   0.615064 0.777988
  0.246324   0.496968   0.258692   0.501552   0.275619   0.506983   0.825624   0.215668   0.819603   0.377809     0.8128   0.598814 0.743238
  0.244536   0.501757   0.257624   0.506316   0.274142   0.511304   0.817186   0.198138   0.811312   0.369418   0.805206   0.584743 0.775208
   0.24278   0.506877   0.256706   0.511122   0.272682    0.51573   0.808188   0.181392   0.802973    0.36297   0.797435   0.570988 0.782037
  0.241568    0.51162   0.255568   0.515869   0.271747   0.520698   0.799913   0.171133   0.794701   0.353665   0.788816   0.564505 0.743489
  0.240273   0.516716   0.254083   0.520523   0.270446   0.525271   0.791023    0.16022   0.786538   0.339837   0.780818   0.552941 0.795578
  0.239089   0.522007   0.252545   0.525162   0.269204   0.529485   0.781817   0.150917   0.778394    0.32534   0.773442   0.541734 0.765281
  0.237864   0.526571   0.251266   0.529866   0.267996   0.534256   0.773845   0.140308   0.770174   0.314192    0.76512   0.531555 0.752343
  0.236691   0.531348    0.25025   0.534639   0.266789   0.538864   0.765517    0.13058   0.761876   0.306469   0.757076   0.521225 0.734466
  0.235405   0.535802   0.249332   0.539439   0.265554   0.543338   0.757726   0.119083   0.753547   0.300005   0.749257   0.510395 0.724631
  0.234221   0.540109   0.248377   0.544231   0.264333   0.547629   0.750198   0.108714   0.745225   0.293079   0.741751   0.499539 0.739691
  0.232872   0.544965   0.247349   0.549006   0.263229   0.552346    0.74171  0.0968468   0.736923   0.285197   0.733536   0.490627 0.753778
  0.231754   0.549986   0.246225   0.553756     0.2622   0.557045   0.732973  0.0880815   0.728648   0.276073   0.725364   0.482652 0.751237
  0.230437   0.554552   0.244996   0.558481     0.2609   0.561538   0.724985  0.0763057   0.720401    0.26559   0.717502   0.471007 0.719435
  0.229278   0.559056   0.243665   0.563183   0.260033   0.566409   0.717126  0.0664719   0.712178   0.253775   0.709059   0.465287 0.716283
  0.227861   0.563474   0.242264   0.567872   0.259034    0.57086   0.709376  0.0532587   0.703968   0.241069   0.701313   0.457419 0.717288
  0.226756   0.569112   0.240956    0.57258   0.258149   0.574208   0.699588  0.0453466   0.695738   0.229555   0.695468   0.449815 0.704458
  0.225856   0.573808   0.239929   0.577345   0.257319   0.578352    0.69144  0.0390105   0.687452    0.22168    0.68827   0.443771 0.742794
  0.224965   0.578736   0.239238   0.582175   0.256609   0.583017   0.682894  0.0330278   0.679105   0.218151   0.680202   0.439809 0.763532
  0.224354   0.584054   0.238778   0.587043   0.256192   0.588003   0.673725   0.031044   0.670727   0.217586   0.671628   0.439921 0.726268
  0.223754   0.589037   0.238438    0.59192   0.255559   0.592738   0.665129  0.0288278    0.66235    0.21856   0.663451   0.437023 0.72784
  0.223144   0.593975   0.238146   0.596797   0.255179   0.597523   0.656609  0.0264398    0.65398   0.220145   0.655225   0.437383 0.7478
   0.22268   0.599118   0.237844   0.601669    0.25479   0.602158   0.647759  0.0261283   0.645617   0.221606   0.647255   0.437472 0.751363
  0.222364     0.6046   0.237499   0.606536   0.254667    0.60651   0.638354  0.0280645   0.637257   0.222504   0.639806   0.440636 0.729798
  0.222178   0.610207   0.237116   0.611405   0.254678   0.610765   0.628752  0.0317877   0.628887   0.222917   0.632543   0.445406 0.735843
   0.22184    0.61525   0.236714   0.616283   0.254614   0.615427   0.620093  0.0329791   0.620499   0.223112   0.624572   0.449656 0.740637
  0.221644   0.620732    0.23642   0.621166   0.254513     0.6204   0.610704  0.0364359    0.61212   0.224677   0.616067   0.453774 0.734851
   0.22161   0.626797   0.236418    0.62604   0.254312   0.624932   0.600343  0.0425914   0.603797   0.229951     0.6083    0.45613 0.736481
   0.22178   0.632359   0.236817   0.630898   0.254249   0.629841   0.590872  0.0507968   0.595562   0.240288   0.599909   0.460671 0.759984
  0.221924   0.637806   0.237517   0.635735   0.254241   0.635174   0.581593  0.0585345   0.587403   0.254442   0.590802   0.466351 0.781491
  0.222045   0.643537   0.238387   0.640553   0.254313   0.640321   0.571825  0.0662912   0.579305   0.270721   0.582025   0.472863 0.755512
  0.222449   0.648553   0.239259   0.645363   0.254556   0.645098   0.563319  0.0768791   0.571219   0.287025   0.573903   0.481137 0.763105
  0.222949   0.653298    0.23994   0.650191   0.254833   0.650033   0.555291  0.0883845   0.563075   0.300922   0.565518   0.490012 0.756732
  0.223412    0.65845   0.240302   0.655053   0.255114    0.65495   0.546561  0.0998633   0.554826   0.310813   0.557163   0.498918 0.751892
  0.224054   0.663469    0.24049   0.659939   0.255584   0.659224   0.538085   0.113473   0.546512   0.318498   0.549935   0.509533 0.766006
  0.224973    0.66838    0.24071   0.664828    0.25604    0.66372   0.529835   0.130483   0.538196   0.326603   0.542324   0.520212 0.732858
  0.225856   0.673227   0.241124   0.669698   0.256993   0.667221   0.521687    0.14697   0.529941   0.337159   0.536486   0.536125 0.722615
  0.226797   0.678131   0.241839   0.674521   0.257891   0.672303   0.513451   0.164253    0.52181   0.351475   0.527939   0.553054 0.729861
  0.227821   0.682858   0.242913   0.679279   0.258362   0.677232   0.505531   0.182403   0.513843   0.370296   0.519592   0.564398 0.718768
  0.228837   0.687468   0.244149    0.68401   0.259578   0.681506   0.497807   0.200317   0.505946   0.391139   0.512473   0.584488 0.691248
  0.230232   0.692607   0.245251   0.688772   0.260832   0.686194   0.489235   0.223626   0.497975   0.410321   0.504651   0.605522 0.707558
  0.231782   0.697676   0.246124   0.693582   0.261989   0.690551   0.480807   0.248829   0.489889   0.426631    0.49738    0.62495 0.665951
   0.23318   0.702543   0.247019   0.698383   0.263123   0.694751     0.4727    0.27187   0.481824   0.443221   0.490374   0.643918 0.669134
   0.23472   0.707553   0.248202   0.703112    0.26417   0.698833   0.464371   0.296889   0.473921   0.463388   0.483558   0.661656 0.662914
   0.23639   0.712247   0.249705   0.707759   0.265252   0.702766   0.456601   0.323199   0.466207   0.487529   0.476999   0.679684 0.662609
  0.237871    0.71648   0.251428   0.712336   0.266725   0.707241    0.44959   0.346624   0.458643   0.514395   0.469574   0.703259 0.631771
  0.239178   0.720493    0.25327   0.716863   0.268409   0.712313   0.442927   0.367587   0.451181    0.54273    0.46116   0.730168 0.623
  0.240331   0.724945   0.255135   0.721378   0.269938   0.716669   0.435495   0.387073   0.443745   0.571326   0.453945   0.754329 0.625846
  0.241849   0.730011   0.256928   0.725915   0.271236   0.720979   0.427066   0.411869    0.43626    0.59904   0.446775   0.775498 0.640274
   0.24336   0.734568    0.25864   0.730485   0.272443   0.725101   0.419506   0.436014   0.428708    0.62576   0.439914   0.795313 0.638963
  0.244559   0.738883   0.260331   0.735072   0.273808   0.730634   0.412313   0.455936   0.421122    0.65223   0.430666   0.818668 0.615225
  0.245593   0.742761   0.262007   0.739675   0.275197   0.736102   0.405843   0.473293   0.413508   0.678528   0.421531   0.842263 0.624972
  0.246424   0.746212   0.263454   0.744336   0.276274   0.740783   0.400071   0.487603   0.405759    0.70198   0.413696   0.861035 0.626037
   0.24705   0.749786   0.264407   0.749111   0.277291   0.746212   0.394061   0.499435   0.397746   0.719272   0.404574   0.879844 0.601018
  0.247526   0.753858   0.264742   0.753987   0.278056   0.752603   0.387177   0.509903   0.389469   0.728822   0.393774   0.896506 0.61998
  0.247974   0.758235   0.264506   0.758876   0.278479   0.759379    0.37977   0.520352   0.381087   0.731126   0.382267   0.909248 0.577809
  0.248272    0.76271    0.26377   0.763698   0.278467    0.76607   0.372171   0.529004   0.372747   0.727018   0.370841   0.916355 0.5198
  0.248066   0.767091   0.262702   0.768459   0.277981   0.772676   0.364661   0.531144   0.364461   0.718619    0.35949   0.917359 0.548708
  0.247501   0.771191   0.261503   0.773201   0.277279   0.778505   0.357579   0.528411    0.35619   0.708528   0.349435   0.914763 0.548797
  0.246669   0.775103   0.260256    0.77793   0.276063   0.783679   0.350778   0.522089   0.347933   0.697821   0.340423   0.904928 0.526085
  0.245655    0.77892    0.25884   0.782601   0.274635   0.788582   0.344112    0.51334   0.339751   0.684896   0.331844   0.892107 0.497118
  0.244339   0.782659   0.257125   0.787167   0.272944   0.793711   0.337537   0.500676   0.331705   0.668059    0.32284   0.876192 0.496092
  0.242693   0.786685   0.255118   0.791621   0.270719   0.798884   0.330422   0.484134   0.323808   0.647394   0.313682   0.853536 0.439755
   0.24045   0.791028   0.252904   0.795982    0.26807   0.803942   0.322679   0.460345   0.316039    0.62399    0.30466   0.825366 0.529845
  0.237764   0.795485    0.25055   0.800264   0.265165   0.808463   0.314678   0.431054   0.308383   0.598727   0.296517   0.793354 0.505297
   0.23536   0.799436   0.248079   0.804476   0.262467   0.812283    0.30758   0.404799    0.30083   0.571899     0.2896   0.763214 0.533846
  0.233103   0.803326   0.245506   0.808624   0.259884   0.816298    0.30061   0.380339   0.293374   0.543711   0.282369   0.734756 0.524335
  0.230807   0.806651   0.242852    0.81272   0.257055   0.820578   0.294597    0.35478   0.285993   0.514424   0.274648   0.703454 0.486597
  0.227947   0.811225   0.240137   0.816784   0.253958   0.825321   0.286371   0.323396   0.278657   0.484347   0.266097   0.669244 0.490461
  0.225787   0.814798   0.237412   0.820849   0.251695   0.828753   0.279954   0.299833   0.271319   0.454125   0.259907   0.644217 0.515146
   0.22337   0.819482   0.234823   0.824992   0.249818   0.832198   0.271605   0.274193   0.263868   0.425731   0.253751   0.624102 0.504218
  0.221514   0.823277   0.232544   0.829301   0.247786   0.836171   0.264853   0.254735   0.256178   0.401444   0.246671   0.602602 0.471698
  0.218941   0.827736   0.230671   0.833806   0.246346   0.839663   0.256865   0.226884   0.248211   0.382534   0.240498   0.588093 0.466369
  0.217346   0.832844   0.229212   0.838471   0.245233   0.842393    0.24791   0.212159   0.240035   0.369061   0.235676   0.576906 0.486738
  0.215824   0.838382   0.228164    0.84325   0.244398   0.845379   0.238233   0.198832   0.231721   0.360932   0.230455   0.569539 0.448728
   0.21486   0.844208   0.227485   0.848097   0.243582   0.849076   0.228144   0.192906   0.223346   0.357564   0.224024   0.563181 0.447808
  0.214007     0.8504   0.227118   0.852962   0.242913   0.853187   0.217448   0.188787   0.214986   0.358189   0.216907   0.559152 0.462321
   0.21363   0.857925   0.227012   0.857822   0.242257   0.857407   0.204544   0.192172   0.206672   0.362112   0.209606     0.5554 0.433904
  0.213967   0.865862   0.227119   0.862699   0.241619   0.861516   0.191042    0.20508   0.198362   0.368769   0.202496    0.55175 0.412264
  0.214763   0.872513   0.227411   0.867608   0.241924   0.865875   0.179802   0.222409   0.190022   0.377812   0.195098   0.560359 0.350011
  0.216473    0.87795   0.228026   0.872481   0.242397   0.870446   0.170768   0.250044   0.181791   0.390923   0.187363   0.571328 0.365841
  0.218831   0.882462   0.229197   0.877201   0.242851   0.875129   0.163407   0.284918   0.173903   0.410927   0.179434   0.582191 0.283584
  0.220773   0.887553   0.231057   0.881681   0.243495    0.87949   0.154999   0.315115   0.166525   0.439429   0.172081   0.595111 0.216543
  0.222747   0.890896   0.233478   0.885922   0.244668   0.883196   0.149579   0.343838   0.159638   0.474798   0.165924   0.614044 0.290135
  0.224916   0.894549   0.236281   0.889945   0.245584   0.886294   0.143658   0.375362   0.153177   0.514782   0.160769   0.629037 0.277163
  0.227151   0.898164   0.239152     0.8939   0.247388   0.889022   0.137811   0.407694   0.146843   0.555569   0.156374   0.654935 0.317597
   0.22982   0.901828   0.241669   0.898041   0.250268   0.893411   0.131944   0.445583   0.140139   0.592045   0.149299   0.696291 0.368343
  0.232641   0.906611   0.243555   0.902537   0.253577   0.898018   0.124191   0.486632   0.132738   0.620904   0.141917   0.743342 0.396743
  0.235481   0.911674   0.245149   0.907201   0.256062    0.90189   0.115959   0.528213   0.125008   0.646219   0.135669   0.779135 0.407488
  0.237601   0.915735   0.246929    0.91176   0.259014   0.906491   0.109335   0.559569   0.117483   0.673792   0.128242   0.821639 0.413277
  0.239456   0.919866    0.24906   0.916131    0.26153   0.911342   0.102552   0.587632   0.110331   0.705614   0.120328   0.858887 0.401578
   0.24106   0.923018   0.251324   0.920453   0.263862   0.916374  0.0974037   0.611439   0.103282   0.739078   0.112076   0.893982 0.368814
  0.242235   0.926505   0.253474   0.924866     0.2656    0.92149   0.091622   0.630147  0.0960599   0.771199   0.103595   0.921623 0.402349
   0.24309   0.930819    0.25522   0.929427   0.266814   0.925816  0.0843811   0.645708  0.0885281   0.798335   0.096385   0.941753 0.36918
  0.243941   0.934399   0.256254   0.934156   0.268013   0.931714  0.0783918   0.660404  0.0806038   0.816617  0.0864899   0.963388 0.327551
  0.244445   0.938158   0.256452   0.939028   0.268479   0.938782  0.0720484   0.670888  0.0723135   0.824422  0.0744884   0.976982 0.297498
  0.244855   0.942969   0.256007   0.943932   0.268233   0.946251  0.0638935   0.681327  0.0638757   0.824082  0.0617012   0.981975 0.300737
  0.245065   0.947795   0.255131   0.948755   0.266798   0.953443  0.0556843   0.689228  0.0555133   0.818191  0.0492104   0.971551 0.314843
  0.244654   0.952007   0.253922   0.953469   0.264492   0.958135  0.0484315   0.688584  0.0472882   0.807946  0.0408635   0.947336 0.348658
  0.243984   0.955758    0.25241   0.958093   0.261904   0.961534   0.041929   0.684149  0.0391715   0.793756  0.0346821   0.918141 0.393161
  0.243133   0.959127   0.250639   0.962646   0.259576   0.966446  0.0360524   0.676984  0.0311393   0.776192  0.0259554    0.89389 0.362372
  0.241995   0.963792   0.248688   0.967139   0.256844   0.970519  0.0279213    0.66759   0.023183   0.756276  0.0186021   0.863598 0.306051
  0.241008   0.968604    0.24664   0.971583   0.253452    0.97485  0.0195616   0.660276  0.0152965   0.735078  0.0107135   0.825195 0.242311
  0.240088   0.973789   0.244546   0.975992   0.246688   0.977399  0.0105747   0.654219 0.00746276   0.713257 0.00537277   0.742007 0.148491
  0.242429   0.980384   0.242429   0.980384   0.242429   0.980384 -0.000344902   0.691129 -0.000344902   0.691129 -0.000344902   0.691129 0
