30
  0.111622   0.123015   0.111622   0.123015   0.111622   0.123015  0.0321533   0.970456  0.0321533   0.970456  0.0321533   0.970456 0
  0.121865   0.118876   0.111998   0.117853   0.107425   0.117486    0.11857   0.964297  0.0488268    0.88998  0.0162078   0.857247 0.779483
   0.12512   0.116335   0.112625   0.112628   0.105687   0.113099   0.149328   0.942721  0.0675041   0.809969  0.0152577   0.776777 0.899542
   0.12645   0.115582   0.114517   0.107851     0.1067   0.103163   0.161127    0.93846  0.0942743   0.744559  0.0494614   0.623578 0.96814
  0.129022   0.113518   0.117873   0.103825   0.109178  0.0960047   0.185585   0.920501   0.129774   0.699789  0.0869472   0.523462 0.825188
  0.132795   0.109522   0.121146  0.0997908   0.111215  0.0917084    0.22407   0.878648    0.16469   0.654383   0.113486   0.466607 0.89125
  0.136169   0.105654   0.125206  0.0964636   0.114381  0.0862649   0.259279   0.836499   0.203476   0.624922   0.151413   0.398006 0.689562
  0.139187   0.102018   0.128266  0.0923849   0.116968  0.0820475    0.29125   0.795979   0.236948   0.577559   0.181782   0.345644 0.665305
   0.14283  0.0982689   0.131495  0.0883743   0.121197  0.0768763   0.328109   0.757321   0.271474   0.532277   0.226776   0.287639 0.820478
  0.145739  0.0958266   0.136019  0.0856642   0.124931  0.0730085   0.356065   0.735284   0.312019   0.515434    0.26463   0.247611 0.929634
  0.149515  0.0929606   0.139745  0.0820726   0.129174  0.0691924    0.39153    0.71155    0.34907   0.479783    0.30609   0.211403 0.907919
  0.153418  0.0896474   0.143933  0.0789985   0.133731  0.0651908   0.429126   0.681392   0.388118   0.455131   0.350349   0.174061 0.842322
  0.157035  0.0871112   0.147731  0.0754666    0.13626  0.0627885   0.462538   0.662009   0.425539   0.420859   0.375403   0.150432 0.938608
  0.160537  0.0845857   0.151489  0.0718558   0.141874  0.0581696   0.495072   0.642119   0.462878   0.385089   0.429087   0.109408 0.940339
   0.16421  0.0821559   0.154633  0.0677052   0.146274  0.0547802   0.528599   0.624761   0.497156   0.337064    0.47055  0.0809547 0.974019
  0.168439   0.079833   0.158893  0.0647282   0.150721  0.0510754   0.565933   0.612389   0.536475   0.314394   0.513202  0.0477225 0.948099
  0.171153  0.0785215   0.163379  0.0620893   0.157702  0.0470023   0.589406   0.607317   0.576539    0.29846   0.575463  0.0234676 0.950844
  0.174645  0.0769281   0.167916  0.0595352    0.16524  0.0457649   0.619354   0.602296    0.61676   0.284193   0.634185  0.0479094 0.983243
  0.177291  0.0758609   0.172813  0.0577879   0.171299  0.0428389   0.641672   0.600739   0.657447   0.284958   0.686586  0.0366196 0.988754
  0.179442  0.0751436    0.17799   0.057192   0.178317  0.0416645   0.659404   0.601876   0.697092   0.305812   0.741316  0.0590157 0.987142
  0.181945  0.0745307   0.183177  0.0575252   0.185736  0.0432489   0.679446   0.606757     0.7343     0.3416   0.791558   0.127955 0.994218
  0.185306  0.0745707   0.188151  0.0590499   0.193494  0.0446736   0.704034   0.627132   0.766743    0.39523   0.844721   0.196325 1
  0.189295  0.0750825   0.193016  0.0609534   0.198102  0.0502597   0.731967   0.658753    0.79736   0.454284   0.863538   0.312862 0.932216
  0.192686  0.0756546   0.197446  0.0635908   0.204802  0.0516775   0.755339   0.687825   0.822811   0.522543   0.908944   0.374909 0.99698
  0.196113  0.0778716   0.201603  0.0667106   0.210369  0.0553348   0.774549    0.74346   0.844949   0.596921   0.940001   0.466181 1
  0.199871  0.0789697   0.206103  0.0693365   0.213488  0.0578146   0.799203   0.783114   0.870944   0.665407   0.956235   0.524211 0.995288
  0.204789  0.0797278   0.210279  0.0724512   0.218243  0.0619841   0.833297   0.824134   0.893237   0.739817   0.979942   0.618916 1
  0.208515  0.0816438   0.214079   0.076001   0.220632  0.0726165   0.855517   0.876704   0.911594   0.818987   0.968863   0.803254 0.905561
  0.213234  0.0835108   0.217555  0.0798806   0.220973  0.0780816    0.88516   0.934316   0.926686   0.901538   0.956648   0.892794 0.653986
  0.220938  0.0838345   0.220938  0.0838345   0.220938  0.0838345   0.940893   0.984734   0.940893   0.984734   0.940893   0.984734 0
