75
 0.0767053   0.826593  0.0767053   0.826593  0.0767053   0.826593 -0.00224791   0.822741 -0.00224791   0.822741 -0.00224791   0.822741 0
  0.081519   0.822501  0.0772208   0.821972  0.0698866   0.821329  0.0108064    0.88894  0.0119285   0.827594  0.0130511   0.723056 0.799215
  0.085575   0.817308  0.0778589   0.817164  0.0661876   0.816891  0.0271385   0.943785  0.0266906    0.83409  0.0261853   0.668133 0.948061
 0.0886783   0.809928    0.07788   0.812358  0.0650127   0.814885  0.0500422   0.983928  0.0413766   0.831819  0.0321787    0.65037 0.96413
 0.0882368    0.79992  0.0760356   0.808098  0.0650127   0.814885  0.0805679   0.972305  0.0541812   0.803339  0.0321787    0.65037 0.984642
 0.0857629    0.79564  0.0726554   0.804778  0.0626446   0.810951  0.0933607   0.934871  0.0639348   0.753543  0.0439241   0.614624 0.936286
 0.0834967    0.79193  0.0688685    0.80186  0.0601507   0.806606   0.104434   0.900694  0.0724152   0.698185  0.0569116   0.576872 0.946804
 0.0797507   0.787213  0.0659496   0.798139  0.0575259   0.801885   0.118415   0.844954  0.0834462   0.654729   0.071035   0.537058 0.950844
 0.0777243   0.783501  0.0640048   0.793769  0.0549142   0.797473   0.129523   0.814182  0.0965747   0.624763  0.0842135   0.497596 0.939913
  0.076502   0.780311  0.0622623   0.789355  0.0523015   0.792615   0.139129   0.795112    0.10986   0.597648  0.0987554   0.457882 0.947012
 0.0754584   0.777165  0.0596834   0.785391  0.0503207   0.788733    0.14862   0.778604   0.121675   0.558892   0.110388   0.427666 0.956832
 0.0739094   0.773232  0.0569046   0.781528  0.0477628   0.784268   0.160459   0.754495   0.133156   0.517349   0.123735   0.388941 0.96658
 0.0718544   0.770086   0.054653   0.777387  0.0447896   0.778728   0.169835   0.723618   0.145551   0.483148   0.140318   0.343739 0.959807
  0.069937   0.765699  0.0530351   0.772913  0.0435544   0.775206   0.183017   0.694034   0.159032   0.457772   0.150938   0.324309 0.958156
 0.0675452   0.761045  0.0515883   0.768374  0.0419275   0.771627    0.19696   0.657566   0.172735   0.434791   0.161685   0.299282 0.946636
 0.0651346   0.756543  0.0500378   0.763902  0.0403615   0.767582   0.210438   0.620914   0.186218   0.410373   0.173864   0.274872 0.950736
 0.0635328    0.75188  0.0484428    0.75942  0.0382301   0.763263     0.2245   0.595665    0.19973   0.385318   0.186815   0.242283 0.965484
 0.0624679   0.749063   0.046223   0.755231  0.0365387   0.758954   0.232983    0.57903   0.212272   0.351543   0.199784   0.215951 0.949626
 0.0616621   0.744738  0.0435322   0.751287  0.0344685   0.754576   0.246103   0.565271   0.224013   0.311207   0.212923   0.184201 0.966462
 0.0602946   0.741294  0.0415742   0.746997  0.0327565    0.74989   0.256469   0.544002   0.236895   0.281096    0.22704   0.157375 0.963319
 0.0588684   0.736979  0.0402035   0.742445  0.0310845   0.745355   0.269488   0.521434   0.250644   0.259191   0.240705   0.131196 0.949126
  0.057857    0.73326   0.039038   0.737838  0.0302436   0.740616   0.280733   0.505077   0.264585    0.24017   0.255086   0.116716 0.947895
 0.0568856   0.729895  0.0380859   0.733189  0.0289049   0.736443   0.290902   0.489478   0.278679   0.224158   0.267681  0.0954671 0.962254
 0.0561596    0.72641  0.0373335   0.728504   0.027823   0.731828   0.301469   0.477301   0.292906   0.210965   0.281658  0.0776301 0.965626
 0.0553947   0.722996  0.0367548   0.723789  0.0266523   0.727102    0.31181   0.464609   0.307244   0.200224   0.295961  0.0584717 0.943338
 0.0547313   0.719327   0.036379    0.71905  0.0258901   0.721288   0.322944   0.453223    0.32168   0.192351   0.313638  0.0445349 0.949242
 0.0543445   0.715047  0.0365204   0.714314  0.0253893   0.714771   0.335974   0.445441   0.336164   0.191829   0.333491  0.0339372 0.956479
 0.0541792   0.710763  0.0371297   0.709595  0.0260332   0.709412   0.349044   0.440802   0.350652   0.197962   0.349936  0.0402203 0.964568
 0.0544614   0.706206  0.0374974   0.704865  0.0258757   0.705849   0.362999   0.442374   0.365147   0.200657   0.360804  0.0360783 0.943591
 0.0544737   0.700527  0.0375476   0.700118  0.0252529   0.700321   0.380352   0.439514   0.379654   0.198833   0.377621  0.0242757 0.965737
 0.0543514   0.695237  0.0374962   0.695366  0.0257437   0.694272     0.3965   0.434948   0.394167   0.195563   0.396159  0.0280141 0.943372
 0.0541472    0.69069  0.0375084   0.690621  0.0255984   0.688959   0.410366   0.429617   0.408665   0.193199   0.412375  0.0231094 0.957738
 0.0541828   0.685232  0.0374688   0.685871  0.0256773   0.683488   0.427045   0.427205   0.423172   0.190097   0.429096  0.0213065 0.952781
 0.0546691   0.681393  0.0374135   0.681117  0.0267878   0.678301   0.438831   0.432062   0.437692    0.18677   0.445072  0.0343096 0.977371
  0.054269   0.676991  0.0378028   0.676395  0.0274658   0.673968   0.452234   0.424024   0.452163   0.189776   0.458388  0.0416262 0.956917
 0.0538932   0.673529  0.0386032   0.671709  0.0282504   0.668582   0.462767   0.416834   0.466571   0.198642   0.474935  0.0498927 0.945603
 0.0541534   0.669442  0.0397111   0.667088  0.0290426   0.664161   0.475285   0.418346   0.480816   0.211912   0.488532  0.0587844 0.962854
 0.0548105   0.665214  0.0413016    0.66262  0.0299737   0.658194   0.488276   0.425422   0.494651   0.232119   0.506869  0.0688226 0.949744
 0.0558771   0.661395  0.0429377   0.658158  0.0308988   0.652847   0.500067   0.438533   0.508471   0.252977   0.523311  0.0791057 0.969573
 0.0566666   0.657932  0.0444192   0.653646  0.0320588   0.648644   0.510738   0.447897   0.522425   0.271612   0.536286  0.0933394 0.95352
 0.0573972   0.654178  0.0464934   0.649377  0.0334923    0.64397   0.522293    0.45627   0.535708   0.298797   0.550732   0.111205 0.943377
 0.0585827   0.650012  0.0484671   0.645065  0.0353278   0.639422   0.535156   0.470885   0.549106   0.324532   0.564836   0.134851 0.947208
 0.0596965   0.646528  0.0497801   0.640491  0.0379498   0.634437   0.545928   0.484846   0.563231    0.34074    0.58037   0.169435 0.958388
 0.0624771   0.642071  0.0517188   0.636182  0.0393953     0.6303   0.559865   0.521966   0.576621   0.365979   0.593173    0.18776 0.916179
 0.0645208   0.637708  0.0539808    0.63199  0.0416732   0.625941   0.573429   0.548668   0.589687   0.395874   0.606754    0.21779 0.941395
   0.06691   0.633039  0.0559047   0.627647  0.0438565   0.620646   0.587969   0.580115   0.603177   0.420884   0.623183   0.245977 0.957551
 0.0696476   0.628455  0.0582373   0.623529  0.0464729   0.616878   0.602288   0.616555   0.616026   0.451821   0.634994   0.281134 0.956539
 0.0721844    0.62401  0.0608627   0.619555  0.0477997   0.615034   0.616161   0.650219   0.628472   0.486994    0.64078   0.298997 0.961755
 0.0734498   0.621003  0.0631447   0.615395  0.0504687   0.609651   0.625492   0.666589   0.641441   0.517191   0.657534   0.334037 0.962785
 0.0760691   0.616743  0.0647742   0.610946  0.0524696   0.605437    0.63881   0.701523   0.655221   0.537962   0.670637    0.36021 0.971871
 0.0788822   0.611786  0.0661275    0.60638   0.055087   0.600593   0.654277   0.738837   0.669326   0.554747   0.685738   0.394805 0.972585
 0.0819525   0.606797  0.0677539   0.601926   0.057517    0.59667   0.669873   0.779789   0.683123   0.575471   0.698004   0.427229 0.959059
  0.083987    0.60239  0.0696246   0.597562  0.0598788   0.591595   0.683571   0.806336   0.696671   0.599714   0.713779   0.458071 0.960254
 0.0868107   0.596662  0.0716409   0.593258  0.0612073   0.588684   0.701395    0.84339    0.71005   0.626059   0.722827   0.475387 0.972145
 0.0888202   0.592114  0.0737422   0.589005  0.0631568   0.584404   0.715522   0.869507   0.723288   0.653638   0.736126   0.500795 0.969513
 0.0903379   0.587322  0.0759093   0.584774  0.0644249    0.58146   0.730335   0.888506   0.736462   0.682163   0.745266   0.517237 0.970981
 0.0917921   0.583364     0.0778   0.580426  0.0661059   0.577998   0.742597    0.90705   0.749962   0.706699   0.756038   0.539267 0.973135
 0.0931998   0.580621   0.079023   0.575836  0.0675072   0.574149   0.751139   0.925582   0.764128    0.72162   0.767956   0.557118 0.974302
 0.0945768   0.575464  0.0797144   0.571129  0.0682979     0.5701   0.767051   0.942388   0.778587   0.728927   0.780418   0.566186 0.969578
 0.0957387   0.571237  0.0802704   0.566418  0.0694648   0.566739     0.7801   0.956636   0.793044   0.734307    0.79082   0.580968 0.968803
 0.0971668   0.565664  0.0810579   0.561743  0.0707194   0.562485   0.797291   0.973944   0.807419   0.742996   0.803963   0.596517 0.974747
 0.0975117    0.55798  0.0819567   0.557064  0.0715288   0.558067   0.820806   0.974736   0.821817   0.753263   0.817555   0.605653 0.963672
 0.0984322   0.551311  0.0823255   0.552361  0.0718685   0.552808   0.841288   0.984249   0.836227   0.755988    0.83366   0.607669 0.954445
  0.097934   0.545482  0.0815794    0.54766  0.0717962   0.546212   0.859037   0.974056   0.850504   0.742877   0.853805   0.603115 0.975096
 0.0976649   0.538584  0.0803578   0.543049  0.0711427   0.542493   0.880082   0.966545    0.86445   0.723057   0.865089   0.591844 0.955227
 0.0965464   0.532046  0.0792116   0.538466  0.0702695   0.539221   0.899928   0.947159   0.878321   0.704323   0.874986   0.577689 0.918935
  0.095282   0.527246  0.0782435   0.533798  0.0692435   0.535452   0.914449   0.926631   0.892471   0.688074   0.886385   0.561099 0.934599
 0.0926484   0.522764  0.0769894    0.52922  0.0682481    0.53241    0.92784    0.88682   0.906315   0.667809   0.895565   0.545331 0.957985
  0.087941   0.520566  0.0751146   0.524888  0.0667242    0.52862   0.934013   0.818769   0.919335   0.638859   0.906966   0.521656 0.956925
 0.0856729   0.515492  0.0726916   0.520795  0.0654077   0.524895   0.949252   0.783835   0.931559   0.602249   0.918195   0.500961 0.960382
   0.08355   0.510428  0.0704269   0.516615  0.0633986   0.519955    0.96448   0.750968    0.94407   0.567841   0.933057   0.469778 0.963898
 0.0805299   0.504615   0.068285   0.512385  0.0617329   0.515844   0.981894   0.704956   0.956748   0.535151   0.945426   0.443917 0.917949
 0.0754916   0.500838   0.065648   0.508431  0.0610642   0.511381   0.992855   0.631359   0.968526   0.495574   0.958986    0.43203 0.901181
  0.068983   0.500247  0.0627583   0.504647  0.0599068   0.506322   0.993912   0.538577   0.979754   0.452498   0.974308   0.412883 0.419418
 0.0598494   0.500907  0.0598494   0.500907  0.0598494   0.500907   0.990845   0.409174   0.990845   0.409174   0.990845   0.409174 0
