50
  0.114058   0.871735   0.114058   0.871735   0.114058   0.871735 0.00636677   0.936357 0.00636677   0.936357 0.00636677   0.936357 0
  0.117645   0.866916   0.115446   0.866538   0.105825   0.865645  0.0340857   0.943976  0.0303326   0.917106  0.0108898   0.804612 0.64549
  0.123431   0.863917   0.115375   0.861626   0.104897   0.861528  0.0598271   0.988081  0.0496769     0.8836  0.0250247   0.766907 0.930098
  0.125667   0.855672   0.115666   0.856437   0.103805   0.857761  0.0979234   0.957917  0.0709837    0.85225  0.0373798    0.72972 0.952472
   0.12578   0.847343   0.114158    0.85153    0.10316   0.855218   0.131279   0.903679  0.0868749   0.802857  0.0459395    0.70563 0.959986
  0.125686    0.84249   0.112152   0.846861   0.101952   0.851311   0.150334   0.870299   0.100626   0.749541  0.0585753   0.666222 0.921573
  0.125693   0.836744   0.110464   0.841963   0.100784    0.84693   0.173175   0.832103    0.11605   0.698212  0.0731886   0.624094 0.965311
  0.125459   0.831594   0.109325   0.837025   0.099701   0.842267   0.193075     0.7952   0.132943   0.652699  0.0891222   0.581041 0.944197
  0.125155   0.826753   0.108633     0.8319  0.0989978   0.836328   0.211578   0.759588   0.151649    0.61089   0.111037   0.533682 0.940559
  0.124469   0.823472   0.108183   0.826823  0.0984231   0.830363   0.222972   0.730125   0.170744   0.572089   0.133357   0.487583 0.950546
   0.12472   0.818367   0.107516   0.821721  0.0979721   0.824389   0.243854   0.698892   0.189418   0.530713   0.156012   0.442786 0.946615
  0.122533    0.81509   0.107093   0.816622    0.09766    0.81785   0.251648   0.652847   0.208663   0.492057   0.181244   0.395766 0.960839
  0.123051   0.811185   0.106254   0.811552  0.0973391   0.811782   0.268393   0.632564     0.2268    0.44898   0.204582   0.351787 0.9619
  0.123254   0.807484   0.106369   0.806457   0.097189   0.805606   0.283585    0.61016   0.247313   0.416316   0.228756   0.308981 0.961143
   0.12446   0.803835   0.107666   0.801457  0.0973338   0.798993   0.300961   0.599209   0.270274   0.397368   0.255374   0.266527 0.958837
  0.123934   0.796798    0.10814    0.79637  0.0976894   0.792505   0.327658   0.546502   0.291618   0.368734   0.281996   0.227244 0.961617
  0.123999   0.792291   0.108691   0.791262  0.0983609   0.787126   0.345717   0.517191   0.313225   0.340801   0.304968   0.198847 0.967816
  0.124874   0.787682   0.109187   0.786171  0.0991276   0.782303   0.366119   0.496177   0.334634   0.312372   0.325959   0.175207 0.951009
  0.125838   0.784015    0.10995   0.781084    0.10003   0.776777   0.382988    0.48243   0.356664   0.286948   0.350068   0.148382 0.962668
  0.126806   0.779785   0.111865   0.776324    0.10118   0.771966   0.402107   0.464961   0.380153   0.276439   0.371929   0.129071 0.973746
  0.127755   0.775789   0.112754   0.771278   0.102305   0.767672   0.420246   0.448861   0.402321   0.252669   0.391677   0.112924 0.966281
  0.129047   0.771441   0.114617   0.766505   0.103297   0.762609   0.440606   0.434199   0.425732   0.241494   0.414159  0.0901806 0.970124
  0.130099    0.76772   0.116927   0.761928   0.105051   0.756178   0.457903   0.421063   0.449435   0.236588   0.443899  0.0667582 0.942622
  0.131434   0.763997   0.119906   0.757752   0.106586   0.750196   0.475881   0.411042   0.473143   0.241768    0.47133  0.0439068 0.963188
  0.132702   0.760186   0.122313   0.753227   0.108815   0.746242   0.494052   0.399695    0.49687   0.238271   0.492363  0.0422494 0.972568
  0.133718   0.756259   0.124055   0.748408   0.110505   0.741976    0.51208   0.384788   0.520176    0.22546   0.513346  0.0325482 0.975416
  0.135272   0.752313    0.12659    0.74394   0.112509   0.736535   0.531469   0.375704   0.543984   0.223775   0.539752  0.0184892 0.977206
  0.137427   0.747642    0.12875   0.739291   0.115826   0.730947   0.555175   0.368458   0.567611   0.216721   0.569876  0.0180049 0.948607
   0.13983    0.74264   0.130675   0.734579     0.1186   0.725985   0.580788   0.361746   0.590934   0.206647   0.596217  0.0156693 0.952749
  0.142132   0.738941   0.134248   0.730801   0.123582   0.719512   0.600983   0.362593   0.614481   0.221048   0.633834   0.027715 0.954118
  0.145085   0.735654   0.137545   0.726929     0.1288   0.714943   0.621098   0.373399   0.637739   0.231765   0.664457  0.0550684 0.95502
  0.149024   0.732237   0.141486   0.723602   0.133208   0.711033   0.644085    0.39426   0.660371   0.253245   0.690523  0.0778355 0.962761
  0.152821    0.72939   0.146118   0.721435   0.137041   0.708356   0.664469   0.417344    0.68005   0.290111   0.710316   0.102455 0.942809
   0.15688   0.727366    0.15092   0.719626   0.141626   0.704824   0.682206   0.448817   0.698711   0.331235   0.735301   0.129698 0.97159
  0.160539   0.725693   0.155656   0.717665   0.147513    0.70202   0.697599    0.47819    0.71782   0.370627   0.760512   0.176214 0.965853
  0.163646   0.724903   0.160454   0.715848   0.153054   0.699237   0.708159   0.507331   0.736502   0.411658   0.784809   0.219039 0.948122
  0.167777   0.724213   0.165334   0.714289   0.157722    0.69802    0.72077   0.548488   0.754355   0.455318   0.800796   0.262629 0.967166
  0.173295    0.72376   0.170345   0.713173   0.164021   0.697863   0.735757    0.60658   0.770766   0.503379   0.816473    0.33134 0.947794
  0.180433   0.723447   0.175292   0.711822   0.171803   0.697884   0.754058   0.683545   0.787951   0.549164   0.834986   0.417675 0.952696
  0.186987   0.722911   0.180314   0.710774   0.178509   0.697822    0.77185   0.752559   0.804116   0.597799   0.851257   0.491525 0.951056
  0.192394   0.721855   0.185283     0.7095   0.182283   0.696748   0.788964   0.805411   0.821052   0.644352   0.864542   0.526171 0.966242
  0.197629   0.720716   0.190312   0.708501   0.186147   0.696062   0.806001   0.855794   0.837038   0.693386   0.876499   0.564394 0.96158
  0.203534   0.719099   0.195203   0.706954   0.190543   0.695562   0.826534   0.910421   0.854869   0.737247   0.888993   0.609742 0.959561
  0.210708   0.715681   0.199901   0.704906    0.19304   0.694608   0.857256   0.967097   0.874235   0.775633   0.898747   0.631038 0.962968
  0.214778    0.71154   0.204748    0.70318     0.1966    0.69259   0.883432   0.984598   0.892673   0.817812   0.915274   0.657029 0.974234
  0.218146   0.706425   0.208464   0.699674   0.199282   0.690644   0.911799   0.987817   0.915482   0.835608   0.929413   0.673763 0.977949
  0.221537   0.696944   0.210028   0.694799    0.20047   0.688923   0.957564   0.962203   0.938586   0.820454   0.939089   0.675455 0.974997
  0.219639    0.68928   0.210251   0.689675   0.201786   0.686655   0.983479   0.890131   0.959475   0.788789   0.951241   0.674918 0.66724
  0.211629   0.684153   0.210004   0.684548   0.202819   0.684893   0.984701   0.767262    0.97925   0.751894   0.960711   0.674624 0.380861
  0.209597    0.67944   0.209597    0.67944   0.209597    0.67944    0.99857   0.713357    0.99857   0.713357    0.99857   0.713357 0
