49
  0.189357   0.847143   0.189357   0.847143   0.189357   0.847143 0.00189656   0.931965 0.00189656   0.931965 0.00189656   0.931965 0
  0.194731   0.847559    0.19321   0.843596   0.189361   0.839662  0.0226995   0.973967  0.0209782   0.876588  0.0100185   0.765651 0.658187
   0.20229    0.84564   0.196975   0.839893   0.192419   0.834871  0.0546765   0.977369  0.0398828   0.817187  0.0273088   0.677767 0.962262
  0.207004   0.843523   0.200942   0.836461   0.194919   0.831519   0.075616   0.959007  0.0592928   0.765052  0.0408299   0.618478 0.988423
  0.211271   0.840876   0.205047   0.833175   0.199594   0.827268  0.0953606   0.926168  0.0790899   0.716999  0.0639265   0.552443 0.979683
  0.215403    0.83866   0.209399   0.830225   0.203545   0.823701   0.114105   0.902057  0.0995016   0.677927  0.0834204   0.497203 0.938291
  0.219814   0.836049   0.213439   0.826895   0.206359   0.821029   0.134382   0.870883    0.11909   0.628505  0.0974468   0.454941 0.985614
  0.224396   0.832826   0.216931   0.822947   0.211383   0.816412   0.155998   0.827165   0.137179   0.562015   0.122322   0.382902 0.983954
   0.22886    0.83019   0.220954   0.819552   0.215353   0.813151   0.176512   0.795739   0.156771   0.511052   0.141559   0.334597 0.98757
  0.233138   0.826327   0.225373   0.816757   0.219881   0.809974   0.197617   0.735921   0.177279   0.475833   0.162909   0.291549 0.994541
  0.237225   0.823563   0.230023   0.814273   0.224723   0.806865   0.216778   0.699377   0.198365   0.448923    0.18543   0.251928 0.979673
  0.240505   0.821535   0.234658   0.811884   0.230179   0.803836   0.231949   0.674262   0.219283   0.424062   0.210294   0.217831 0.997891
  0.245625   0.818794   0.239619   0.810051   0.235758   0.800789   0.255172   0.644516   0.240893   0.413533   0.235662   0.184083 0.993055
  0.249339   0.817099    0.24425   0.807579   0.241616   0.797601   0.271698   0.629465   0.261889   0.386799   0.262287   0.148881 0.996047
    0.2545   0.814367    0.24915   0.805634   0.247086   0.795037   0.295073   0.600167   0.283375     0.3734   0.286699   0.125205 0.993322
  0.258785   0.811933   0.253845   0.803282   0.250868   0.793213   0.314656   0.572167   0.304497   0.349721   0.303636   0.107699 0.996302
  0.263581   0.810029   0.258365   0.800625   0.255298   0.791061   0.335689   0.559046   0.325253   0.318187   0.323492  0.0868438 0.996581
  0.267441   0.808033   0.262897   0.797967   0.260072   0.788683    0.35312   0.538197   0.346057   0.286705   0.344949  0.0630598 0.993035
  0.271434    0.80574   0.267732   0.795873   0.265673   0.786223   0.371398   0.511546    0.36745   0.269594   0.369769   0.042495 0.996302
  0.274389   0.804318   0.272734   0.794375    0.26987   0.784652   0.384625   0.497931   0.388861   0.266771   0.388071  0.0331398 0.997115
   0.27847   0.803058   0.277925    0.79337   0.274504    0.78323   0.402132   0.494787    0.41048   0.276076   0.407939  0.0297637 0.994857
  0.283055   0.801488   0.283099   0.792672   0.278615   0.782097    0.42197   0.487822     0.4317   0.292073   0.425426  0.0296091 0.997795
  0.287325   0.800884   0.288359   0.792178   0.283776   0.781306   0.439511   0.500401    0.45304    0.31314   0.446698  0.0434914 0.989544
  0.291709   0.800299   0.293557   0.791599   0.287892   0.780029   0.457484   0.514107   0.474224   0.331933   0.464361  0.0401699 0.993314
  0.296015   0.799792   0.298833   0.791727   0.294255   0.779474   0.475065   0.529088   0.494953   0.366938   0.490126   0.066612 1
  0.301948   0.799774   0.304015   0.790958   0.300546   0.779084   0.498552   0.564827   0.516285   0.381408   0.515434  0.0962641 0.991924
  0.308155   0.799773   0.309145   0.789792   0.307365   0.778773   0.523104   0.602628   0.537835   0.386739   0.542741   0.130913 0.985614
  0.314244   0.799773   0.314387     0.7895   0.314201   0.778774   0.547186   0.639732   0.558886   0.412206   0.569776   0.172576 0.996759
  0.320297   0.799772    0.31964   0.789598   0.320341   0.779011   0.571125    0.67661   0.579553   0.446393   0.593804   0.215259 0.98509
  0.326408   0.799772   0.324899   0.789575   0.324627   0.778764   0.595296    0.71385   0.600381   0.477928   0.611023   0.235889 0.989867
  0.332311   0.799787   0.330145   0.789589   0.330249    0.77904   0.618626   0.750147   0.621112   0.510205   0.632958   0.276279 1
  0.336764   0.800215   0.335413    0.78955   0.336415   0.779076   0.635774   0.786787   0.641993   0.541448   0.657307   0.314653 0.996793
  0.341161    0.80069    0.34064    0.78985   0.341626   0.778774   0.652651   0.824154    0.66234   0.579963   0.678244   0.339697 0.987757
  0.347201   0.800972   0.345868   0.790572   0.346115   0.779344   0.676233   0.867217   0.682236   0.627861   0.695382   0.379731 1
   0.35377   0.801146   0.351107    0.79059   0.352607   0.779368   0.702024   0.911113   0.702936    0.66018   0.721031   0.419809 0.993878
  0.360235   0.800788    0.35638   0.790765   0.357646   0.779055   0.727982   0.942555   0.723601   0.696206   0.741302   0.443571 0.994154
  0.365497   0.800072   0.361599   0.790385   0.361469   0.777935   0.749573   0.958699   0.744655   0.719556   0.757637   0.441969 1
  0.370398   0.799187   0.366812   0.789662   0.365615   0.777291   0.769914   0.968883   0.766058   0.735266   0.774733     0.4529 0.994154
  0.375261    0.79821   0.372024   0.789081   0.369674    0.77608   0.790209    0.97679     0.7873   0.754084   0.792097   0.450709 1
  0.380114   0.797053   0.377244   0.788362   0.373515   0.774862   0.810656   0.980651   0.808726    0.76991   0.808609   0.447025 0.996208
  0.384268    0.79573   0.382293   0.786961   0.378174   0.773115   0.828521   0.976547   0.830215    0.76953   0.828932   0.436574 1
  0.390081   0.792624   0.387213    0.78508   0.382221   0.771131   0.854879   0.942903   0.851711    0.75768    0.84709   0.417135 0.999464
  0.394168   0.791101   0.391851    0.78263   0.385874   0.769172   0.872694   0.933954   0.872713   0.731493   0.863661   0.395825 1
  0.398688   0.789674   0.396497   0.780162   0.391363   0.765937   0.892116   0.929754    0.89376   0.704925   0.888874   0.357346 1
  0.403988   0.786954   0.401416   0.778324    0.39593   0.763149   0.916027   0.901573    0.91521   0.694023   0.909961   0.323182 0.991555
  0.408005   0.785648    0.40651   0.777034   0.404318   0.765082   0.933332   0.897015   0.936756   0.696373   0.941039    0.41729 0.839261
  0.412466   0.783002   0.411685    0.77612   0.413088   0.769797   0.953841   0.865361   0.958213   0.707598   0.970617   0.575566 0.70103
   0.41746   0.779697   0.416887   0.775392   0.416127   0.770621   0.977175   0.822326   0.979579   0.723112   0.981741   0.612397 0.721311
  0.422102   0.774736   0.422102   0.774736   0.422102   0.774736    1.00091   0.740312    1.00091   0.740312    1.00091   0.740312 0
