58
  0.698107   0.308348   0.698107   0.308348   0.698107   0.308348 -0.000850522   0.845994 -0.000850522   0.845994 -0.000850522   0.845994 0
  0.702719   0.314756   0.702869   0.308251   0.701094   0.302418  0.0197138   0.935919  0.0198624    0.84342  0.0116929   0.760959 0.732878
  0.707332   0.316503   0.707569   0.308321   0.707982   0.297291  0.0399203     0.9596  0.0403198   0.843229  0.0412712   0.686344 0.993114
  0.709322   0.317463   0.712336   0.308454   0.711401   0.296285  0.0486539   0.972747  0.0610756   0.843924  0.0560698   0.671189 0.941561
  0.719298   0.318145    0.71699   0.307771   0.713782   0.295349  0.0921123   0.979925  0.0812746   0.833048  0.0663575   0.657283 0.979591
  0.723686   0.316901   0.721479   0.306193   0.715764   0.294281   0.111113   0.961144   0.100686   0.809489  0.0749018     0.6416 0.988912
  0.728272   0.315079   0.725759   0.304148   0.718326   0.292651   0.130926     0.9341   0.119153   0.779352  0.0859248   0.617794 0.998714
  0.733182   0.312672   0.729524   0.301333   0.721473   0.289742   0.152108   0.898641   0.135319   0.738394  0.0993933   0.575658 0.984977
  0.737985   0.310114   0.732971   0.298042   0.724728   0.286097   0.172809   0.861085   0.150064   0.690741   0.113278   0.523028 0.998437
  0.742747   0.305613   0.735992   0.294423    0.72849   0.282396   0.193184    0.79591    0.16293   0.638545   0.129362   0.469464 0.993161
  0.747862   0.302431   0.738929   0.290704   0.731189   0.280042   0.215196   0.749393   0.175426   0.584935   0.140928   0.435327 0.999737
   0.75087   0.298701    0.74222   0.287299   0.734226   0.277573      0.228   0.695612   0.189485   0.535715    0.15395   0.399472 0.997666
  0.754704   0.295975   0.745573   0.283949   0.738669   0.274075   0.244473   0.655903   0.203817   0.487254   0.173014   0.348641 0.997647
  0.758567   0.293467   0.748867   0.280541   0.743008   0.271317   0.261091   0.619284   0.217888   0.437979   0.191684   0.308339 0.997647
  0.761994   0.291179   0.752631   0.277667   0.747341   0.268263   0.275824   0.585893   0.234045   0.396185   0.210304   0.263835 0.998506
  0.765632   0.288776    0.75656    0.27501   0.752443    0.26414   0.291473   0.550833   0.250937   0.357432   0.232185   0.203952 0.991476
   0.76884   0.286547   0.760641    0.27262    0.75658   0.261439   0.305259   0.518343   0.268509   0.322431   0.249979   0.164516 0.99235
  0.772536   0.284437    0.76484   0.270395   0.761782   0.258958   0.321181   0.487417   0.286613   0.289751   0.272425   0.127944 0.994311
  0.775286   0.283269   0.769277   0.268783   0.766178   0.257592   0.333055   0.470123   0.305795   0.265717    0.29145   0.107429 1
  0.778136   0.282118   0.773891   0.267653   0.771132    0.25528   0.345369   0.453049   0.325786   0.248494   0.312827  0.0733198 0.995781
  0.780973   0.281191   0.778547   0.266797     0.7756   0.253537   0.357641   0.439161   0.345978   0.235167   0.332138  0.0474155 0.999863
  0.784039   0.280238   0.783278    0.26658   0.780576   0.252261    0.37091   0.424844   0.366547   0.230887    0.35369  0.0280265 0.999397
   0.78684   0.279615   0.788014   0.266618   0.789297   0.251852   0.383049   0.415276   0.387161   0.230244   0.391607  0.0200275 0.998668
  0.790814   0.279136   0.792735   0.267092   0.795587    0.25266   0.400304   0.407479   0.407738   0.235799    0.41904  0.0299377 0.991754
  0.794649   0.279032   0.797209   0.268613   0.800524    0.25449   0.416984   0.405034   0.427325   0.256286   0.440661  0.0546983 0.997771
  0.797207   0.280319   0.801503   0.270643    0.80536   0.256842   0.428217   0.422683   0.446165   0.284071   0.461888  0.0869261 0.991515
  0.800271   0.282144   0.805703   0.272818   0.810009   0.259608   0.441688   0.447848   0.464607   0.313924   0.482329   0.125077 0.988494
  0.802389    0.28435    0.80998   0.274872   0.813956   0.261401   0.451073   0.478684   0.483374   0.342054    0.49964   0.149563 0.98441
  0.807085   0.289044   0.814342   0.276713   0.819122   0.264499    0.47187   0.544224   0.502498   0.367115   0.522358   0.192302 0.999949
  0.811745   0.293414   0.818227   0.279422   0.823371   0.267647   0.492481   0.605174   0.519612   0.404657   0.541092   0.235979 1
  0.816026   0.296985   0.822029   0.282254    0.82771   0.270538   0.511384   0.654859   0.536374   0.443946   0.560191   0.275988 0.995069
    0.8207   0.300211   0.826033   0.284779   0.831701   0.273328   0.531972   0.699536    0.55399   0.478838   0.577772   0.314646 0.997857
  0.825153   0.302924   0.830129   0.287174   0.835534   0.275677   0.551556   0.736982   0.571998   0.511851   0.594634   0.347065 0.996738
   0.83058   0.305515   0.834276   0.289452   0.839065   0.278065    0.57537   0.772442   0.590217   0.543189   0.610181   0.380136 0.995993
  0.835923   0.307229   0.838498   0.291615   0.842608   0.280324   0.598751   0.795471   0.608754    0.57288   0.625771   0.411347 1
  0.844213   0.307602   0.842901   0.293383    0.84616   0.282075   0.634855    0.79869   0.628049   0.596909   0.641362   0.435353 1
  0.849667   0.306568   0.847603    0.29347   0.848653   0.282761   0.658507   0.782619   0.648516   0.596964   0.652265   0.444478 1
  0.854214   0.305294   0.851919   0.291454   0.852292   0.282703   0.678195   0.763371   0.667141   0.567218   0.668093   0.442728 1
  0.859388   0.303984   0.856233   0.289508   0.855341   0.281445   0.700606   0.743447   0.685765    0.53847   0.681264   0.424086 0.998409
  0.863544   0.301707   0.860647   0.287793    0.85891   0.278883   0.718518   0.710041   0.704842   0.512983   0.696595   0.386768 1
   0.86795   0.299266   0.864939   0.285777   0.863055   0.275469     0.7375    0.67424   0.723361   0.483255   0.714368   0.337201 0.986282
  0.871233   0.297055   0.869005   0.283344   0.867488   0.273533   0.751616   0.641975   0.740868   0.447644   0.733512   0.308569 0.989196
  0.874903   0.295542   0.873171   0.281107   0.872341   0.272066   0.767471   0.619546   0.758822   0.414795   0.754516   0.286498 0.999178
  0.878293   0.294208   0.877851   0.280231   0.877303   0.270551   0.782118   0.599733   0.779119   0.401175    0.77599   0.263721 1
  0.881145   0.293638    0.88252   0.279686   0.883018     0.2693   0.794486   0.590919   0.799393   0.392251   0.800764   0.244499 0.922058
   0.88372    0.29297   0.887291   0.279486   0.891145   0.268516   0.805635   0.580778   0.820141    0.38821   0.836068   0.231316 0.982323
  0.886733   0.292678   0.891741    0.28095   0.898238   0.270324   0.818727   0.575871   0.839616   0.407911   0.867071    0.25523 0.981583
  0.888918   0.293977   0.895513    0.28388   0.904481   0.273618   0.828331    0.59378   0.856255   0.448601   0.894486   0.300486 0.97001
  0.891052   0.297523   0.898708   0.287354   0.908014   0.278053   0.837893   0.643652   0.870424   0.497183   0.910203   0.362634 0.886064
   0.89292   0.300866   0.901548   0.291156   0.911259   0.282356   0.846278   0.690698   0.883073   0.550516   0.924654   0.422992 0.83372
  0.894398   0.303755   0.904159   0.295107   0.913529   0.287042   0.852932   0.731401   0.894737   0.606017   0.934891   0.489031 0.739476
    0.8962   0.307024   0.906632    0.29915   0.915226     0.2913   0.861023   0.777409   0.905813   0.662866   0.942604   0.549121 0.646036
  0.898559   0.310871   0.909243   0.303101   0.918284   0.294451   0.871583   0.831497   0.917478   0.718377    0.95615   0.593145 0.573859
  0.900703   0.314528   0.911902   0.307023   0.922555   0.299229   0.881196   0.882952    0.92935   0.773448   0.975103   0.659989 0.824099
  0.904426   0.317986    0.91451   0.310982   0.926512   0.302049   0.897658   0.931168   0.941001   0.829073    0.99254   0.699077 0.839249
  0.910377   0.321405   0.917431   0.314701    0.92722   0.306226   0.923818   0.978275   0.953996   0.881204   0.995941   0.758282 0.658774
  0.917012   0.321822   0.920779   0.318082   0.924499   0.314641   0.952721   0.982534   0.968827   0.928426   0.984746   0.878571 0.302022
  0.924006   0.321535   0.924006   0.321535   0.924006   0.321535   0.983131   0.976697   0.983131   0.976697   0.983131   0.976697 0
