26
  0.573538   0.078143   0.573538   0.078143   0.573538   0.078143 0.00624702    0.10393 0.00624702    0.10393 0.00624702    0.10393 0
  0.576722  0.0853481     0.5784  0.0795567   0.579629  0.0759838  0.0258671   0.247761  0.0489703   0.143687  0.0650109  0.0800114 0.500314
  0.579441  0.0893266   0.583212   0.081204    0.58697  0.0725182  0.0455166   0.329798  0.0909358   0.187694   0.136979   0.034988 0.942384
   0.58341  0.0919132   0.587553  0.0838038   0.594204  0.0724454  0.0784851   0.389126   0.127304   0.248284   0.203452  0.0533212 0.981728
  0.587462  0.0941101   0.591962  0.0862082   0.598167  0.0740759   0.112741   0.441372   0.164551   0.305392   0.237648  0.0947014 0.986966
  0.594178  0.0975929   0.596585   0.088308    0.60204  0.0756729   0.169727   0.524993   0.204177   0.357373   0.271059   0.135207 0.989004
  0.598724   0.099972   0.601301   0.090102   0.607525  0.0782776    0.20827   0.582001   0.245055   0.403867   0.317919   0.199003 0.997479
  0.603681   0.102897   0.605979   0.092027   0.611543  0.0800291   0.249856   0.650373   0.285416   0.452718   0.352448     0.2428 0.995769
   0.60812   0.105031   0.610451  0.0944202   0.615379  0.0816158   0.287741   0.702498   0.323267    0.50979   0.385533   0.283011 1
  0.613033   0.107489   0.614854  0.0969579   0.619814  0.0835528   0.329545   0.761974   0.360285   0.569384   0.423648   0.331424 1
  0.617876   0.109556    0.61972  0.0983032   0.624007  0.0854036   0.371233   0.813947   0.403141    0.60787   0.459657   0.377561 0.997629
  0.622686   0.111541   0.624758  0.0989235   0.628311  0.0873185   0.412719   0.864264   0.448543   0.633227   0.496595   0.425202 1
  0.627253   0.113136   0.629814  0.0992966   0.631568  0.0883752   0.452502   0.906638   0.494434   0.653991   0.525074   0.453894 0.999656
   0.63298   0.114487   0.634826   0.100055   0.634883  0.0894675   0.503251   0.947564    0.53941   0.681873   0.554041   0.483412 0.99823
  0.642136   0.114526   0.639881   0.100433   0.637914  0.0902629   0.587209   0.973239    0.58529   0.702725   0.580789   0.506586 1
  0.647911   0.113302   0.644885   0.101139   0.640931  0.0898438   0.641825      0.966   0.630262   0.729582   0.609026   0.506939 0.996302
  0.653625   0.111618   0.649651  0.0993886   0.644392  0.0883212   0.696501   0.949969   0.676329   0.709735   0.642815   0.487801 0.997841
  0.661188   0.108202   0.653561  0.0961616   0.646574  0.0871538   0.770447   0.906479   0.716503   0.659847   0.664389   0.471845 0.989796
  0.667941   0.102415   0.657269  0.0927002   0.648551  0.0842676   0.840117   0.816306   0.755131   0.605011   0.686377   0.423087 0.996318
  0.672218  0.0958464   0.660636  0.0889269   0.650522  0.0810336   0.888108   0.704738   0.791058   0.543399   0.708762   0.367784 0.999366
  0.674197  0.0909971    0.66371  0.0848573   0.652036  0.0783267   0.912728   0.619161   0.824678   0.475426   0.726265   0.321131 1
  0.677419  0.0848589    0.66578  0.0802998   0.653189   0.075325   0.950467   0.512789   0.849746    0.39557   0.740838    0.26796 0.991653
  0.679012  0.0787834   0.666936  0.0753362   0.655053  0.0714457   0.973174   0.403155   0.866967   0.305607   0.763111   0.200265 0.995358
  0.679867  0.0748553   0.668508  0.0705216   0.657289  0.0669324   0.986257   0.331797   0.887801    0.21957   0.789643   0.121691 0.802763
  0.678684  0.0687623   0.670248  0.0657577   0.660122  0.0620823   0.983514   0.214276   0.910109   0.134942   0.822096  0.0384219 0.430546
  0.672064  0.0610249   0.672064  0.0610249   0.672064  0.0610249   0.933075  0.0511049   0.933075  0.0511049   0.933075  0.0511049 0
