48
  0.241533   0.852707   0.241533   0.852707   0.241533   0.852707 0.00263662   0.940885 0.00263662   0.940885 0.00263662   0.940885 0
  0.247265   0.854797   0.246235   0.850814   0.242616   0.846775  0.0279956   0.979452  0.0226767   0.895692 0.00608767   0.813418 0.345951
  0.253565    0.85461   0.250909   0.848874   0.247696   0.841943  0.0553435    0.96894  0.0425822   0.849521  0.0271445   0.705221 0.89088
   0.25911   0.853357   0.255545   0.846828   0.251279   0.839787  0.0791802   0.936494  0.0623019   0.801131  0.0422626   0.655584 0.918365
  0.264125   0.852369   0.259984   0.844396   0.256267    0.83692    0.10077    0.91024  0.0810823   0.744715  0.0633391   0.589344 0.906815
  0.268749   0.851399   0.264331   0.841794   0.263124   0.833288   0.120666   0.884763   0.099423   0.684773  0.0923755    0.50486 0.920636
  0.272737    0.85037   0.269104   0.840101   0.268324   0.830871   0.137781   0.858705   0.119813   0.643763   0.114469   0.447978 0.922475
  0.276735    0.84944   0.274076   0.839118   0.273007   0.828968   0.154964   0.834763   0.141218   0.617652    0.13442   0.402588 0.924346
  0.282136   0.848107   0.279037   0.838107   0.277309   0.827521    0.17816   0.800752   0.162571    0.59097   0.152814   0.367302 0.927695
  0.286778   0.846942   0.283974   0.836969   0.282153   0.825973   0.198093   0.771124   0.183788   0.561611   0.173545   0.329297 0.920561
  0.291382   0.845968   0.288903   0.835804   0.285667   0.824548   0.217899   0.745603   0.204967   0.531677   0.188517   0.295287 0.932126
   0.29619   0.844649   0.293856    0.83474   0.289677   0.823029   0.238516   0.712514   0.226271   0.503884   0.205623   0.258766 0.93633
  0.300336   0.843268   0.298804   0.833659   0.293569   0.821867   0.256247   0.678788   0.247553   0.475722   0.222295   0.229975 0.939295
  0.304186   0.842142   0.303728    0.83247    0.30044   0.820957   0.272743   0.650819   0.268705   0.445284   0.251971   0.203456 0.954316
  0.308464   0.841047   0.308681   0.831415   0.306226     0.8205   0.291107   0.623036   0.290012   0.417654   0.277026   0.187722 0.941962
  0.313502   0.839893   0.313601   0.830215   0.311054   0.819605   0.312763   0.593238   0.311145   0.387002   0.297823   0.163655 0.9616
  0.318425   0.839336   0.318378   0.828515   0.316123   0.818881   0.334044   0.576263   0.331548   0.345824   0.319702   0.142957 0.94901
  0.324281    0.83891   0.323322   0.827479   0.320916   0.818146   0.359408   0.561109   0.352819   0.318628   0.340381   0.122342 0.976264
  0.328537    0.83827   0.328364   0.826916   0.325359   0.817313   0.377773   0.543061   0.374618   0.301403   0.359519  0.0999751 0.969133
  0.333387   0.837911   0.333312   0.825855   0.330027   0.816636    0.39878   0.530366   0.395902   0.273664   0.379668  0.0807076 0.980695
  0.338167   0.837569   0.338282   0.824871   0.335397   0.816112   0.419486   0.518131   0.417297   0.247537   0.402899  0.0639763 0.970661
  0.343244   0.837277   0.343314   0.824291   0.341614   0.815695   0.441491   0.506637   0.439045   0.229973   0.429834  0.0486379 0.982573
  0.348841   0.837385   0.348363    0.82389   0.349305   0.815704   0.465846   0.503132    0.46091   0.216179   0.463268  0.0408372 0.977161
  0.354123   0.837726   0.353423   0.824123   0.356574   0.815653   0.488877   0.504904   0.482952    0.21589   0.494855  0.0322202 0.984885
  0.359304    0.83812   0.358366   0.825226   0.362671   0.815713   0.511484   0.507919   0.504674   0.234257   0.521373  0.0271484 0.983951
  0.364087    0.83862   0.363275   0.826477   0.367469   0.816467   0.532381   0.513611   0.526276   0.255811   0.542388  0.0382401 0.965679
  0.368773   0.839338    0.36818    0.82774   0.372321   0.817281   0.552903   0.524026   0.547866   0.277612   0.563652  0.0505417 0.966277
  0.372918   0.840148   0.373118   0.828867   0.376847   0.818219   0.571089   0.536974   0.569572   0.296482   0.583524  0.0658263 0.991262
   0.37694   0.841168   0.378069   0.829939   0.381785   0.819171   0.588789   0.554536   0.591318   0.314175   0.605191  0.0809696 0.989603
  0.381132    0.84227   0.382996   0.831113   0.386636   0.820154   0.607248   0.573652   0.612986   0.334066   0.626486  0.0968783 0.97367
  0.385277   0.843388   0.387935   0.832236    0.39131     0.8213   0.625499   0.593167   0.634694   0.352856   0.647044   0.116422 0.986699
  0.389387   0.844556   0.392889   0.833295   0.395936   0.822671   0.643613   0.613765   0.656449   0.370279   0.667445   0.140835 0.993344
  0.393771   0.845994   0.397836   0.834384    0.40055   0.823856   0.662975   0.639857   0.678184   0.388344   0.687751   0.161277 0.978322
   0.39865   0.847718    0.40275   0.835611   0.405587   0.825446   0.684551    0.67149   0.699807   0.409365   0.709983    0.18991 0.980364
  0.402795   0.849008   0.407531   0.837285   0.410215   0.826908   0.702838   0.694671   0.720943   0.440062    0.73041   0.216255 0.993002
  0.407518   0.851443   0.412308    0.83896   0.414689   0.828281   0.723886   0.741643   0.742063   0.470779   0.750148   0.240851 0.988323
  0.411989   0.853439    0.41726   0.840055   0.420495   0.830647   0.743744   0.779501   0.763819    0.48896   0.775888   0.285224 0.999789
  0.416952    0.85516   0.422137   0.841374   0.424862   0.832286   0.765681   0.811013   0.785302   0.511996   0.795218   0.315597 0.992655
  0.421718    0.85699   0.426806   0.843377   0.429816    0.83443   0.786787   0.845038   0.806021   0.549804   0.817207   0.356118 0.997478
  0.426994   0.858995   0.431673   0.844767   0.435853   0.837122   0.810148   0.882275   0.827471   0.574361   0.844021   0.407185 0.989593
  0.432102   0.860598   0.436453   0.846396   0.440743   0.838719   0.832689   0.911102   0.848593   0.604103   0.865616   0.436114 0.988864
  0.436169   0.862328   0.441196   0.848182   0.445077   0.839958   0.850735   0.943735   0.869589   0.637206   0.884718   0.458015 0.997359
  0.441047    0.86317   0.445883   0.850089    0.44986   0.841168   0.872116   0.956615    0.89037   0.672961   0.905764   0.478809 0.996253
  0.445506   0.864492   0.450533   0.852107   0.454489   0.842364   0.891782   0.980144   0.911007   0.711127   0.926141   0.499499 0.97639
  0.453223    0.86336   0.455352   0.853661   0.458048   0.843139   0.925086   0.948002   0.932285   0.739215   0.941774    0.51231 0.966501
  0.459103   0.862106   0.460301   0.854741   0.462406   0.844181    0.95038   0.915202   0.954026   0.757089   0.960938   0.529962 0.947224
  0.465411   0.857811   0.465296   0.855582   0.466697   0.845145   0.976891   0.817167   0.975916   0.769817   0.979798   0.546041 0.54877
  0.470304   0.856342   0.470304   0.856342   0.470304   0.856342   0.997847   0.780788   0.997847   0.780788   0.997847   0.780788 0
