27
  0.419085   0.104728   0.419085   0.104728   0.419085   0.104728 7.29194e-005   0.907956 7.29194e-005   0.907956 7.29194e-005   0.907956 0
  0.424219   0.107139    0.42346   0.102345   0.421896   0.099271  0.0406305   0.971996  0.0372731   0.860499  0.0263145   0.787193 0.62739
  0.428805   0.107228   0.427942   0.100154   0.425421  0.0957736   0.078095   0.981709  0.0752474     0.8176  0.0572233   0.712669 0.87381
  0.435522    0.10664   0.432675  0.0986192   0.430083  0.0914437   0.133392   0.979407   0.114876    0.79023  0.0979397   0.620907 0.992842
  0.440126   0.105515   0.437435  0.0971683   0.431677  0.0900951    0.17172   0.961255   0.154674   0.764828   0.111783   0.592563 0.98897
   0.44515   0.103244   0.442048  0.0952802    0.43633  0.0861653   0.214172   0.917429   0.193536   0.729129   0.152182   0.509985 0.998071
  0.450514  0.0992048   0.446555  0.0931378   0.440804  0.0827065   0.260458   0.833527   0.231676   0.687404   0.190837   0.437937 0.99759
  0.455496  0.0951865   0.450385  0.0899347   0.443667  0.0803228   0.303601   0.749464   0.264912    0.62016   0.215681   0.387917 0.965898
  0.459121  0.0930356   0.454682  0.0874959   0.448978  0.0761815   0.334532   0.706068   0.301518    0.57127   0.261589   0.301577 0.997963
  0.463049  0.0917443   0.458814   0.084734   0.454956  0.0728268   0.367436   0.682947   0.336957   0.514673   0.312481   0.234436 1
  0.466596  0.0906427   0.463086  0.0821805   0.459811  0.0706063   0.397107   0.663549   0.373424   0.463103   0.353524   0.191499 0.996243
  0.470819  0.0892731   0.467466  0.0798053   0.464038  0.0684128    0.43246   0.639117   0.410668   0.415816   0.389404   0.148131 1
   0.47444   0.088296    0.47196  0.0776477   0.468522  0.0668414   0.462664   0.622707   0.448714    0.37372    0.42702   0.119498 0.998946
  0.477638  0.0873215   0.476785   0.076407   0.473601  0.0650088    0.48941   0.605647   0.488921    0.35326   0.469661  0.0858542 1
  0.481202  0.0863861   0.481582  0.0750782   0.478775  0.0633627   0.519117   0.590099   0.528955    0.33073   0.512962  0.0566553 0.99505
   0.48525  0.0858088   0.486572  0.0749957   0.484094  0.0620115   0.552572   0.583594    0.56982   0.337176   0.557274   0.034483 1
  0.492242  0.0858043    0.49155  0.0749942   0.490461  0.0611555   0.609777   0.595184   0.610545   0.345467    0.60987  0.0254483 0.998542
  0.495465  0.0867218   0.496538  0.0750367   0.499091  0.0613618   0.635592   0.621669   0.651322   0.354784    0.68034  0.0446208 0.997842
  0.498654  0.0876374   0.501386  0.0761329   0.504322  0.0623888   0.661133   0.648055   0.690331   0.388097    0.72252  0.0769829 0.9993
  0.503771  0.0881488   0.506077   0.077816   0.509459  0.0641216   0.702687    0.66837   0.727705   0.434641   0.763512   0.125416 0.999282
  0.507038  0.0898852   0.510767  0.0794361   0.514252  0.0669881    0.72838   0.713758   0.765108   0.479736   0.801016   0.199343 1
  0.510283  0.0922652   0.515257  0.0816126   0.518965  0.0692956   0.753513   0.773909   0.800537   0.537288   0.838201   0.260282 0.990869
  0.514719   0.094859   0.519849  0.0835455   0.524044  0.0726178    0.78826    0.84097   0.836955   0.589412   0.877772   0.345163 0.985122
  0.519421  0.0974093   0.524469  0.0854102   0.528341  0.0758396     0.8252   0.907471   0.873638   0.640014      0.911   0.426428 0.997776
  0.523728  0.0994745    0.52904  0.0873845   0.530439    0.07715   0.859209   0.962159    0.90985   0.693053   0.927386   0.460067 0.995802
  0.527879   0.100139   0.533435  0.0897408   0.538245  0.0816506   0.892765   0.984389     0.9444    0.75458   0.988569   0.576605 0.596382
  0.537784  0.0921682   0.537784  0.0921682   0.537784  0.0921682    0.97854    0.81767    0.97854    0.81767    0.97854    0.81767 0
