79
  0.267557   0.648964   0.267557   0.648964   0.267557   0.648964   0.992429  0.0664621   0.992429  0.0664621   0.992429  0.0664621 0
  0.270136    0.64099   0.264649   0.645479   0.260085   0.649366   0.959209  0.0301906    0.97657  0.0963683   0.991664   0.151541 0.619827
  0.270909   0.633777   0.261741   0.641982   0.252878   0.649851   0.928641  0.0150674   0.960661   0.126252   0.991346   0.233685 0.94615
  0.269278   0.630249   0.258805   0.638509   0.248806    0.64738   0.913024  0.0304569   0.944842   0.156491   0.979433    0.27769 0.935987
  0.265782    0.62573   0.255781   0.635132   0.245959   0.644757    0.89255  0.0661148   0.929406   0.187801   0.967279   0.307662 0.951409
  0.262329   0.622018   0.252702   0.631786   0.242596   0.641396   0.875536   0.101998   0.914085   0.219766   0.951797   0.342827 0.968949
  0.257925   0.619009   0.249505   0.628539    0.23926   0.637879   0.861215   0.149282   0.899148   0.253161   0.935659   0.377558 0.992832
  0.255672   0.617359   0.245887   0.625809   0.237146   0.635638   0.853418   0.173378   0.886278   0.291776   0.925379   0.399558 0.970583
   0.25135   0.612747   0.242069   0.623334   0.234875   0.633279   0.832271   0.218318   0.874432   0.332891   0.914547   0.423229 0.980016
  0.248096    0.60922   0.238493   0.620551    0.23193   0.630384    0.81612   0.252116   0.861353   0.370985   0.901196    0.45407 0.960071
  0.245169   0.606019   0.235015   0.617636   0.227767   0.626257   0.801469   0.282479    0.84774   0.407857   0.882174   0.497636 0.97954
  0.241545   0.602607    0.23148   0.614783   0.223511   0.621999   0.785682   0.320567   0.834372   0.445425   0.862564   0.542146 0.989914
  0.238063   0.599769   0.227896   0.611991   0.220179   0.618758   0.772397   0.357545   0.821251   0.483601   0.847608   0.577074 0.978409
  0.234403    0.59747   0.224406   0.609089   0.217046   0.615841   0.761359   0.397021   0.807692   0.520621   0.834103   0.610027 0.971027
  0.232074   0.596513     0.2211   0.605969   0.214775    0.61377   0.756492   0.422584   0.793261   0.555361   0.824499   0.633949 0.979009
  0.230097   0.592437     0.2179   0.602735   0.210357   0.609438   0.738417   0.441412   0.778375   0.588789   0.804516   0.680234 0.964031
   0.22654   0.589061   0.214917   0.599319   0.205904   0.605047   0.722808   0.478777   0.762787   0.619606   0.784271   0.726858 0.957323
  0.224865   0.586788   0.212298    0.59561    0.20229   0.601799    0.71254   0.495765   0.746066   0.646034   0.769194   0.764969 0.962306
  0.222012   0.582382   0.209898   0.591737   0.200578   0.598324   0.692762    0.52423   0.728718   0.669832   0.753774   0.781321 0.988921
  0.219059   0.578571   0.207384   0.587959   0.196882    0.59388   0.675494   0.554354   0.711737   0.695012   0.733555   0.819315 0.980731
  0.216542   0.575484   0.204427   0.584512   0.193355   0.589436   0.661467   0.580173   0.696023   0.725502   0.713392   0.855398 0.980777
   0.21471   0.573312   0.201459   0.581065   0.190625   0.585123   0.651575   0.599042   0.680307   0.756127   0.694051   0.882551 0.983907
    0.2127   0.570636   0.198973   0.577278   0.188011   0.581054   0.639472   0.619474     0.6633   0.780979   0.675793   0.908597 0.990559
   0.21199   0.566972   0.197088   0.573143   0.186055   0.577053   0.623577   0.624294      0.645   0.798702   0.658047   0.927254 0.985102
  0.210888   0.563354   0.195415   0.568905   0.183576   0.571767   0.607753     0.6336   0.626336   0.813944   0.634633   0.950713 0.980593
  0.208837   0.561507   0.193496   0.564809   0.181781   0.567156   0.599176   0.655224   0.608192   0.832093   0.614332   0.967001 0.981596
   0.20861   0.560309   0.191461   0.560723   0.180305   0.562964   0.593983   0.656746   0.590055   0.851564   0.595929   0.980039 0.976216
  0.207938   0.557377   0.189884   0.556465    0.17922   0.557404   0.581226   0.661783   0.571334   0.865692   0.571807   0.987442 0.949073
  0.207358   0.554876   0.189521   0.551951   0.178768   0.550315   0.570349    0.66616   0.551922   0.865832   0.541362   0.986327 0.988876
  0.207554   0.552765   0.190483    0.54751   0.179936   0.545054   0.561391    0.66207   0.533262   0.851012   0.519266   0.968447 1
  0.208182   0.551484    0.19261   0.543493   0.181187   0.538804   0.556127   0.653822   0.516802   0.823354    0.49297   0.948752 0.985172
  0.209499   0.550067   0.195636   0.540093   0.185774   0.532306   0.550507   0.637645    0.50328   0.786047   0.466727   0.891012 0.996323
  0.212195   0.548434   0.199331   0.537467   0.188955   0.529627   0.544424   0.605631   0.493285   0.741835   0.456335   0.852586 0.983155
  0.215433   0.546995   0.203414    0.53548    0.19459   0.525953   0.539349   0.567651   0.486148   0.693791   0.442505   0.785445 0.98661
  0.218627   0.545749   0.207443   0.533355   0.199882   0.523115   0.535085   0.530332   0.478407    0.64623   0.432132   0.722936 0.989201
  0.222509   0.544176    0.21135   0.531028   0.203914   0.521511   0.529652   0.484929   0.469758   0.599876   0.426618   0.675803 0.994263
  0.227569   0.541758   0.215351   0.528951   0.207388   0.520218   0.521001   0.425427   0.462209   0.552681   0.422244   0.635281 0.981074
   0.23334   0.537463   0.219458   0.526923   0.211036   0.518388   0.504562   0.356204   0.454906   0.504319   0.415635   0.592293 0.997416
  0.238185   0.531688   0.223238   0.524396   0.212732   0.516879   0.481492    0.29617   0.445363    0.45923   0.409749   0.571736 1
  0.242393   0.525554   0.225834   0.520735    0.21437   0.515119   0.456674   0.243051   0.430582   0.426567   0.402775   0.551608 0.997951
  0.244044   0.518328   0.227146   0.516338   0.216173   0.512411   0.426343   0.217967   0.412225   0.407815   0.391798   0.528782 0.986225
  0.243854   0.510309   0.227425   0.511828   0.217956   0.510382    0.39201   0.213057   0.393045   0.400679   0.383722   0.506775 0.982666
  0.241289   0.503517    0.22688   0.507301   0.218635   0.509767   0.362133   0.236149   0.373516   0.402869   0.381319   0.498535 0.979958
  0.237491    0.49706   0.225357   0.503028   0.217762   0.506778   0.333278   0.273524   0.354752   0.416371   0.368253   0.505796 0.983615
  0.233844   0.493257   0.222582   0.499444   0.215557   0.503811   0.315812   0.311529   0.338513   0.444686   0.354841   0.528193 0.979412
  0.228968    0.48999   0.218838   0.496863   0.211876   0.501057   0.300231   0.363942   0.326237   0.484858   0.341851   0.567497 0.969654
  0.223446    0.48723   0.214796   0.494775   0.207417   0.498725   0.286603   0.424123   0.315972   0.528857   0.330402   0.616007 0.965607
  0.219085   0.484103   0.211264   0.491956   0.204205   0.497576   0.271789   0.470813   0.302752   0.566422   0.324425   0.651413 0.959299
  0.213342   0.482246      0.208   0.488758   0.201132   0.496512   0.261947   0.534298   0.288002   0.600617   0.318859   0.685324 0.963365
  0.209607   0.480981   0.204544   0.485838   0.198283   0.495204   0.255303   0.575535   0.274376    0.63723   0.312323   0.716476 0.963246
  0.206929   0.479131   0.200869   0.483154   0.194334    0.49305   0.246507   0.604278   0.261685   0.676531   0.301804   0.759361 0.927629
  0.204891   0.477295   0.197092   0.480609   0.191967   0.489975    0.23798   0.625764   0.249554   0.717117   0.287877   0.783492 0.844064
  0.201779   0.473775   0.193344   0.478101   0.186903   0.486602   0.221905   0.657952    0.23759   0.757407   0.271781    0.83794 0.883374
  0.199436   0.470215   0.189617    0.47544   0.181044   0.480812   0.205915   0.681382   0.224983   0.797324   0.245091   0.899274 0.940212
  0.198543   0.468029   0.186297   0.472323   0.177038   0.474788   0.196277   0.689578   0.210561    0.83223   0.218016   0.939391 0.946482
  0.197815   0.465807   0.184095   0.468432   0.175316   0.468726   0.186537   0.695876   0.193197   0.853769   0.191539   0.953573 0.827602
  0.197475   0.463482   0.182967   0.463976   0.174269    0.46289   0.176486    0.69769   0.173781   0.862629    0.16625   0.960304 0.927347
  0.197681   0.461311   0.182934   0.459399   0.174906   0.456032    0.16728   0.693432   0.154211    0.85897   0.137156   0.947033 0.754842
  0.198338   0.459434   0.184554   0.455215   0.177104   0.450106   0.159475   0.684338   0.136866   0.836911    0.11256   0.916889 0.809318
    0.1994   0.457869   0.187698   0.451976   0.179634    0.44445   0.153139   0.670917   0.124069   0.798404  0.0892294   0.883213 0.645275
  0.200636   0.456798   0.191757   0.449913   0.182815   0.440306   0.148976    0.65595   0.116603   0.750571  0.0725769   0.843498 0.899836
  0.202317   0.455937    0.19604   0.448278   0.188473   0.437464   0.145851   0.636138   0.111039    0.70056  0.0623118   0.776839 0.875199
  0.204473   0.455341   0.200324   0.446875   0.193003    0.43626   0.144021   0.611165   0.106464   0.650749  0.0586674   0.724409 0.910743
  0.207956   0.455088   0.204791   0.446089   0.199166   0.435573   0.144099   0.571438   0.104589     0.5994  0.0577802   0.653918 0.918125
   0.21269   0.455224   0.209342   0.445628   0.206259   0.435726   0.146252   0.517882   0.104131   0.547387  0.0607898   0.573624 0.932077
  0.216539   0.455743   0.213858    0.44516   0.210933    0.43572   0.149748   0.474693    0.10363   0.495769   0.062317   0.520621 0.957845
  0.221156   0.456306   0.218347   0.444654   0.215196   0.435868   0.153685   0.422842   0.102959   0.444421  0.0643652   0.472411 0.935179
  0.228283   0.456572   0.222873   0.444176   0.218446   0.435524   0.157192   0.342259   0.102417   0.392678  0.0639727   0.435252 0.9537
  0.234841   0.455935   0.227453   0.443856   0.222304   0.435284   0.156648   0.267334   0.102571   0.340463  0.0642302   0.391296 0.982977
  0.240501   0.454508   0.231936    0.44386   0.225358   0.435182   0.152428   0.201898   0.104076   0.289639  0.0648061   0.356577 0.991626
  0.246897   0.451418   0.236415   0.443579   0.226985   0.434952   0.141346   0.126651   0.104363   0.238597   0.064363    0.33793 0.991322
  0.253119   0.444567   0.240858   0.441884   0.228097   0.434456   0.114135  0.0500637  0.0985964   0.186725  0.0626138   0.324885 0.995698
  0.255467   0.438082   0.243584     0.4384   0.228857   0.433899  0.0871985  0.0177203  0.0846117   0.152752  0.0604859   0.315777 0.904225
  0.253391   0.429527     0.2433   0.434048   0.229269   0.433378  0.0499515  0.0337244  0.0659179   0.152131   0.058398   0.310641 0.913679
  0.244879   0.424859   0.240132   0.430961   0.229351   0.432858  0.0271765   0.126132  0.0516737   0.185331     0.0562   0.309254 0.826819
  0.238467   0.423793   0.235845   0.428804   0.229153   0.432339  0.0204894   0.197899  0.0410348   0.232043  0.0539185   0.311041 0.789443
  0.233093   0.422992   0.232058   0.426481   0.228749    0.43173  0.0152831   0.258128  0.0298483   0.272939  0.0511794   0.315085 0.642567
   0.22959   0.421358   0.228346   0.423999   0.225879   0.427363 0.00713552   0.296405  0.0180071   0.312843  0.0315635   0.343781 0.492383
  0.224479   0.421461   0.224479   0.421461   0.224479   0.421461 0.00587996   0.354461 0.00587996   0.354461 0.00587996   0.354461 0
