89
  0.879319   0.268513   0.879319   0.268513   0.879319   0.268513   0.961817  0.0456436   0.961817  0.0456436   0.961817  0.0456436 0
  0.873226   0.267267   0.875796   0.270882   0.880827   0.279376   0.931632  0.0256021   0.937823   0.051058   0.946936   0.108693 0.641618
  0.870614   0.267271   0.872199    0.27313   0.873803   0.282777   0.917549  0.0199745   0.913678  0.0556473   0.901886   0.112213 0.942081
  0.865037    0.26982   0.868517   0.275242   0.873038   0.282889   0.882099  0.0219356   0.889365  0.0593088   0.897528   0.111178 0.978035
  0.861013   0.270934   0.864885   0.277432   0.870355   0.285228    0.85806  0.0193615   0.865159   0.063502   0.878119   0.118244 1
  0.856642   0.272961   0.861362   0.279791   0.866852   0.288439   0.830214  0.0210599   0.841177  0.0688637   0.852439   0.128341 0.906821
  0.853496   0.274837   0.857885   0.282223   0.862649   0.291141   0.809291  0.0245736   0.817294  0.0747227   0.824071   0.134116 0.943931
  0.850249   0.276634   0.854394   0.284634   0.858363   0.294074   0.787987  0.0274399   0.793378  0.0804379   0.794762   0.140986 0.96659
  0.846439   0.279047   0.850847   0.286962   0.854697   0.296271   0.762346  0.0324786   0.769336  0.0855786   0.770358   0.145146 0.906127
  0.842933   0.280523   0.847288   0.289272   0.851697   0.297937   0.740329   0.033012   0.745264  0.0905883   0.750665   0.147821 0.935723
  0.839739   0.282445   0.843767   0.291639   0.848704   0.299742    0.71905  0.0366818    0.72128  0.0960008   0.730714   0.151283 0.947168
  0.836531   0.284341   0.840234   0.293988   0.845366   0.302836   0.697749  0.0401734   0.697267   0.101283   0.706178   0.161089 0.973873
  0.831996   0.286675   0.836632    0.29623   0.841583    0.30515   0.668369   0.043207   0.673106   0.105832   0.680891   0.165638 0.89815
  0.827172   0.289469   0.832947   0.298332    0.83804   0.307466   0.636458  0.0481504   0.648801   0.109426   0.656896   0.170722 0.861965
  0.823964    0.29207    0.82918   0.300283   0.835638   0.309346   0.613667   0.055526   0.624372   0.112011    0.63997   0.175868 0.919191
  0.820724   0.294271   0.825346   0.302105   0.832213   0.312421   0.591548  0.0606312   0.599858   0.113744   0.615007   0.185381 0.954798
   0.81683   0.296631   0.821532   0.303961   0.828827   0.314808   0.565565  0.0651934   0.575373    0.11571   0.591702   0.191196 0.952601
  0.812457   0.299381   0.817858   0.306082   0.824894   0.317111   0.536178  0.0708637   0.551086   0.119435   0.565635   0.195359 0.924855
   0.80842   0.302507   0.814358   0.308483    0.82205   0.319803   0.507806  0.0793342   0.527143   0.125073   0.544607   0.204023 0.833988
  0.805153   0.304838   0.811007   0.311079   0.819108   0.322057   0.485265  0.0850984   0.503588    0.13211   0.523984   0.210063 0.935376
  0.802724   0.307172   0.807704   0.313745   0.816188   0.325086   0.467233  0.0926875   0.480142    0.13964   0.501834   0.220419 0.933179
  0.799335   0.309333   0.804435   0.316457   0.813578   0.327522   0.444398  0.0972502   0.456784   0.147489   0.482614   0.228176 0.956994
  0.795438   0.312498   0.801384   0.319395   0.810308   0.329025   0.416691   0.106236   0.434122   0.157061   0.461807    0.22937 0.880694
  0.792331   0.315531   0.798622   0.322616   0.808082   0.332086   0.393526   0.116206   0.412418   0.168814   0.443331   0.241404 0.987861
  0.789237   0.318291   0.796057      0.326   0.805228   0.335486   0.371012   0.124699   0.391429   0.181887   0.420751   0.253944 0.724277
  0.784885   0.321466   0.793512   0.329393    0.80258   0.338198   0.340839   0.132759    0.37053   0.195054    0.40074   0.263141 0.991676
  0.781026   0.324805   0.790794   0.332649   0.798896   0.341838   0.312972   0.142788    0.34899   0.207094    0.37318   0.275204 0.903237
  0.778509   0.328099   0.787915   0.335768   0.796913   0.344238   0.292435   0.155471   0.326869   0.218034   0.357409   0.284121 0.927168
   0.77479   0.330638   0.784954   0.338806   0.794234   0.346999   0.267019   0.161401   0.304484   0.228348   0.337126   0.293523 0.907746
   0.77192   0.334634   0.781959    0.34181   0.792027   0.349074   0.243091   0.177185    0.28198   0.238402   0.320842   0.300166 0.985318
  0.769936   0.338518   0.779003   0.344855   0.790379   0.352208   0.224173   0.194264   0.259604   0.248765   0.305322   0.313852 0.691214
  0.767406   0.342096   0.776226   0.348062   0.786874   0.354158   0.202964   0.208488   0.237845   0.260406   0.282305   0.316997 0.899769
  0.764494   0.345963   0.773744   0.351503   0.785817   0.356197   0.179079   0.223469   0.217186   0.273976   0.272292   0.325932 0.914104
   0.76219   0.349858   0.771642   0.355187   0.784759   0.360162   0.158414   0.239923   0.198055   0.289703   0.258193   0.345466 0.869249
  0.759844   0.353886   0.769948   0.359079   0.783443   0.363486   0.137246   0.257013   0.180684   0.307458    0.24406   0.360913 0.897572
  0.757268   0.358429   0.768659    0.36312   0.781815   0.367434   0.113738   0.276446   0.165179   0.326909   0.226926   0.379123 0.849249
  0.755918   0.363543   0.767771   0.367267   0.779795   0.370287  0.0956345    0.30167   0.151612   0.347815       0.21   0.390451 0.927399
  0.754903   0.367964   0.767223   0.371478    0.77887   0.373322  0.0808012   0.323809   0.139738   0.369809   0.198587   0.405155 0.748439
  0.753904   0.373116   0.766769   0.375697    0.77791   0.377111  0.0645048   0.350004   0.128356   0.392042   0.185391   0.423937 0.81711
   0.75345   0.379503   0.766284   0.379901   0.776938   0.379866  0.0485293   0.384176   0.116838   0.414137   0.174317   0.436992 0.866705
  0.753566   0.386599   0.765927   0.384143   0.776437   0.383098   0.034125   0.423481   0.105932   0.436711   0.164771   0.453701 0.93341
  0.754463   0.391636   0.766007   0.388386   0.776083   0.387247  0.0282877   0.453142  0.0973708   0.460235   0.154075   0.475772 0.79711
  0.755463   0.396943   0.766905   0.392509   0.775683   0.391642  0.0224371   0.484521  0.0934749   0.484872   0.142611    0.49909 0.96659
  0.757021   0.402076   0.768474   0.396473   0.775746   0.394299  0.0199569   0.516138  0.0935341   0.510081    0.13732   0.513854 1
  0.759452   0.406954   0.770285   0.400303   0.777105    0.39683   0.022723   0.548248  0.0951791   0.535085   0.139281   0.530722 0.804393
  0.761086   0.411636   0.772123   0.404119   0.778631   0.399655  0.0216068   0.577556  0.0969987   0.560059   0.141519   0.549575 0.976069
  0.763454   0.417014   0.773985    0.40795   0.781322    0.40318  0.0229754    0.61228  0.0989197   0.585179   0.148553   0.574798 0.920809
  0.767588   0.420926   0.776287   0.411495   0.784607    0.40596  0.0369636   0.642755   0.103813   0.609673   0.160364   0.597207 0.959538
   0.77113   0.424761   0.779247   0.414536   0.787083   0.408479  0.0479274   0.671524   0.113317   0.632811   0.168371   0.616431 0.920809
  0.773623   0.428354   0.782629   0.417106   0.789731   0.410618  0.0537459   0.696694   0.126097   0.654276   0.178108   0.633933 0.970983
   0.77676   0.431312   0.786177   0.419424    0.79259   0.412565  0.0643846   0.719766   0.140304   0.674712   0.189385   0.650836 0.771676
  0.780282   0.434673   0.789668   0.421838   0.795675    0.41412  0.0762399   0.745883   0.153998    0.69555   0.202714   0.666066 0.903237
  0.783238   0.437195   0.793034   0.424428   0.797833   0.416295   0.086827    0.76616   0.166649   0.717088   0.209738   0.682709 0.925202
  0.786487   0.440314   0.796318   0.427104   0.800558   0.417641  0.0977248   0.790359   0.178676   0.738922   0.221568   0.696011 0.839306
  0.790575   0.442937   0.799678   0.429696   0.804281   0.418698   0.114194   0.813641    0.19129   0.760458    0.23939   0.709886 0.769711
  0.795535   0.444611   0.803275    0.43197   0.808239   0.419807   0.137376   0.833588   0.205853   0.780758   0.258365   0.724556 0.736647
  0.800942    0.44545   0.807177   0.433586   0.812122   0.420932   0.164733   0.849901   0.223456   0.798094   0.276903   0.739146 0.85526
  0.805877    0.44677   0.811343   0.434405   0.814513   0.422529   0.188527   0.867846   0.244166   0.811616   0.286402    0.75311 0.92104
  0.811734   0.447979   0.815587   0.434644   0.817669   0.423125   0.217524   0.887174   0.266532   0.822114   0.302144    0.76322 0.886474
  0.816605    0.44869   0.819824   0.434642   0.820053   0.424251    0.24226   0.901627   0.289362   0.831273   0.312603   0.774576 0.907746
  0.820599   0.449863   0.824063   0.434802    0.82341   0.424368   0.261294   0.916724   0.311862   0.841327   0.330446   0.782483 0.899769
  0.825753    0.45119   0.828277    0.43531   0.828231   0.424509   0.286254    0.93518   0.333494    0.85324    0.35612   0.793693 0.833642
  0.831835   0.451587   0.832438   0.436152   0.832348   0.424838   0.318186   0.950528   0.354126   0.866879   0.377608   0.804413 0.776416
  0.838592   0.451521   0.836607   0.436932   0.836437   0.424689   0.354732   0.964783   0.374942    0.88019   0.399958   0.812441 0.827283
  0.843156   0.450367   0.840837   0.437263   0.840232   0.424332   0.381767   0.968309   0.397026   0.891167   0.421161   0.818686 0.867977
  0.846415   0.448352    0.84507   0.437102   0.844064   0.424006   0.403597   0.964266    0.42018   0.899437   0.442497   0.825183 0.814566
  0.851526   0.447321   0.849273   0.436537   0.847994   0.423727   0.433315   0.969653   0.444021   0.905424   0.464263   0.832148 0.647977
  0.857031    0.44665    0.85346   0.435765   0.851318   0.422953   0.464398   0.977872   0.468217   0.910237   0.483812    0.83508 0.922312
  0.862035   0.445191   0.857549   0.434669   0.854381   0.421887   0.494453   0.980671   0.492568   0.913051   0.502577   0.835841 0.869249
   0.86494   0.442531   0.861393   0.432918   0.857661   0.420802   0.515739   0.972312   0.516993   0.911728   0.522546   0.836968 0.745549
  0.867956   0.441079   0.865074    0.43076    0.86116   0.419598   0.535066   0.970845   0.541396   0.907819   0.543952   0.837911 0.776994
  0.872067   0.438843   0.868765   0.428668   0.864799   0.418633   0.561952   0.967434   0.565715   0.904287   0.565602   0.840474 0.756069
  0.877482   0.437559   0.872533   0.426745   0.868431   0.416995   0.593848   0.972087   0.590091   0.901858   0.588637    0.83932 0.920116
  0.882427    0.43591   0.876382   0.424954   0.872511   0.414821   0.623984    0.97371   0.614623   0.900326   0.615228   0.836184 0.785318
   0.88623   0.434075   0.880232   0.423156   0.875803   0.413792   0.648364   0.971837   0.639173   0.898764   0.635144    0.83764 0.88289
  0.891089   0.432715   0.884009   0.421228    0.87808   0.411812   0.677427   0.974865    0.66361   0.896322    0.65161   0.831669 0.968092
   0.89678   0.430661   0.887667   0.419085   0.881645   0.409004   0.712439   0.975877   0.687859   0.892443   0.676763   0.823928 0.959538
  0.900685   0.426827   0.891186   0.416712   0.884649   0.406251   0.741598   0.963221   0.711844      0.887   0.698782   0.815278 0.939538
  0.903273   0.423921    0.89457   0.414152    0.88791   0.403944   0.761698   0.952825     0.7355   0.880227   0.721239   0.809632 0.933179
  0.907515   0.420616    0.89786   0.411471   0.892166    0.40183   0.791559   0.943815   0.758903   0.872594   0.748649   0.807212 0.977688
  0.910766   0.417856   0.901089   0.408722   0.895189    0.40049   0.814922   0.935659   0.782126   0.864451   0.767776   0.806375 0.860347
  0.914615   0.414929   0.904187   0.405825   0.896958   0.398238   0.841855   0.927879   0.804954   0.855207   0.782077   0.797807 0.886127
  0.918387   0.411615   0.907056   0.402693   0.898921   0.395019   0.869199   0.917802   0.827047   0.844175   0.799469   0.784339 0.849827
  0.921168   0.407541   0.909607   0.399306   0.901358   0.392305   0.892815   0.901397   0.847968   0.831058   0.818349   0.774674 0.730289
  0.924936   0.404165   0.911852   0.395708   0.903775   0.390392   0.920267   0.890968   0.867683   0.816109   0.835425   0.769373 0.802428
  0.928277   0.400938   0.913932   0.392008   0.905846   0.387626   0.945107   0.880438    0.88673   0.800247   0.852441   0.758631 0.626011
  0.931283   0.396785      0.916   0.388305   0.908719   0.384317     0.9701   0.864084   0.905718    0.78434   0.874932   0.746636 0.618381
  0.931408   0.392868   0.918188   0.384671   0.913951   0.382017    0.97907   0.842792     0.9252   0.769072   0.907997   0.745298 0.286127
  0.920469   0.381091   0.920469   0.381091   0.920469   0.381091   0.945077   0.754306   0.945077   0.754306   0.945077   0.754306 0
