98
  0.326496   0.751637   0.326496   0.751637   0.326496   0.751637 0.00901858  0.0477126 0.00901858  0.0477126 0.00901858  0.0477126 0
  0.327436   0.757198   0.329744   0.754232   0.332217   0.750728  0.0105708   0.114906  0.0188544  0.0818443  0.0278177  0.0425467 0.558266
  0.329606   0.762014   0.333107   0.756644   0.336131   0.751505  0.0163115   0.174443  0.0291118   0.113915  0.0403038  0.0556806 0.971676
  0.332844   0.765738   0.336655   0.758765   0.339182   0.754373  0.0258081   0.222018  0.0400473     0.1427  0.0494253  0.0928748 0.917919
  0.336039   0.768281    0.34029   0.760766   0.342427    0.75696  0.0354858    0.25548  0.0512968    0.17014  0.0592545   0.126907 0.952601
  0.338385   0.771053   0.343871   0.762869   0.345705    0.75982  0.0423471   0.290835  0.0623457   0.198751  0.0691154   0.164227 0.771329
  0.342672   0.773609   0.347251   0.765251   0.348627   0.762961  0.0555627   0.325531  0.0726647   0.230478  0.0777455   0.204554 0.626012
  0.346012   0.775549   0.350353   0.767989   0.352086   0.765855  0.0658728   0.351954  0.0819887   0.266165  0.0881842   0.242451 0.533526
  0.348259   0.778049   0.353353   0.770865   0.355443   0.768063  0.0724872   0.383961  0.0909441   0.303407  0.0984759   0.272085 0.686127
  0.350662   0.780858   0.356454   0.773625   0.358957   0.769956  0.0795246   0.419816   0.100257   0.339358   0.109365   0.298118 0.953873
   0.35381    0.78358   0.359779   0.776079   0.362178   0.771966  0.0889995   0.455368   0.110381    0.37189   0.119268   0.325264 0.911907
  0.358449   0.786286   0.363394   0.778096   0.365707   0.773703   0.103315   0.492204   0.121562   0.399504   0.130247   0.349448 0.99711
  0.362919   0.788451   0.367233   0.779677   0.368536   0.775534   0.117232   0.522418   0.133585   0.422146    0.13893   0.374064 0.83815
  0.367723   0.789726   0.371201   0.780901   0.371874   0.776477   0.132467   0.542365   0.146126   0.440656   0.149499   0.388602 0.719538
  0.372523   0.790515   0.375197   0.781995   0.375974   0.776955   0.147824   0.556518   0.158791   0.457642   0.162669   0.398366 0.909017
  0.377135   0.791601    0.37916   0.783132    0.37963   0.777619   0.162489   0.574022   0.171338   0.475116   0.174346   0.409888 0.853064
  0.381205   0.792535   0.383146   0.784281   0.383177   0.778146   0.175437   0.589184   0.183957   0.492755    0.18571   0.419682 0.84
  0.385371   0.793441   0.387191   0.785357   0.387127   0.778445   0.188704   0.604107   0.196784   0.509575   0.198441   0.427159 1
  0.390268   0.794656   0.391233   0.786224   0.391104   0.778751    0.20426    0.62343    0.20966   0.523908   0.211255   0.434741 0.976069
   0.39601   0.795723   0.395261   0.786817   0.394338   0.779242   0.222595   0.641828   0.222566    0.53496   0.221611   0.443783 0.955723
  0.401711   0.796692   0.399413   0.787247   0.398099   0.779404   0.240825   0.659017   0.235916   0.544192   0.233766   0.449444 0.929364
  0.408337   0.796958   0.403673   0.787367   0.402136   0.779359   0.262242   0.668741   0.249698   0.549837   0.246872   0.452902 0.978035
  0.414773   0.796513    0.40764   0.786406   0.405352   0.778933   0.283236   0.669803   0.262825   0.542317   0.257415   0.451013 0.994566
  0.420411   0.795249   0.410978   0.784001    0.40749   0.777664   0.301862   0.660332   0.274299   0.516967   0.264692   0.438001 0.975491
  0.423874   0.793429   0.413583   0.780809   0.408197   0.774708   0.313582   0.642067   0.283608   0.481504    0.26778   0.403479 1
  0.425914   0.789479   0.415352   0.777249   0.408454    0.76999   0.321262   0.597022   0.290301   0.440844   0.269886   0.347518 1
  0.425424    0.78494   0.416124   0.773035   0.408658   0.763892   0.320898   0.542456   0.293942   0.391395   0.272192   0.275066 0.933526
  0.425374   0.781107   0.416323    0.76838   0.409298   0.758533   0.321768   0.496727   0.295842   0.336127   0.275712   0.211838 0.995838
  0.425467   0.777605   0.417457   0.764586   0.410701   0.752424   0.323014     0.4551   0.300543   0.292044   0.281907   0.140434 0.936069
  0.425714   0.776212   0.420224   0.762784   0.416553   0.749827    0.32419   0.438746   0.310002   0.273303   0.301587   0.115284 0.859422
  0.426563   0.776517    0.42369   0.763576   0.422798   0.751769   0.326862   0.443214   0.321027   0.286178   0.321318   0.144601 0.868324
  0.428339   0.777754   0.427185   0.766456   0.428399   0.755672   0.332287   0.459712   0.331587   0.323945    0.33843   0.196648 0.978035
  0.430819   0.779035   0.430762   0.769165   0.433158   0.760125   0.339986   0.477434   0.342461   0.359774   0.352666   0.254426 0.996763
  0.432909   0.780262   0.434478   0.770642     0.4372   0.763378   0.346434   0.494118   0.354114   0.381043   0.364898   0.297183 0.992023
  0.434954   0.782295   0.438284   0.771957   0.440609   0.765485   0.352517   0.520366   0.366102   0.400483   0.375387   0.325665 0.977688
  0.437951   0.784043   0.442076   0.773794   0.444047   0.767523   0.361768   0.544161   0.377907   0.426123   0.385988   0.353348 0.96659
  0.441224   0.785396    0.44569   0.775969   0.447854   0.769573   0.372017   0.563523   0.389041   0.455619   0.397784   0.381551 0.985318
  0.444737   0.787819   0.449126   0.778235   0.452282   0.771858   0.382758   0.595872   0.399576   0.486018   0.411531   0.413153 0.976416
  0.448956   0.790491   0.452628   0.780354   0.455827   0.774004   0.395721    0.63189   0.410363   0.514733   0.422447   0.442234 0.792948
  0.453833   0.792091   0.456329   0.782205   0.458348   0.775101   0.411109   0.655777   0.421869   0.540448   0.430328   0.457803 0.850173
  0.457599   0.793907   0.460191   0.783822   0.462393   0.776402   0.422832   0.681148   0.433957   0.563545   0.443098    0.47731 0.78659
  0.461982   0.795238   0.464091   0.785341   0.466177   0.777635   0.436692   0.701342   0.446195   0.585499   0.455038   0.495743 0.905202
  0.465565   0.796623   0.467825   0.786997   0.469793   0.778854   0.447936   0.721393    0.45786   0.608932   0.466437   0.513854 0.999653
  0.470253   0.799113   0.471482    0.78876    0.47322   0.779917    0.46247     0.7557   0.469247    0.63356   0.477264   0.529904 0.860694
  0.476045   0.801188   0.475492   0.790256    0.47459   0.779572   0.480698   0.786164   0.481848    0.65535   0.481802   0.527151 0.919538
  0.483501   0.802092     0.4797   0.790779   0.474698   0.776207   0.504637   0.804307   0.495355   0.665748   0.483057   0.487169 0.856879
  0.490907   0.802244   0.483285   0.789313    0.47515   0.772386   0.528614   0.813457   0.507377   0.651822   0.485555   0.442081 0.959884
  0.495733   0.798483   0.485906   0.786009   0.476014   0.769729   0.545279   0.773415   0.516769   0.615052   0.489072   0.411276 0.926821
  0.495593   0.791788   0.487782   0.782266   0.476706   0.766999   0.546628   0.693501   0.523862   0.572314    0.49205   0.379437 0.894682
  0.494772    0.78626    0.48903   0.778534   0.478074   0.762978   0.545454   0.626816   0.528916    0.52908   0.497573   0.332881 0.696301
  0.493379   0.781608   0.489665   0.774263   0.479699   0.758706   0.542189    0.57001   0.532124   0.478817   0.503993   0.283577 0.705549
  0.492281   0.778516    0.49029   0.769781   0.483284   0.754823   0.539463   0.532085   0.535359   0.426027   0.516667   0.240865 0.946243
  0.494108   0.778146   0.492042     0.7663    0.48765   0.753681   0.545488   0.529482   0.541977   0.386288   0.531135   0.231577 0.936994
  0.496488   0.778701   0.495083   0.764791   0.494231   0.752542   0.553056   0.538453   0.552248   0.371313   0.552786   0.224523 0.77896
  0.498367   0.780053   0.498671   0.765887   0.500823   0.755796   0.558787   0.556415   0.563589   0.387922   0.573289   0.269822 1
  0.500456   0.781343   0.502271   0.768822   0.503934   0.759816   0.565215   0.573857   0.574475   0.426465   0.582295   0.320793 0.978035
   0.50238   0.782619   0.505586   0.771701   0.507652   0.764385   0.571113   0.590971   0.584449   0.464047   0.593123   0.378919 0.912485
  0.504932   0.784205   0.508695   0.774009   0.510835   0.765916    0.57896   0.612388   0.593913   0.494629   0.603032   0.400308 0.825318
  0.508226   0.785778   0.511973    0.77637   0.514932   0.767287   0.589219   0.634391   0.603909   0.525998   0.615952   0.420705 0.826358
  0.512147   0.787479   0.515541   0.778728   0.519042   0.768907   0.601479   0.658541   0.614845   0.557627   0.628846   0.444077 0.929364
  0.515199   0.789121   0.519317   0.780508   0.521933   0.770718   0.610935    0.68113   0.626611   0.582574   0.637734   0.468518 0.905549
  0.519403   0.791296    0.52324   0.781687    0.52612   0.771406   0.623983    0.71121   0.639017   0.600503   0.651128   0.480851 0.967514
  0.523954   0.792721   0.527268   0.782657   0.530504   0.772713   0.638359   0.732694   0.651818   0.616046   0.664992   0.500762 0.958266
  0.527299   0.794161   0.531299   0.783719   0.534186   0.774394   0.648822   0.753155   0.664608     0.6327   0.676483   0.524448 0.726127
  0.531344   0.795474   0.535207   0.785087   0.538153   0.775603   0.661585   0.772812   0.676912   0.652863   0.689022   0.542771 0.815491
  0.534945   0.797274   0.538992    0.78674   0.542118   0.776901   0.672781   0.797822   0.688744   0.676306   0.701532   0.562165 0.797688
  0.538914   0.798845   0.542746   0.788501   0.545743    0.77801   0.685231   0.820462   0.700446   0.701002    0.71299   0.578971 0.827283
  0.541712   0.800514   0.546557   0.790134   0.549379   0.779247   0.693853   0.843126   0.712364   0.724239   0.724448   0.597307 0.910636
  0.546531   0.801945   0.550498   0.791396    0.55308   0.780201   0.709096    0.86495   0.724807   0.743178   0.736196   0.612335 0.703584
  0.551198   0.802733   0.554549   0.792307   0.557247   0.780761   0.724023   0.878949   0.737698   0.758038   0.749561   0.623134 0.754451
  0.555848   0.803734   0.558632    0.79304   0.560504   0.781556   0.738833   0.895477   0.750744   0.770817    0.75991   0.635832 0.840347
   0.55967   0.804667   0.562716   0.793721   0.564093   0.782153   0.750978   0.910378   0.763807   0.782968   0.771389   0.646499 0.822196
  0.563975   0.805504   0.566794   0.794437   0.567512   0.782839   0.764715   0.924622    0.77684   0.795543   0.782293   0.658051 0.875954
  0.569909    0.80564   0.570866   0.795218   0.570822   0.782851   0.783923   0.932109   0.789835   0.808872   0.793024   0.661478 0.85052
  0.575498   0.805838   0.574937   0.796032   0.574661   0.782206   0.801996   0.940003   0.802819   0.822601    0.80565   0.657592 0.947168
  0.581109    0.80615   0.579033   0.796631   0.578519   0.782351    0.82011   0.949268   0.815943   0.833792   0.818121   0.663138 0.915029
  0.586081   0.806798   0.583178   0.796681   0.581118    0.78299   0.836062   0.961922   0.829371   0.838499   0.826379   0.673316 0.685434
  0.591791   0.806651   0.587278   0.796061   0.583364   0.782847   0.854619   0.965821   0.842838   0.835168   0.833702   0.673834 0.65237
  0.597454   0.806057   0.591202   0.794763    0.58611   0.781843   0.873149   0.964343   0.855912   0.823587    0.84288   0.664589 0.764277
   0.60289   0.805135   0.594906   0.792896   0.589297   0.781311   0.891027   0.958744   0.868428   0.805004   0.853358   0.661405 0.907399
  0.607957   0.801434   0.598373   0.790597   0.591514   0.780786   0.908458   0.919657   0.880292   0.781037    0.86069   0.657349 0.851792
  0.610806   0.796186   0.601464   0.787847   0.593424   0.778978   0.919109   0.859945   0.891058    0.75133   0.867371   0.637696 0.97896
  0.612066   0.791944   0.604007   0.784586   0.595402   0.776954    0.92434   0.810642   0.900184   0.714995   0.874334   0.615537 0.967514
  0.612979   0.786704    0.60595    0.78092    0.59673   0.774589   0.928713   0.749116   0.907476   0.673235   0.879276   0.588668 0.923353
  0.613352   0.780395   0.607331   0.777016   0.597851   0.771846   0.931624   0.674307   0.913005   0.628085   0.883651   0.557099 0.849595
  0.613473   0.773998   0.608428   0.773015   0.598596   0.768932   0.933738   0.598198   0.917641   0.581491   0.886853   0.523114 0.876301
  0.614561   0.770683    0.60956   0.769027   0.599709   0.765361   0.938161   0.559773   0.922387   0.535091   0.891425   0.481663 0.85052
  0.616578   0.766799    0.61074   0.765056   0.600952   0.761717   0.945748   0.515498   0.927283   0.488943   0.896437   0.439474 0.828555
  0.617104   0.761927   0.611884   0.761073   0.601343   0.757399   0.948767   0.457962   0.932067    0.44262   0.898871   0.388413 0.547168
  0.617884   0.758775   0.612989   0.757078   0.602316   0.753376   0.952145   0.421181   0.936727   0.396106    0.90311   0.341435 0.466705
  0.619531   0.756128    0.61409   0.753082   0.603578   0.749691   0.958199   0.391267   0.941373   0.349582   0.908196   0.298778 0.595144
  0.621064    0.75154   0.615287   0.749116   0.604335   0.745624   0.964409   0.338122   0.946323   0.303518   0.911746    0.25106 0.723006
  0.623061     0.7477   0.616665   0.745208   0.605145   0.741929    0.97192   0.294335   0.951847   0.258316   0.915369   0.207837 0.570058
  0.624735   0.743703   0.618144   0.741333   0.605272   0.736751   0.978424    0.24837   0.957688   0.213609   0.917173   0.146264 0.619306
  0.626867   0.739991   0.619618    0.73746   0.606254   0.732047   0.986341   0.206251   0.963512   0.168911   0.921627  0.0911859 0.825665
  0.628219     0.7366     0.6211   0.733591   0.610075   0.728951    0.99164   0.167176    0.96936   0.124279   0.934855  0.0580842 0.535376
   0.62755    0.73157   0.622624   0.729737   0.616472    0.72704   0.990824   0.106584   0.975341  0.0798669   0.956115  0.0416419 0.438728
  0.624176   0.725893   0.624176   0.725893   0.624176   0.725893   0.981411  0.0355954   0.981411  0.0355954   0.981411  0.0355954 0.699422
