89
  0.710683   0.550842   0.710683   0.550842   0.710683   0.550842   0.106076   0.992228   0.106076   0.992228   0.106076   0.992228 0
  0.717125   0.555287   0.714695   0.549545   0.711885   0.542292   0.143222   0.968235   0.109317   0.966136    0.06711    0.96203 0.56659
  0.722797   0.556898   0.718518   0.547876   0.713922   0.538411   0.164655   0.940801   0.110282    0.94009  0.0529881   0.939947 1
  0.729805    0.55653   0.722036   0.545636   0.715448   0.536692   0.179599   0.900433   0.107732   0.914188  0.0482214   0.926658 0.967861
  0.734724   0.554313   0.725305   0.543015   0.718443   0.534212   0.180504   0.866728   0.102712   0.888641  0.0432442   0.903038 0.961503
  0.738695   0.551429    0.72846   0.540258   0.721261   0.531025   0.175878   0.836514  0.0967596   0.863363  0.0343784   0.878471 1
  0.741356   0.549079     0.7317   0.537609   0.724712   0.528071   0.170738   0.815125  0.0915382   0.837899  0.0281704   0.850992 0.867052
  0.743479   0.544985   0.735046   0.535089   0.728134   0.525986   0.155778   0.791975  0.0872041   0.812196  0.0261463   0.826056 0.918266
   0.74491   0.541989   0.738401   0.532581   0.732134   0.523371   0.144538   0.775721  0.0829491   0.786475  0.0229096   0.796415 0.817457
  0.747337   0.538607   0.741801   0.530139   0.737299   0.520513   0.133787   0.752819   0.079123   0.760686  0.0212635    0.75957 0.98948
  0.750653   0.537193    0.74532   0.527873   0.740573   0.518924   0.134792   0.730314  0.0764414   0.734704  0.0213069   0.736826 0.98948
  0.754319   0.535743    0.74897   0.525817    0.74408   0.517006   0.136457   0.705751  0.0751013   0.708568  0.0203019   0.711872 0.988208
  0.757995   0.534998   0.752746   0.524002    0.74803   0.514931   0.141595   0.683063  0.0752432   0.682388  0.0195862   0.683996 0.993295
  0.761308   0.533426   0.756644   0.522483   0.752779   0.512638   0.141815   0.660142  0.0771271   0.656329  0.0197166   0.651034 1
  0.764422   0.531809   0.760624   0.521182   0.757291   0.510963   0.141345   0.638219  0.0802667   0.630405  0.0223009   0.621105 0.993295
  0.767419   0.530561     0.7646    0.51986   0.761204   0.509485   0.142401   0.617966     0.0833   0.604451  0.0244155   0.595071 0.887746
  0.771285   0.529381   0.768515   0.518378   0.764887   0.507806   0.145864   0.593016  0.0854036     0.5784  0.0250013   0.569783 0.973526
  0.775502   0.527771    0.77235   0.516704    0.76862   0.506548    0.14806   0.564918  0.0863758    0.55227   0.027765   0.545371 0.987861
  0.779445    0.52647   0.776191   0.515032   0.772124   0.505301   0.151114   0.539207  0.0873678   0.526115   0.030033   0.522272 1
  0.783785   0.525431   0.780137    0.51362   0.775928   0.503683   0.156399   0.511984  0.0898908    0.50008  0.0312072   0.496471 0.983121
  0.786928   0.524108   0.784202   0.512639   0.780723   0.502439    0.15744   0.490701  0.0948032   0.474562  0.0365786   0.466126 0.972601
  0.789598   0.522935   0.788357   0.512115   0.785468   0.501562   0.158079   0.472492   0.102163   0.449787  0.0436242   0.437071 0.992023
  0.794172   0.522783   0.792538   0.511826    0.78944   0.500247   0.168265   0.446384   0.110742   0.425514  0.0466766    0.41116 0.919538
  0.798847    0.52227   0.796711    0.51155   0.793531   0.498944    0.17692   0.418724   0.119361   0.401321  0.0500793   0.384611 0.958613
  0.802667   0.521081   0.800877   0.511093   0.797247   0.498031   0.180232   0.394008   0.127078   0.376669  0.0544911   0.361237 0.985665
  0.805008   0.519676   0.804988   0.510291   0.801908   0.497504   0.178951   0.377008   0.132977    0.35138  0.0630478    0.33361 0.872486
  0.807929   0.519215   0.808984   0.509057   0.806704   0.497191   0.183674   0.359337   0.136489   0.325557  0.0729736    0.30582 0.923006
  0.812019   0.518792   0.812938   0.507665    0.81126   0.497692   0.191379   0.335209   0.139126   0.299534  0.0863129   0.281603 0.938266
  0.816639   0.518814   0.816956   0.506489   0.815711   0.497968   0.202523   0.309324   0.142967   0.273743  0.0983019   0.257364 0.925549
  0.821101   0.518805   0.821077    0.50578    0.82058   0.497249   0.213141   0.284236   0.149345   0.248655   0.106415   0.228048 0.901965
  0.825038   0.518879   0.825271   0.505704   0.826559   0.497049   0.222912    0.26233   0.158997   0.224888   0.119724   0.193921 0.863237
  0.828549   0.519211    0.82941   0.506305   0.831871    0.49749   0.232925   0.243521   0.171824   0.203293   0.134571   0.165297 0.948439
  0.832356   0.519043   0.833425   0.507484   0.836438    0.49855   0.241197   0.221682   0.187188   0.183979   0.150671   0.142554 0.955145
  0.835784   0.518829   0.837333   0.509001   0.840781   0.500257   0.248344   0.201838   0.203953   0.166187   0.169402   0.122841 0.868324
  0.839101   0.519233   0.841216    0.51057   0.844756   0.502009   0.258241   0.184319   0.220906   0.148685   0.187471   0.105323 0.98948
  0.842306   0.519834   0.845159   0.511961    0.84888   0.504477   0.268841   0.167969   0.237136   0.130354   0.209402  0.0889328 1
    0.8457    0.52034   0.849083   0.513428   0.853347   0.507081   0.279426   0.150292   0.253688   0.112335   0.232819  0.0709848 1
  0.848552   0.521179   0.852822   0.515338   0.857627    0.50976   0.290346   0.136577   0.271967  0.0965781   0.256156  0.0542961 1
  0.850737   0.522944   0.856123   0.517883   0.861367   0.512521   0.304206   0.129143   0.292311  0.0850207   0.278602  0.0408588 0.976069
  0.853137   0.525398   0.858859   0.521058   0.864772    0.51559    0.32195   0.122399   0.314384   0.078357   0.301757  0.0301531 1
  0.855984   0.528235   0.861156   0.524571   0.867028   0.519688   0.342633   0.114184   0.337061  0.0750916     0.3272  0.0287232 0.957341
  0.858466   0.531577   0.863237   0.528193   0.868977   0.523241   0.364917   0.109413   0.359756  0.0733384   0.349242   0.027517 0.993295
   0.86018     0.5349   0.865362   0.531807   0.872145   0.527265   0.385274   0.108896   0.382518  0.0713155   0.376502    0.02076 1
  0.861639   0.538087   0.867361   0.535488   0.874451   0.531916   0.404355   0.109448   0.405308   0.070181   0.404769  0.0205682 1
  0.862517   0.541272   0.868873   0.539386   0.876519   0.535586   0.422038   0.113249   0.427995  0.0723799   0.427673  0.0190162 0.992023
  0.863383   0.544518   0.869899   0.543449   0.878204   0.539874    0.43999   0.117287   0.450328    0.07776   0.452679  0.0213134 1
  0.864022   0.547779     0.8706   0.547574   0.878933   0.545176   0.457472   0.122641   0.472189  0.0851376   0.480364  0.0317576 1
  0.864365   0.551414   0.871236   0.551715   0.879947   0.549697   0.476084   0.130681   0.493972  0.0929197   0.504911  0.0384623 0.967514
  0.864375   0.556079   0.871845    0.55586   0.880672   0.555169   0.498932   0.143423   0.515711   0.100864   0.533421  0.0493973 0.875029
  0.864362   0.560785   0.872071   0.560037   0.880361   0.560734   0.521929   0.156396   0.536689    0.11105   0.559907  0.0664056 0.887746
  0.864033    0.56486   0.871722   0.564212    0.88002   0.565942   0.541081   0.169422   0.556284    0.12446   0.584579  0.0826057 0.990751
   0.86366   0.568911    0.87083   0.568299    0.87961   0.571069   0.560018   0.182627   0.574152   0.140682   0.608688  0.0989659 0.88104
   0.86295   0.572431   0.869674   0.572327   0.878759   0.575752   0.575543   0.196264   0.591099   0.158219   0.629567   0.116586 0.77422
  0.862007   0.576548   0.868605   0.576375   0.877423   0.578557   0.593435   0.212854   0.608356    0.17532   0.640104   0.131783 0.639075
  0.861442   0.580194   0.867644    0.58045   0.877241   0.583613    0.60993   0.226025   0.625999   0.191892   0.664408   0.146668 0.85526
  0.860183   0.582828   0.866688   0.584528   0.875765   0.588537    0.61981    0.24032    0.64367   0.208444   0.684976   0.168462 0.901387
  0.859032   0.586381   0.865594   0.588568   0.874218    0.59296   0.634446    0.25653   0.660827   0.225674   0.702927   0.189279 1
  0.857866   0.589429   0.864269   0.592541   0.872172   0.596807   0.646574   0.271434     0.6771   0.244004   0.716857   0.211323 0.905202
  0.856491   0.593036   0.862724   0.596432   0.870379   0.600469   0.660937    0.28905   0.692452   0.263353   0.730494   0.231432 0.998381
  0.855214   0.595982   0.861001   0.600249   0.867861   0.603461   0.672301     0.3043    0.70701   0.283502    0.73912   0.253783 0.88104
  0.853687   0.599472   0.859158   0.604009   0.865854   0.606368   0.685729   0.322445   0.721006    0.30416   0.748545   0.273024 0.981503
  0.851121    0.60346   0.857207   0.607713   0.863734   0.610568   0.699114   0.347792   0.734469   0.325275   0.764034    0.29645 0.828555
  0.849067   0.607019   0.855127   0.611348   0.862339   0.616081   0.711623    0.36909   0.747287   0.346927    0.78768   0.319401 0.867399
  0.846312   0.610324   0.852884   0.614884   0.860091   0.620057    0.72121   0.393626    0.75923   0.369221   0.801761   0.342931 0.954451
  0.844083   0.613325   0.850472   0.618307    0.85769   0.623801   0.730574   0.414372   0.770215   0.392156   0.814347   0.366681 0.993295
  0.841303   0.616445   0.847967   0.621661    0.85499   0.627948   0.739197   0.438542   0.780643   0.415424   0.828187   0.393219 0.971676
  0.838949   0.619355    0.84543    0.62499   0.851488   0.631678   0.747813   0.459745    0.79087   0.438799   0.838073   0.423118 1
  0.835913   0.622468   0.842871   0.628312   0.848126   0.634799   0.755788   0.485333    0.80101   0.462277    0.84531   0.450558 0.967861
  0.832832   0.625357   0.840157   0.631493   0.845725   0.637529   0.762568   0.510558   0.810094   0.486244   0.852933   0.471528 0.8
  0.829959   0.627987   0.837075   0.634313   0.844176    0.64017    0.76857   0.533903   0.816526   0.511288   0.862153    0.48747 0.953179
   0.82786   0.630822   0.833778   0.636915   0.841126    0.64389   0.777427   0.553467   0.821382   0.536943    0.87307   0.514799 0.985665
  0.825203   0.632806   0.830541   0.639571   0.838193    0.64721   0.780787   0.573834   0.826647   0.562402    0.88231   0.540378 0.99711
   0.82138   0.636474   0.827347    0.64227   0.834415   0.649964   0.789599   0.605363   0.832219   0.587745   0.886757   0.569145 0.915376
  0.817981   0.639401   0.824151   0.644979   0.831595   0.652992   0.795804    0.63248    0.83784    0.61312   0.894839    0.59329 1
  0.814682   0.642294   0.821064   0.647807   0.828875   0.655924    0.80208   0.658938   0.844303   0.638215   0.902684   0.616607 0.978035
  0.812349   0.644183   0.818125    0.65079   0.826805   0.658097   0.805746   0.677221   0.851876   0.662904   0.908375   0.634191 0.905549
  0.809449    0.64697   0.815245   0.653831   0.823923   0.660931   0.812453   0.701153   0.859876   0.687417   0.915352   0.658148 0.778959
  0.806867   0.649258   0.812377   0.656881   0.820475   0.664463    0.81748   0.721926   0.867946   0.711887     0.9244   0.687201 0.986936
  0.803253   0.652434   0.809512   0.659935   0.817084   0.667249   0.824384   0.750937   0.876046    0.73635   0.929928   0.713884 1
  0.799936   0.655347   0.806635   0.662977   0.813834   0.670618   0.830717   0.777556   0.884055   0.760854   0.938648   0.741377 0.909364
   0.79732   0.658137   0.803722   0.665985   0.809695   0.673758   0.838115   0.799898   0.891817    0.78546   0.944125   0.773233 0.881965
  0.794373   0.661494   0.800758   0.668944   0.807005    0.67611   0.847501   0.825652   0.899217   0.810224   0.949206   0.794791 1
  0.790886   0.664597    0.79768    0.67178   0.804199   0.679617   0.854354   0.853744   0.905737   0.835286   0.959662   0.820165 0.929364
  0.788247   0.667581   0.794326   0.674276   0.800532   0.683243   0.862649   0.876749   0.909937   0.860973   0.968642   0.850708 0.850173
  0.785263   0.669733   0.790791   0.676549   0.796709   0.685244   0.866049   0.899412   0.912613   0.887057     0.9693   0.877665 0.965549
  0.781623   0.673155   0.787525   0.679158   0.795074   0.686907   0.874101    0.92924   0.917574   0.912552   0.973533   0.891405 0.776994
  0.778636   0.677252   0.784764   0.682293   0.793585   0.688887   0.887008   0.957252   0.926318   0.936656   0.979663   0.905202 0.708324
  0.777601   0.682686   0.782527   0.685822    0.79098   0.690394   0.911126   0.977963   0.938244   0.958903   0.980814   0.923961 0.531561
  0.780601    0.68956   0.780601    0.68956   0.780601    0.68956   0.951933   0.979965   0.951933   0.979965   0.951933   0.979965 0
