73
  0.242793   0.339089   0.242793   0.339089   0.242793   0.339089  0.0427471   0.978544  0.0427471   0.978544  0.0427471   0.978544 0
  0.251265   0.346102   0.247218   0.336998   0.244665   0.331837  0.0875406    0.96665  0.0480274   0.949015  0.0249322   0.940255 0.46289
  0.255911   0.346019   0.251687   0.334962   0.246159   0.328585  0.0997382   0.944207  0.0535979   0.919503  0.0187027   0.919967 0.634566
  0.260278   0.347681   0.256278   0.333248   0.252918   0.321853   0.116677    0.93016  0.0605105    0.89071  0.0156284   0.860526 0.802775
  0.263804   0.347906   0.261056    0.33218   0.258311     0.3178   0.126841    0.91429   0.069959   0.863645  0.0173224    0.81844 0.892139
  0.268126   0.346683   0.265928    0.33163   0.262701   0.315726   0.134577    0.88877   0.081289   0.838237  0.0225657   0.789146 0.949711
  0.272324   0.346052    0.27082   0.331325   0.266413    0.31445   0.143848   0.866238  0.0934465   0.813721  0.0284967   0.766312 0.987514
  0.278073   0.346099   0.275711   0.331017   0.272411   0.313707   0.159409   0.839072    0.10559   0.789196  0.0422412   0.734764 0.965896
  0.283894   0.345986   0.280597   0.330635   0.277772   0.315266   0.174657   0.810912   0.117487     0.7644  0.0615205   0.715566 0.907746
  0.288678   0.345164    0.28547   0.330114   0.283422   0.314884   0.184897   0.784821    0.12891     0.7391  0.0754696   0.687134 0.947168
  0.294543   0.345079   0.290319   0.329394   0.288642   0.315296   0.200352   0.756562   0.139645   0.713112  0.0907597    0.66396 0.932486
  0.299632   0.344381   0.295134   0.328483   0.292924   0.314523   0.211799   0.729519   0.149684   0.686504   0.099806   0.640455 0.908671
  0.302628   0.343191   0.299925    0.32745   0.297359   0.313917   0.216085   0.710445   0.159277   0.659523   0.109791   0.616897 0.923584
  0.307453   0.343743   0.304709   0.326385   0.302976   0.313372    0.23076   0.689721   0.168748   0.632443   0.123134   0.587962 0.923931
  0.311754   0.342882   0.309501   0.325358   0.307452   0.312801   0.239581   0.665767   0.178367   0.605477   0.133334   0.564344 0.935723
  0.316341   0.343251   0.314333   0.324538   0.311681   0.311385    0.25304   0.645434   0.188738   0.579159   0.140213   0.538485 0.918844
  0.322303   0.343259   0.319187   0.323839   0.317055   0.310848   0.269049   0.617097    0.19955   0.553234   0.152933   0.510735 0.799653
  0.326672    0.34211   0.323976   0.322807   0.321591   0.309471   0.277144   0.591648   0.209141   0.526261   0.160758    0.48357 0.675607
  0.329224    0.34146   0.328771   0.321794   0.326894   0.308536   0.281942   0.576871   0.218809    0.49934   0.172031   0.454551 0.815838
  0.334007   0.341976   0.333636   0.321245   0.331711   0.307349   0.296388   0.556207   0.230121   0.473963   0.181209   0.426821 0.776994
   0.33986   0.341989   0.338536   0.321174   0.337885   0.307027   0.312121   0.528407   0.243034   0.450359   0.196749   0.396134 0.699422
  0.344805   0.341573   0.343442    0.32122   0.343014   0.306096   0.324068   0.503186   0.256334   0.427198    0.20757   0.367953 0.700694
  0.349056   0.340581    0.34834    0.32128   0.347714   0.305311   0.332344    0.47894   0.269655   0.404135   0.217698    0.34241 0.709942
  0.352649   0.340143   0.353227   0.321629   0.353249   0.304829   0.340596    0.46007   0.283855     0.3823   0.231022   0.314119 0.548092
  0.358833   0.340168   0.358099   0.322199   0.358654    0.30404   0.357254   0.430741   0.298712   0.361425   0.243029   0.285202 0.86578
  0.361849   0.340637   0.362966   0.322768   0.364417   0.304513   0.366817   0.418292   0.313554    0.34057   0.259965   0.259695 0.760462
  0.365121   0.342634   0.367849   0.323122   0.369796   0.305178   0.381878   0.410814   0.327759   0.318772   0.276482   0.236791 0.748439
  0.370668   0.342963   0.372755   0.323256   0.375808   0.305628   0.397788   0.385751   0.341333   0.295964   0.294018   0.210005 0.661618
  0.374217   0.343871   0.377659   0.323282    0.38271   0.305931    0.41016   0.372542   0.354564   0.272738   0.313479   0.178393 0.958266
  0.379368   0.344298   0.382537   0.323391   0.389048   0.307758   0.425313   0.349761   0.367983   0.249966   0.336221   0.155633 0.926474
  0.384715   0.344287   0.387457   0.323764   0.392749   0.309561   0.439616   0.324275   0.382351   0.228065   0.351819   0.145333 0.81237
  0.388988   0.343997   0.392349   0.323993   0.399645   0.309172   0.450159   0.302766   0.396189   0.205713   0.369086   0.110941 0.762428
  0.392134   0.343386    0.39719   0.323804   0.407231   0.306771   0.456669   0.285322   0.408571   0.181909   0.381863  0.0651135 0.836185
  0.394216   0.342699    0.40222   0.324426   0.416073   0.306527   0.460089   0.272626   0.424015     0.1605   0.404802  0.0220528 0.82185
  0.396118    0.34228   0.405821   0.327173   0.422164   0.313855   0.463868   0.261877   0.442319   0.154494   0.444205  0.0227605 0.850173
  0.396895   0.342311   0.406601   0.332124   0.422698   0.323945   0.466048    0.25831   0.459998   0.170844   0.477401   0.061105 0.837457
  0.396684   0.344574   0.406205     0.3371    0.42197   0.333916   0.472609   0.268483   0.474603   0.192892   0.506847   0.104971 0.841272
  0.396517   0.347777   0.405472   0.341802   0.418565   0.339498   0.482246   0.282253   0.487444    0.21543   0.515291   0.143794 0.937341
  0.396148   0.350857   0.404621   0.346703   0.413857    0.34248   0.490953   0.296494   0.500592   0.239344   0.512058   0.178282 0.946243
  0.395814   0.354442   0.403874   0.351553   0.410714   0.347198   0.501347   0.312606   0.513859   0.262548   0.518487   0.212354 1
  0.396168   0.358397   0.403034   0.356345   0.410032   0.354511   0.514746   0.326946   0.526694   0.285966   0.539682    0.24523 0.916301
  0.395627   0.362454   0.401961   0.361151   0.408654   0.360624    0.52607   0.345966   0.538947    0.31054   0.555235   0.276561 0.971676
  0.394865   0.365583   0.400906   0.365936   0.407894   0.366007   0.533877   0.362269   0.551188   0.334952   0.570144   0.301986 0.85815
  0.393281   0.368869   0.400047   0.370751   0.407507   0.372253   0.539976    0.38312   0.564043   0.358552    0.58877   0.329137 0.89815
  0.391684   0.373474   0.399324   0.375606    0.40695   0.377316   0.550196   0.409381    0.57739   0.381665    0.60322   0.352303 0.901734
    0.3917   0.379696   0.398463    0.38043   0.405159   0.381838   0.569827   0.434517    0.59027   0.405307   0.612656   0.379151 0.953873
  0.390002   0.384575   0.397416   0.385216    0.40412   0.385374   0.580638   0.462366    0.60253    0.42968   0.621002   0.398421 0.895376
  0.389503   0.389061   0.396234   0.389974   0.403736   0.390763   0.593423   0.482919   0.614345   0.454584    0.63694   0.422082 0.83815
  0.388194   0.393236    0.39501   0.394719   0.403082   0.395625   0.603059   0.506063   0.626001    0.47964   0.650496   0.444898 0.992023
   0.38734   0.398608   0.393895   0.399492   0.402689   0.400863   0.617682   0.531894   0.638038   0.504282   0.665934   0.467995 0.760231
  0.386487   0.403726   0.393021   0.404314   0.402142   0.405979   0.631507   0.556691   0.650878   0.527982   0.680575   0.491328 0.967861
   0.38553   0.408339   0.392419   0.409178   0.400885   0.409732   0.643468   0.579941   0.664576   0.550556   0.689019   0.512517 0.999653
  0.384623   0.412201   0.391905   0.414052   0.400177   0.413776   0.653193   0.599904   0.678548   0.572751   0.699856   0.532269 0.798381
  0.383172   0.416528   0.391388   0.418925   0.400054   0.419831   0.662928   0.624343   0.692503   0.594961   0.718589   0.557393 0.999653
  0.382182   0.420714    0.39086   0.423798   0.399261   0.423754   0.673451   0.646012    0.70643   0.617218   0.728815   0.577065 0.77422
  0.382115   0.427333   0.390249   0.428661   0.399643   0.428168   0.694114   0.673153   0.720104   0.639829   0.743737    0.59313 0.948439
  0.381413   0.432024     0.3896   0.433519    0.39974   0.434148   0.707002   0.695498    0.73366     0.6626   0.762822   0.616897 0.754798
  0.380062   0.436744   0.389022   0.438385   0.399747   0.440169   0.718239   0.721058   0.747429   0.685072   0.781802   0.641261 0.928092
  0.379396   0.441599   0.388542   0.443263   0.398966   0.444962   0.731741   0.743899   0.761499   0.707118   0.794798     0.6644 0.967861
   0.37924   0.447196   0.388118   0.448146   0.398344   0.447896   0.748943   0.767316   0.775737   0.728925   0.802364    0.67925 0.99711
  0.378935   0.452568   0.387753   0.453032   0.398782   0.452803   0.765041   0.790536   0.790144   0.750458   0.818991   0.697047 0.890867
  0.377988    0.45725   0.387605    0.45793   0.398884   0.458362   0.777242    0.81402   0.805167   0.771013   0.836767    0.71909 0.86578
  0.377331   0.462231   0.387648   0.462834   0.399441   0.462779   0.791162   0.837327   0.820723   0.790675   0.852166   0.734334 0.887746
  0.377075   0.467598   0.387852   0.467729   0.400421   0.467364   0.807375   0.860293    0.83668   0.809542   0.869229   0.748248 0.965318
  0.377072   0.473471   0.388313   0.472606   0.400851   0.472514   0.825857   0.884105   0.853273   0.827111   0.886597   0.767074 0.935723
  0.377527   0.478473   0.388892   0.477477   0.401059   0.477018   0.842827   0.902207   0.870159   0.844091   0.901336    0.78433 0.906127
  0.378013   0.482692   0.389365   0.482355    0.40191   0.482064   0.857413   0.916991   0.886786   0.861603   0.919505   0.800735 0.778613
  0.378067   0.488294   0.389588   0.487248   0.401555   0.487442   0.875197   0.939431   0.902789   0.880372   0.935485   0.824215 0.917919
  0.378692   0.492729   0.389653   0.492151   0.400158   0.491856   0.890833   0.954431   0.918401   0.899932   0.945639   0.848746 0.898497
  0.380037   0.498279   0.389842   0.497046   0.398541   0.499227   0.911915   0.970519    0.93432   0.918867   0.964511   0.886307 0.862196
  0.382329   0.503632   0.390472   0.501906     0.3983   0.500309   0.934914   0.981304   0.951311   0.935561   0.967269   0.891841 0.555722
   0.38618   0.507832   0.391401   0.506723   0.396628   0.505416   0.958463   0.979994    0.96897   0.950657   0.978866   0.920492 0.70578
  0.392434   0.511511   0.392434   0.511511   0.392434   0.511511   0.986811   0.965144   0.986811   0.965144   0.986811   0.965144 0
