30
  0.495477  0.0332195   0.495477  0.0332195   0.495477  0.0332195   0.999819   0.694098   0.999819   0.694098   0.999819   0.694098 0
  0.479818   0.035631   0.494724  0.0382952   0.503394  0.0401267   0.955746   0.431498   0.961505   0.701464   0.962797   0.859607 0.782833
  0.474755  0.0386863   0.493805  0.0433426   0.506132   0.045866   0.924889   0.355764   0.923117   0.705817   0.925541    0.93034 0.926684
  0.473519  0.0398754    0.49239  0.0482757   0.506591  0.0543038   0.914122    0.33906   0.884722   0.701076    0.86474   0.972318 0.944111
  0.471361  0.0423498   0.490098  0.0528567   0.505551  0.0607807   0.892415   0.311491   0.847417   0.679678   0.815715   0.980334 0.929168
  0.467474  0.0458792   0.487431   0.057253   0.504422   0.065594   0.860086   0.258114   0.810825   0.651012    0.77868   0.980087 0.936056
   0.46423  0.0505724   0.484296   0.061295   0.503175  0.0699303   0.820352   0.220616   0.776027   0.612776   0.744927   0.975886 0.912802
  0.460631   0.054726   0.481175  0.0653613   0.502133  0.0743353   0.783955   0.174753   0.741075   0.574879   0.711018   0.975504 0.913894
  0.456093  0.0595322    0.47864  0.0698275   0.500017  0.0800737   0.741208   0.115209   0.704196   0.548795   0.665563   0.961831 0.89688
  0.451737  0.0651346   0.475835  0.0741314   0.496668  0.0845674   0.692958   0.062016   0.668044   0.517341   0.627106   0.921683 0.900687
  0.450407    0.06939   0.473751  0.0788068   0.493041  0.0895162   0.659654  0.0560337     0.6304   0.499937    0.58486   0.878557 0.889754
  0.448939  0.0743893   0.471235  0.0832625   0.489702   0.094442   0.620689  0.0506572    0.59363   0.474136   0.543266   0.840326 0.909751
  0.447307  0.0790808   0.468312  0.0874992   0.487485  0.0987254   0.583692  0.0411715   0.557769   0.440369    0.50826    0.81904 0.896568
  0.445742  0.0838662   0.466509  0.0922936   0.485682   0.102801   0.546123  0.0332317   0.519732   0.428332   0.475468   0.804093 0.892789
  0.444458  0.0885528   0.464261  0.0969054   0.484259    0.10613   0.509751  0.0297924   0.482277   0.407832   0.448769   0.792765 0.842831
  0.443208  0.0939083   0.462523   0.101732   0.482744   0.110402   0.468554  0.0296253   0.444114   0.397051   0.415031   0.783634 0.82832
   0.44209   0.099773   0.460702   0.106528   0.481544   0.113605   0.423866  0.0338188   0.406036   0.384691   0.389627   0.775668 0.812762
  0.441384   0.107816   0.458644   0.111226   0.479072   0.117037   0.363973  0.0539343   0.368273   0.367836   0.360401   0.746505 0.843132
  0.440144   0.112771   0.457322   0.116183   0.477491   0.119123   0.325722  0.0523429    0.32986   0.364817   0.342506   0.727404 0.783539
  0.439272   0.120995   0.456292   0.121222   0.475369   0.121939   0.264226  0.0703083   0.291342   0.367203   0.318366   0.701847 0.674948
  0.440272   0.128223    0.45627   0.126318   0.474585   0.124488   0.213167   0.116813   0.254118   0.387366   0.298436   0.698491 0.578408
   0.44218   0.135334   0.457058   0.131403   0.474047   0.129702   0.164504   0.178655    0.21834    0.42155    0.25948   0.710142 0.564492
  0.444985    0.14008   0.457806   0.136397   0.472879   0.132756   0.134604   0.246555   0.183159   0.454668   0.235218   0.702124 0.466713
  0.448143   0.145359   0.459631   0.141296   0.472694   0.137258   0.101421   0.322746   0.150497   0.506156   0.202048   0.717049 0.406742
  0.453557   0.150577   0.462492   0.145345   0.472565   0.141311  0.0724941   0.437904    0.12578   0.572222   0.172255   0.731146 0.410526
  0.456995   0.154713   0.465851   0.149164   0.473881   0.143535  0.0481256    0.51437   0.103591   0.646019   0.158248    0.76298 0.403829
  0.461898   0.158302   0.468165   0.153807   0.476627   0.147818   0.030221   0.614092  0.0736188    0.70497   0.131636   0.827993 0.266931
  0.469664   0.162102   0.471588   0.157589   0.478368   0.150202   0.015622   0.764449  0.0518094   0.779731   0.117178   0.867871 0.187624
  0.474888   0.163549   0.475712   0.160675   0.480573   0.154349  0.0138924   0.861135  0.0362629   0.863883  0.0906445   0.922936 0.130986
  0.479971   0.163521   0.479971   0.163521   0.479971   0.163521  0.0226867   0.949411  0.0226867   0.949411  0.0226867   0.949411 0.00303506
