41
  0.514389  0.0757783   0.514389  0.0757783   0.514389  0.0757783   0.183134   0.999278   0.183134   0.999278   0.183134   0.999278 0
  0.523817  0.0818244   0.518649  0.0729863   0.514987  0.0702993    0.25886   0.946441   0.180084   0.949151   0.148388   0.968061 0.372589
  0.530383  0.0835284   0.522945  0.0702413   0.516807  0.0607781   0.294687    0.89773   0.177485   0.898939  0.0908933    0.90708 0.762944
  0.536113  0.0844477   0.527328  0.0676566   0.520197  0.0551023   0.322122   0.852525   0.176287   0.848739  0.0651655   0.850774 0.902723
  0.539558  0.0848746   0.531883  0.0653531   0.523852  0.0463978   0.337768   0.824749   0.177626   0.798385  0.0199808   0.777796 0.892235
  0.543403   0.085393   0.536728  0.0637965    0.52801  0.0429795   0.355515   0.793944   0.185078   0.749069   0.012326   0.725581 0.906974
  0.546492  0.0861922   0.541633  0.0624336   0.533558  0.0410902   0.372354   0.771015   0.194057   0.700159  0.0201399   0.668602 0.911938
  0.552132  0.0862035   0.546374  0.0605502   0.541548  0.0400093   0.393326   0.722281   0.198918   0.650196  0.0424551   0.594338 0.946939
  0.555736  0.0846421   0.551225  0.0589903   0.547283  0.0394267    0.39615   0.683674   0.206368   0.600816  0.0597762   0.541952 0.962952
  0.558276  0.0839454    0.55627  0.0583068   0.552478  0.0381199   0.400861    0.65839   0.220454   0.553914  0.0702083   0.490801 0.954141
  0.560821  0.0830278   0.561368  0.0583209   0.558898  0.0381225   0.404098   0.632017   0.239439    0.50988  0.0940163   0.435269 0.92742
  0.565123  0.0828492    0.56646  0.0583402   0.565974  0.0376428   0.418837   0.593945   0.258438   0.465917   0.116999   0.371775 0.926957
  0.569102  0.0827422   0.571557  0.0583569   0.573148  0.0372623   0.432859   0.559011   0.277436   0.421901   0.141017   0.307895 0.90778
  0.572501   0.082993   0.576649  0.0582509   0.582153  0.0370263   0.447147   0.530795   0.295588   0.377347   0.172793   0.228867 0.847132
  0.576221  0.0830904   0.581736  0.0585462   0.590387  0.0374979   0.461589   0.499074   0.316432   0.334737   0.206485   0.159872 0.949992
   0.57859  0.0834227   0.586712  0.0596411   0.597485  0.0387409   0.472609   0.480158   0.342257   0.296891   0.241174   0.104368 0.933953
  0.580098  0.0843663   0.591539  0.0612698    0.60351  0.0419167   0.484562   0.471597   0.371134   0.262864   0.284923  0.0673411 0.916056
  0.581653  0.0855544   0.595914  0.0638825   0.611248  0.0482179   0.498339    0.46379   0.404973   0.237428    0.35611  0.0303329 0.901713
  0.582224  0.0867658   0.599163  0.0677987    0.61672  0.0556607   0.508626   0.464612   0.443432   0.227932   0.426599  0.0183596 0.871412
  0.584186  0.0884927   0.601852  0.0721285   0.620783  0.0626189   0.527548    0.45584   0.482609   0.225238   0.488598  0.0162753 0.82311
   0.58536  0.0886932   0.603746  0.0768576   0.623613  0.0687668   0.533253   0.446633   0.521529   0.231331   0.540564  0.0209999 0.767049
  0.585555  0.0900204   0.604929  0.0818125   0.625278  0.0744462   0.542927   0.451258   0.559342   0.244641   0.585049  0.0335861 0.741513
  0.586362  0.0936992   0.605618  0.0868618    0.62661  0.0813511   0.570737   0.461755    0.59596   0.262674   0.636568  0.0548748 0.744382
  0.588469  0.0953675   0.606387  0.0918977   0.627158  0.0905662     0.5898   0.451455   0.632787   0.279946   0.700772  0.0939169 0.766107
   0.58861  0.0967439   0.607217  0.0969216     0.6263  0.0983863   0.599609   0.456774   0.669758   0.296634   0.750351   0.138503 0.730569
  0.588148  0.0993852   0.607043   0.102016   0.624861   0.106665   0.615718    0.47332   0.703483   0.322346   0.800868   0.190289 0.790849
  0.587996   0.104155   0.606134   0.107025   0.623118   0.111007   0.647333   0.497295    0.73391   0.354014   0.823709   0.226005 0.811731
  0.587605   0.107335   0.605119   0.112025   0.621096   0.117444   0.667338   0.515793    0.76388   0.386555   0.859643   0.274083 0.778754
  0.585774   0.111063   0.603702   0.116897   0.618173   0.123496   0.685705    0.54935   0.791498   0.421969    0.88964   0.328131 0.77216
  0.584619   0.112508   0.600635   0.120986   0.614624   0.129304   0.691175   0.566208    0.80772   0.467925   0.915679   0.386429 0.725618
   0.58056   0.115723    0.59727   0.124773   0.610881    0.13528   0.697827     0.6166   0.820799   0.515037   0.942124   0.447212 0.717916
  0.579245   0.118485   0.594757   0.129283   0.606581   0.140593   0.711587   0.641102   0.841914   0.558209   0.962035   0.509662 0.728787
   0.57735   0.121928   0.591437   0.133002   0.602879    0.14463   0.727791   0.673857   0.854705   0.604611   0.975553   0.560865 0.735066
  0.575711    0.12464    0.58712   0.135815   0.599201   0.148882   0.740014   0.700927   0.857683   0.655318   0.990612   0.612896 0.739474
  0.573763   0.128543   0.583176    0.13902   0.594534   0.151273    0.75913   0.736321   0.864693   0.704674   0.989447   0.664636 0.696735
  0.571316   0.132152   0.578919   0.141828   0.588663   0.153717    0.77441   0.774642   0.867867   0.754842   0.984181   0.727042 0.660237
  0.568867   0.134836   0.574471    0.14432   0.581951   0.155794    0.78344   0.808584   0.868196   0.805167    0.97332    0.79498 0.647008
  0.565075   0.141674   0.570424   0.147393   0.579426   0.156633   0.815527    0.87389   0.873934   0.854782   0.969628   0.820808 0.603174
  0.561163    0.14657   0.567224   0.151375   0.576131   0.158089    0.83406   0.930992   0.888937   0.901392   0.967236   0.856235 0.585975
  0.558843   0.152157   0.564499    0.15567   0.570155   0.158973   0.863155   0.977613   0.907814   0.945377   0.951061   0.912135 0.27298
   0.56194   0.160081    0.56194   0.160081    0.56194   0.160081   0.928097    0.98847   0.928097    0.98847   0.928097    0.98847 0
