90
  0.326277   0.499167   0.326277   0.499167   0.326277   0.499167  0.0956091  0.0835667  0.0956091  0.0835667  0.0956091  0.0835667 0
  0.318764   0.502793   0.325832    0.50378   0.340765   0.504568  0.0703952   0.112591  0.0944767   0.118825   0.145249    0.12209 0.59139
  0.311571   0.507521   0.325378   0.508398   0.345478   0.509707  0.0463557   0.149966  0.0933124   0.154117   0.161673   0.160409 0.852529
  0.306997   0.512021   0.324981   0.513023    0.34728   0.513346  0.0311879   0.185116  0.0923421   0.189457    0.16809   0.187825 0.928263
  0.303181   0.517977   0.324882   0.517657   0.348942   0.516026  0.0187165   0.231227  0.0923847   0.224805   0.173953   0.207957 0.955194
   0.30104    0.52301   0.325219   0.522282   0.351067   0.519913  0.0118587   0.269998  0.0939068    0.26001   0.181485   0.237211 0.960367
  0.299913   0.527796   0.325944   0.526859   0.350639   0.524931 0.00842285   0.306699  0.0967412   0.294782   0.180443   0.275546 0.975962
  0.298899   0.533157   0.326918   0.531393   0.349702   0.528412 0.00541634   0.347761   0.100418   0.329176   0.177545   0.302262 0.986948
  0.299439   0.539258    0.32794   0.535924   0.350611   0.532886 0.00774742   0.394184   0.104259   0.363537   0.180998   0.336211 0.977915
  0.300344     0.5446   0.328846   0.540473   0.350922    0.53785  0.0112594   0.434753   0.107709   0.398055   0.182457   0.374005 0.974904
   0.30087   0.550219    0.32952    0.54505   0.351637   0.542558  0.0135042   0.477503   0.110369   0.432831   0.185272   0.409772 0.971416
   0.30203   0.556186   0.329969   0.549668   0.351909   0.546315  0.0179307   0.522783   0.112273   0.467958   0.186502    0.43837 0.970566
  0.303623     0.5617   0.330338    0.55431   0.354597   0.550296  0.0237902   0.564542   0.113905   0.503293   0.195956   0.468237 0.975138
  0.305667   0.567074   0.331045    0.55888   0.355651   0.552847  0.0311691   0.605141   0.116677    0.53801   0.199744    0.48749 0.96118
  0.306888   0.573399   0.332249   0.563344   0.357674   0.553985  0.0358342   0.653144   0.121131   0.571827   0.206705   0.495794 0.95139
   0.30837   0.579737   0.333585   0.567805   0.360211   0.554911  0.0413832   0.701202   0.126034   0.605595   0.215395   0.502391 0.958543
  0.311495   0.584943   0.335039   0.572223   0.363693   0.555516  0.0524203   0.740325   0.131331   0.639012    0.22727   0.506364 0.948808
  0.314658   0.591278   0.337012   0.576393   0.366015   0.556092  0.0636802   0.788049   0.138371   0.670453   0.235201   0.510335 0.951485
  0.318906   0.598356   0.339654   0.580183   0.367933   0.556651  0.0786816   0.841243   0.147654   0.698864   0.241761   0.514242 0.953936
  0.324379   0.605581   0.342922   0.583503   0.370098    0.55785  0.0978561   0.895331   0.159023   0.723583   0.249211   0.522993 0.9665
  0.330725   0.610998   0.346688   0.586238    0.37167   0.559373    0.11985   0.935466   0.172033   0.743747   0.254673   0.534316 0.965448
  0.337267    0.61527   0.350801    0.58832   0.372426   0.560688   0.142414   0.966842   0.186171   0.758862   0.257347   0.544203 0.989507
  0.344642   0.617316   0.355158   0.589902     0.3728     0.5615   0.167626    0.98109   0.201096   0.770132   0.258682   0.550323 0.988723
   0.35225   0.618605   0.359672   0.591061   0.373053   0.561889   0.193564   0.989528   0.216518   0.778136   0.259574   0.553245 0.98189
  0.364436    0.61868   0.364272   0.591577   0.373334   0.562064   0.234952   0.987861   0.232182    0.78123   0.260543   0.554531 0.972051
  0.373689   0.617272   0.368896   0.591394   0.373737   0.562139   0.266257   0.975426   0.247869   0.778988   0.261916   0.555023 0.971013
  0.381601   0.617319   0.373486   0.590712   0.374309   0.562129   0.293129   0.974332     0.2634   0.772941   0.263858   0.554848 0.984699
  0.388404   0.615619   0.377977   0.589553   0.375094   0.561984   0.316091   0.960128   0.278555   0.763282   0.266514   0.553598 0.98011
  0.395753   0.616945   0.382279   0.587783   0.376129   0.561588   0.341155   0.968884   0.293019   0.748995   0.269995   0.550385 0.978111
  0.402515   0.611918   0.386165   0.585278   0.377258   0.560795   0.363706   0.929318   0.306011   0.729186   0.273765    0.54413 0.977997
  0.406325   0.605069   0.389431   0.582009   0.378179   0.559441   0.376086    0.87639   0.316834   0.703655    0.27678   0.533636 0.986625
  0.409705   0.599423    0.39231   0.578339   0.379366    0.55748   0.387103    0.83272   0.326312   0.675148   0.280651   0.518467 0.986719
  0.412764   0.593962   0.395109   0.574647   0.380649   0.555959   0.397043    0.79052   0.335514   0.646481   0.284883   0.506633 0.978133
  0.415337   0.589376   0.397966   0.571009   0.382342   0.553738   0.405407   0.755082   0.344918   0.618213   0.290453   0.489389 0.969598
   0.41889   0.585271   0.400925   0.567429   0.384301   0.551205   0.417137   0.723123   0.354675   0.590379   0.296898   0.469717 0.973338
   0.42396   0.581179   0.403924   0.563886   0.386863   0.547739    0.43402   0.690996   0.364569   0.562812   0.305313   0.442815 0.978032
  0.429088   0.578292   0.406962   0.560388   0.389936   0.544081   0.451196   0.668044   0.374598   0.535582   0.315452   0.414363 0.971184
  0.432645   0.574825   0.410096   0.556969   0.392362   0.541309   0.462993   0.640954   0.384963   0.508934   0.323461   0.392783 0.962441
  0.435289   0.571365   0.413205   0.553524   0.395759   0.537875   0.471689   0.614087   0.395239   0.482101   0.334717   0.365971 0.940751
  0.436883   0.568027   0.416111   0.549913   0.399344   0.534341   0.476827    0.58834   0.404813   0.454029   0.346601   0.338366 0.949239
  0.438329   0.565882   0.419008    0.54629   0.403384   0.530361   0.481564   0.571718   0.414353   0.425874   0.359997   0.307278 0.951906
  0.440026   0.562395   0.422172   0.542898     0.4071   0.527402   0.487043   0.544816   0.424822   0.399428   0.372373   0.284038 0.933049
  0.442483   0.559058    0.42568   0.539873   0.409985   0.524057   0.495113   0.518923   0.436487   0.375722   0.381897   0.258002 0.935409
   0.44526   0.555409   0.429456   0.537176   0.414045   0.519351   0.504245   0.490594   0.449088    0.35446   0.395301   0.221373 0.892758
  0.447131    0.55187    0.43321   0.534449   0.419628   0.514774   0.510308   0.463259   0.461611   0.332976   0.413885   0.185445 0.893397
  0.449809   0.549189   0.436849   0.531576   0.425216   0.510477   0.519182   0.442325   0.473734   0.310406   0.432508   0.151658 0.888169
  0.451432   0.548148   0.440562   0.528797   0.430915   0.506517   0.524611   0.434093   0.486116   0.288531   0.451538   0.120419 0.873978
  0.452699    0.54937   0.444468   0.526297   0.436143    0.50228    0.52901   0.443178   0.499176   0.268753   0.468945  0.0871479 0.863699
  0.454924   0.550868   0.448611   0.524207   0.443527   0.497333   0.536688   0.454191   0.513075   0.252061   0.493616  0.0480714 0.861633
  0.457374   0.550491   0.452987   0.522685   0.449601   0.494773    0.54498   0.450872   0.527811   0.239652    0.51403  0.0274385 0.862247
  0.458936   0.549728   0.457555   0.521875   0.456161   0.492983   0.550222   0.444764   0.543255   0.232636   0.536161  0.0125914 0.881938
  0.459851   0.549333   0.462195   0.521808   0.466237   0.493111   0.553295   0.441582   0.559008   0.231271   0.570389  0.0117195 0.868706
  0.460759   0.549453   0.466782   0.522469    0.47288   0.496316   0.556389    0.44233   0.574636   0.235472   0.593209  0.0349357 0.842727
  0.461888   0.550079    0.47122   0.523811   0.478498   0.499177   0.560275   0.446902   0.589816   0.244893   0.612521  0.0557226 0.849956
  0.463331   0.551209   0.475425   0.525774   0.483856   0.500952   0.565266   0.455253   0.604258   0.259089   0.630861  0.0682707 0.847388
  0.465095   0.552719   0.479325   0.528285   0.491697   0.503674   0.571381   0.466439   0.617705   0.277521   0.657706  0.0875872 0.828437
  0.466988   0.554156   0.482906   0.531231   0.495818   0.509427   0.577925   0.477048   0.630108    0.29933   0.672173   0.130699 0.808852
  0.468785   0.555548   0.486227    0.53446   0.500996   0.515783   0.584142   0.487333   0.641647   0.323343   0.690275    0.17822 0.796403
  0.470459   0.557508   0.489433   0.537811   0.506126   0.520925   0.589986   0.501975   0.652808   0.348302   0.708116   0.216484 0.791767
  0.472688   0.559478   0.492648   0.541174   0.510211   0.526896   0.597715   0.516585      0.664   0.373354   0.722473   0.261265 0.765564
   0.47463   0.561254   0.495544   0.544772   0.513684   0.532409   0.604455    0.52977   0.674128   0.400258   0.734719    0.30266 0.760237
  0.475684   0.564781   0.497807   0.548813   0.517752   0.536761   0.608321   0.556475   0.682145    0.43066   0.748887   0.335105 0.75066
  0.478514   0.568275   0.499717   0.553065    0.52036   0.541825   0.618219   0.582595   0.688977   0.462729   0.758159   0.373234 0.750617
  0.480552   0.569123   0.501537   0.557323     0.5227   0.545445   0.625208   0.588684   0.695504    0.49486   0.766399   0.400411 0.77698
  0.482672   0.573132   0.503262   0.561618   0.524008   0.549095   0.632736   0.618869   0.701714   0.527297    0.77114   0.428001 0.788359
  0.484875   0.576885    0.50496    0.56594   0.525624   0.552554   0.640522   0.647079   0.707834   0.559943   0.776908   0.454078 0.770297
  0.486661   0.581449   0.506814   0.570195   0.527557   0.556517   0.646961    0.68155   0.714477   0.592044   0.783798   0.483947 0.760204
  0.488856   0.585651    0.50892   0.574324   0.529654   0.559889   0.654757    0.71319   0.721964   0.623142   0.791192   0.509272 0.744612
  0.490591    0.59221   0.511307   0.578297   0.531202   0.562865   0.661183   0.762886   0.730396   0.653002   0.796695   0.531683 0.728733
  0.496225   0.598283    0.51403   0.582052   0.532342   0.565682   0.680812   0.808156   0.739947   0.681133   0.800794   0.552952 0.691023
  0.500449     0.6035   0.517139   0.585504   0.534097   0.568608   0.695583   0.847167   0.750787   0.706884   0.806994   0.574942 0.673312
  0.507017   0.610181   0.520631   0.588546   0.536162   0.571335   0.718432   0.896901   0.762895   0.729441   0.814229   0.595358 0.663048
  0.512295   0.614796   0.524441   0.591172   0.538138    0.57355   0.736733   0.931126   0.776045   0.748763   0.821118   0.611881 0.587766
  0.519118    0.62014   0.528391   0.593632   0.539488   0.575043   0.760339   0.970623    0.78966   0.766792   0.825826   0.623015 0.586568
  0.527221   0.622961   0.532462   0.595866   0.540946   0.575936   0.788084   0.990643   0.803667   0.783082   0.830848   0.629556 0.566957
  0.536774   0.621695   0.536875   0.597301   0.542461   0.577135   0.820421    0.97924   0.818772   0.793212    0.83609   0.638426 0.535351
  0.544804    0.61924   0.541494    0.59747   0.543668   0.577276   0.847486    0.95905   0.834468   0.793656   0.840202   0.639274 0.482794
   0.55154   0.615378   0.545875   0.596137   0.548149   0.577801   0.870046   0.928365   0.849236   0.782689   0.855461   0.642459 0.4453
  0.556386   0.612043   0.550031    0.59395   0.550808   0.580597   0.886229   0.902046   0.863172   0.765253   0.864719   0.663287 0.389488
  0.560731   0.607919   0.554183   0.591851   0.551638   0.581267   0.900648   0.869804   0.877101   0.748486   0.867594   0.668249 0.362963
  0.565015   0.604037   0.558234   0.589663    0.55384   0.579928   0.914878   0.839418   0.890677   0.731056    0.87496   0.657636 0.409771
  0.568176   0.599115   0.562049   0.587019   0.556698   0.577713   0.925211   0.801306   0.903415     0.7102   0.884485   0.640218 0.398519
  0.572085   0.595356   0.565717   0.584156   0.558936   0.574919   0.938177   0.771924   0.915639   0.687695   0.891855   0.618509 0.345629
   0.57687   0.590746   0.569346   0.581295   0.561228   0.571774   0.954048     0.7359   0.927728   0.665213   0.899382   0.594106 0.345902
   0.58019   0.587336   0.572981   0.578408   0.564274   0.569345   0.965044   0.709291   0.939836   0.642533   0.909528   0.575023 0.271777
  0.583886   0.581481   0.576402   0.575286   0.567031    0.56684   0.977118   0.663961   0.951198   0.618103   0.918685   0.555416 0.336944
  0.585774   0.575832   0.579134    0.57158   0.568509   0.565301   0.983067   0.620548   0.960172   0.589343   0.923578   0.543412 0.330403
  0.587665    0.57046   0.581258    0.56741   0.573529   0.563362   0.989049   0.579237   0.967044   0.557154   0.940467   0.527708 0.299827
  0.589825   0.563856   0.583219   0.563188   0.579188   0.561256   0.995845   0.528485   0.973357   0.524605   0.959512   0.510612 0.150279
  0.585163   0.559011   0.585163   0.559011   0.585163   0.559011   0.979618   0.492394   0.979618   0.492394   0.979618   0.492394 0.00575914
