74
  0.319451   0.429617   0.319451   0.429617   0.319451   0.429617  0.0519296   0.989383  0.0519296   0.989383  0.0519296   0.989383 0
  0.328477   0.432451   0.322892   0.426263   0.312925   0.416602  0.0852747   0.988096   0.059737   0.950913  0.0156861   0.896378 0.729875
  0.336331   0.433034   0.326299   0.422878   0.312636   0.409302    0.11221   0.970853  0.0673943    0.91227 0.00664315   0.834666 0.976537
  0.341556   0.431714   0.329684    0.41947   0.313933   0.404321   0.128238    0.94475  0.0749526   0.873495 0.00547114   0.788331 0.98708
  0.347075   0.430061   0.333059   0.416048   0.315336   0.400837   0.144881   0.914961  0.0824633   0.834625 0.00631409   0.754516 0.975885
  0.350449   0.428691   0.336278   0.412486   0.316892   0.397483   0.154658   0.893678  0.0892972   0.794995 0.00780894   0.721381 0.99157
  0.355458   0.425773   0.339358   0.408799   0.319036   0.393315   0.168196   0.854494  0.0955259   0.754692  0.0103752   0.679606 0.977381
  0.359011   0.423313   0.342474   0.405142     0.3221   0.388314   0.177366   0.823361    0.10191   0.714547  0.0150976   0.628096 0.971059
  0.362985     0.4206   0.345707   0.401592   0.325907   0.383503   0.187665   0.788878   0.108804   0.674986   0.022514   0.576103 0.973911
  0.366732   0.417968   0.349003   0.398095   0.330637   0.378751   0.197293   0.755718   0.115963   0.635699  0.0330907   0.522008 0.986844
  0.370107   0.415399   0.352309   0.394607   0.335352   0.374302   0.205747   0.724158   0.123172   0.596455  0.0439483   0.470553 0.974759
  0.373394   0.413598   0.355909   0.391433   0.340654   0.369837   0.214757   0.699426   0.131708    0.55908  0.0567526   0.417293 0.988719
   0.37615   0.412535   0.359876   0.388717   0.346148   0.365533   0.222806   0.682515   0.141981   0.524583  0.0703816   0.364868 0.996355
  0.378918   0.411619   0.364026   0.386302   0.351065   0.362282   0.231057    0.66683   0.153197   0.492141  0.0832416   0.323093 0.992865
  0.381096   0.410883   0.368092   0.383741   0.356883   0.358615    0.23753   0.654358   0.163976   0.458695  0.0986572   0.275215 0.991617
  0.383241    0.41015   0.372132   0.381136   0.361955    0.35612   0.243899    0.64201   0.174614   0.424941   0.112872   0.239482 0.997074
  0.385404   0.409423   0.376384   0.378922   0.367586   0.353613   0.250336   0.629651   0.186397   0.393937   0.128944   0.202063 0.987672
  0.387517   0.408945   0.380852   0.377142    0.37393   0.350816   0.256878   0.619581   0.199382   0.366033   0.147083   0.160141 0.977994
   0.38947   0.408518   0.385482   0.375847   0.380244   0.348357   0.262942   0.610387   0.213447   0.341836   0.165498   0.121194 0.963638
  0.391449   0.408181   0.390219   0.375114   0.386282   0.346974   0.269194   0.601895    0.22849   0.322145   0.184177  0.0922576 0.957137
  0.393501     0.4082   0.395028   0.374915   0.394518   0.346123   0.276082   0.596254   0.244364   0.306821     0.2108  0.0616433 0.936208
   0.39533   0.408534   0.399809   0.375374   0.406142   0.346135   0.282574   0.593934   0.260876   0.297219    0.24972  0.0288314 0.899738
  0.396274   0.408868   0.404443   0.376615   0.413074   0.347452   0.286106   0.594123   0.277761   0.294725    0.27438  0.0204887 0.917264
  0.397324   0.410015   0.408895   0.378428   0.418593   0.348916   0.290886   0.600974   0.294666   0.297644   0.294472  0.0173939 0.906515
   0.39902   0.411697   0.413236   0.380491   0.424983    0.35261   0.298425   0.610574   0.311478   0.303029   0.319948  0.0309423 0.87979
  0.401375   0.413692   0.417557   0.382579   0.429983   0.357221   0.308515   0.620997    0.32825   0.308672   0.341783  0.0562793 0.87513
  0.404384   0.416035   0.421825     0.3848   0.437576    0.35982    0.32118   0.632544   0.344995    0.31561   0.370074  0.0570435 0.855603
  0.407268   0.418057   0.425803   0.387481   0.443837   0.365444   0.333067   0.641698   0.361276   0.327317   0.397252  0.0874906 0.841608
  0.410328   0.419984   0.429199   0.390882   0.448952   0.371071   0.345444   0.649543   0.376405   0.346827   0.420599     0.1212 0.836728
  0.413182   0.421398   0.431916   0.394838   0.453674   0.376803   0.356562   0.653572   0.389876   0.373025   0.442745    0.15693 0.838907
  0.415276   0.422653    0.43431   0.399009   0.457625   0.382208   0.364958   0.658392   0.402505   0.401971   0.461952   0.192039 0.836146
  0.417545   0.424237   0.436823   0.403101   0.461244   0.387535   0.374306   0.665536   0.415441   0.429901   0.479958   0.227421 0.806423
  0.420163   0.426531   0.439496   0.407092    0.46315   0.390644   0.385605   0.677774   0.428804   0.456522   0.489778   0.248658 0.817412
  0.423124   0.429966   0.442179   0.411078   0.465892   0.394726   0.399317   0.698811   0.442195   0.483071   0.503472   0.275855 0.81024
  0.425541   0.433049   0.444731   0.415146   0.468064   0.399292   0.410818   0.718369    0.45524   0.510683   0.515794   0.308818 0.797872
  0.427302   0.435885   0.447216    0.41926   0.470581   0.403593    0.41985   0.737682   0.468107   0.538889   0.528978   0.338527 0.79858
  0.428827   0.439898    0.44983   0.423288   0.472616   0.407824   0.429394    0.76773   0.481314   0.565991   0.540468   0.369007 0.805679
   0.43193   0.444574   0.452626   0.427195    0.47468   0.412119   0.444955      0.799   0.494996   0.591534   0.552132   0.399956 0.789866
   0.43516   0.449156   0.455305   0.431183   0.475826   0.415198   0.460835     0.8291   0.508377   0.618111   0.559374   0.423079 0.780181
  0.437459   0.452421   0.458007   0.435154   0.477612   0.418363   0.472144   0.850555   0.521812   0.644474   0.568855   0.445132 0.778347
  0.441657   0.458443   0.460883   0.439002    0.48009   0.422196   0.492857   0.890258   0.535697   0.669289   0.581386   0.470948 0.766821
  0.446112   0.461216   0.463713   0.442885   0.482378   0.425634   0.510835   0.901388   0.549465   0.694541   0.592849   0.493921 0.755963
  0.449845   0.464693   0.466712   0.446636    0.48474   0.428782    0.52718   0.920603   0.563654   0.718169   0.604239     0.5142 0.746027
  0.454677   0.468696   0.470136   0.450012   0.486843   0.431299   0.547781    0.94121   0.578849   0.737399   0.614064   0.529801 0.758669
  0.459929   0.472206   0.473877   0.453004   0.488924   0.432996   0.569242   0.956405   0.594682    0.75243   0.622907   0.538445 0.741544
  0.463801   0.476388   0.477672   0.455969   0.491067   0.434645    0.58683   0.981261   0.610664   0.767085   0.631903   0.546503 0.750609
  0.470763   0.477647   0.481532   0.458834   0.493125   0.435793   0.611525   0.972333   0.626755   0.780688    0.64006   0.550508 0.729565
  0.477243   0.480036   0.485919   0.460724   0.494906   0.436764   0.635856   0.974445   0.643529   0.784454   0.647097    0.55378 0.725425
  0.483212   0.482358   0.490577   0.462025   0.496574   0.437107   0.658404   0.977431    0.66056   0.782414    0.65306   0.551996 0.720518
  0.491478   0.483983   0.495235   0.463124   0.499508   0.437273    0.68787   0.967948   0.677364   0.778641   0.663064   0.545106 0.725557
    0.5001    0.48496   0.500041   0.463487   0.502192   0.437624   0.717809   0.951898   0.693851   0.768135   0.672436   0.540518 0.717938
  0.508859   0.484455   0.504696   0.462498   0.504003   0.438035   0.746566   0.922773   0.708339   0.746484   0.678953   0.538908 0.682864
  0.516132   0.483127   0.508953   0.460203   0.507336   0.438119   0.769439   0.890802   0.720049   0.714773   0.690201   0.530189 0.68184
  0.522474   0.479767   0.512941   0.457519   0.511814   0.438138   0.786949   0.844065   0.730427   0.680493   0.705208   0.517672 0.711447
  0.528255   0.476473   0.516816   0.454713   0.514401    0.43752   0.802657   0.799483   0.740292   0.645485   0.713186   0.505055 0.710825
  0.531101   0.471736    0.52076   0.451959   0.517382    0.43614   0.806942   0.750848   0.750446   0.610727   0.721637   0.484792 0.769873
  0.535103   0.468911   0.524924   0.449567   0.520234   0.434484   0.817209    0.71532   0.761737   0.578449    0.72935   0.462532 0.755382
  0.538367   0.466329   0.529056   0.447121   0.522659   0.431178   0.825277   0.683958    0.77286   0.545794   0.733808   0.427347 0.682348
  0.541932   0.464704   0.533105   0.444535   0.526974   0.428523   0.835411   0.659946   0.783551   0.512183   0.745313   0.392383 0.6498
  0.545709   0.461641   0.537407   0.442403   0.530898   0.425456   0.844665   0.623014   0.795592   0.481733   0.755053    0.35501 0.657555
  0.549557   0.458557   0.541887   0.440635   0.534288   0.422831   0.854133   0.585703   0.808629   0.453908   0.763493   0.322921 0.667168
  0.553691    0.45613   0.546474   0.439263   0.538881    0.41912   0.865282   0.553208   0.822463   0.429166   0.774763   0.278132 0.644526
  0.556687   0.453356   0.551239   0.438564   0.544317   0.415604   0.872239   0.520963    0.83764   0.409688   0.789068   0.232618 0.59951
  0.560329   0.451101   0.555968    0.43772    0.54993   0.412642   0.881934   0.491337   0.852535   0.389067   0.804575   0.191358 0.523052
  0.564617   0.448968   0.560536   0.436263   0.554777   0.411522   0.893929   0.460924   0.866211   0.363653   0.819559   0.168036 0.467202
  0.568563   0.447377   0.565047   0.434605   0.560005   0.410429   0.905375   0.436119   0.879475   0.336676   0.835848   0.143871 0.407415
  0.573269   0.445647   0.569652   0.433264     0.5668   0.410037   0.919213   0.407979   0.893405   0.312153   0.858159   0.121273 0.336342
  0.577062   0.444013   0.574362    0.43228   0.572728   0.412164   0.930098   0.383238    0.90808   0.290384   0.880353   0.122709 0.326446
  0.581031   0.442166   0.579054   0.431252   0.578033   0.415661   0.941341   0.356182   0.922647   0.268297    0.90198   0.137635 0.283443
  0.585447   0.439458   0.583769   0.430354   0.582099   0.418335   0.953124   0.320476   0.937434   0.247252   0.918547   0.149027 0.229531
  0.589329    0.43762   0.588527   0.429658   0.587316   0.419832   0.964083   0.293742   0.952589   0.227815   0.937665   0.147082 0.197844
  0.595245   0.434795   0.593282   0.428988   0.592163   0.420643   0.980761   0.252796   0.967766   0.208613   0.954787     0.1403 0.179252
  0.598696   0.433646   0.598042   0.428355   0.597015   0.422159   0.991038   0.233181   0.982996   0.189708   0.972704   0.139542 0.0818595
  0.602812   0.427766   0.602812   0.427766   0.602812   0.427766    0.99831   0.171163    0.99831   0.171163    0.99831   0.171163 0
