91
  0.379504   0.946541   0.379504   0.946541   0.379504   0.946541 0.000197777   0.680617 0.000197777   0.680617 0.000197777   0.680617 0
  0.387565    0.96148   0.385263   0.945422   0.382192   0.932063  0.0153267   0.901237  0.0111435   0.664669 0.00546789   0.467755 0.788493
  0.394718    0.96482   0.391024   0.944308   0.386084   0.923303   0.028864   0.951036  0.0220911   0.648785   0.012958   0.339179 0.978815
  0.400843   0.966287   0.396787   0.943202     0.3914   0.919679  0.0404738   0.973187   0.033042   0.633025  0.0230903   0.286315 0.97959
  0.407012   0.966892   0.402551   0.942108    0.39685   0.914292  0.0521764   0.982653  0.0439966   0.617447   0.033498   0.207512 0.968462
  0.413644   0.967136   0.408319   0.941034   0.402188   0.912081   0.064763   0.986833  0.0549575   0.602162  0.0436554   0.175446 0.981065
  0.419126   0.966505   0.414094   0.939993   0.408785   0.910283  0.0751759   0.978041   0.065931   0.587361  0.0561988   0.149575 1
  0.423035   0.965527   0.419875   0.938987    0.41332   0.909109  0.0826057   0.963993  0.0769163   0.573074  0.0648216   0.132711 1
  0.429322   0.965326   0.425659   0.938009   0.419089   0.907898  0.0945417   0.961601  0.0879067   0.559191  0.0757857     0.1154 0.995376
  0.435329   0.964941   0.431451   0.937076   0.427239   0.907451   0.105949   0.956485  0.0989117   0.545987  0.0912604   0.109559 0.991185
  0.440961   0.964514   0.437261   0.936238   0.433624   0.906025   0.116645   0.950709    0.10995   0.534168   0.103396  0.0891359 0.954946
  0.445014   0.963611   0.443095    0.93562   0.438946   0.901892   0.124348   0.937773   0.121031   0.525598   0.113547  0.0287804 0.940914
  0.449304   0.962803   0.448953   0.935342   0.446638   0.901255   0.132501    0.92627   0.132153   0.522042   0.128155  0.0201073 0.951587
  0.455894   0.962665   0.454822   0.935354   0.452541   0.903255   0.145012   0.924835   0.143294   0.522741   0.139336  0.0500767 0.935012
   0.46324   0.962564   0.460691   0.935495   0.458142   0.903984   0.158956   0.924005   0.154432   0.525348   0.149959  0.0613125 0.9063
  0.468693   0.962109   0.466554   0.935448   0.464205    0.90473   0.169313   0.917797   0.165562   0.525178    0.16146  0.0728319 0.902297
  0.473772   0.962546   0.472412   0.935097   0.469762   0.905255   0.178948   0.924687   0.176684    0.52055   0.172001  0.0810635 0.882428
  0.479674   0.962431   0.478268   0.934709   0.477249   0.905312   0.190152   0.923531   0.187804   0.515369   0.186213  0.0825732 0.868682
  0.484819   0.962764   0.484127   0.934455   0.484235   0.905599   0.199914    0.92889    0.19893   0.512146   0.199469  0.0874341 0.83538
  0.490513   0.962894   0.489994   0.934348   0.489883   0.905941   0.210721   0.931325   0.210067   0.511099   0.210186  0.0929691 0.816282
   0.49624   0.962432   0.495861   0.934222   0.495943   0.905562   0.221596    0.92504   0.221204    0.50978   0.221694  0.0879406 0.810346
  0.501844   0.962038   0.501717   0.933847   0.501813   0.905103   0.232238   0.919748   0.232325   0.504789    0.23284  0.0817148 0.839174
  0.508187   0.961709    0.50757   0.933428   0.507544   0.904518   0.244283   0.915468    0.24344   0.499142   0.243726  0.0736146 0.822479
   0.51338   0.961024   0.513433   0.933277   0.512722   0.904112   0.254147   0.905854    0.25457   0.497447    0.25356   0.068103 0.827923
  0.519387   0.960702   0.519301     0.9333   0.519511   0.903737   0.265553   0.901652   0.265709   0.498325   0.266451   0.063199 0.811202
   0.52614   0.960584   0.525168   0.933335   0.524655   0.903075   0.278373   0.900537   0.276845   0.499363   0.276222  0.0539161 0.82754
   0.53213   0.960168   0.531035   0.933344   0.529949   0.902967   0.289748   0.894945   0.287981   0.500025   0.286272  0.0528018 0.862098
  0.537525   0.960082   0.536903    0.93333   0.535364   0.902637   0.299988   0.894174   0.299119   0.500354   0.296555  0.0484444 0.873478
  0.543142   0.960319   0.542771   0.933327   0.541174   0.902777   0.310649   0.898167   0.310257   0.500837   0.307582  0.0510269 0.891342
  0.548229   0.959723   0.548638   0.933339   0.547627   0.902952   0.320312   0.889851   0.321393   0.501531   0.319828  0.0541758 0.894966
  0.553927   0.960172   0.554505   0.933334   0.555315   0.902951   0.331122   0.896972   0.332531   0.501985   0.334421  0.0548641 0.86589
   0.55974   0.959773   0.560373   0.933324   0.562052   0.903245   0.342161   0.891616   0.343669   0.502375   0.347205  0.0597969 0.845816
  0.566222   0.959727    0.56624   0.933344   0.567792   0.902902   0.354465    0.89153   0.354805     0.5032   0.358104  0.0552663 0.823295
  0.571889   0.960111   0.572107   0.933344   0.573953   0.903055   0.365218   0.897693   0.365942   0.503723   0.369797  0.0580603 0.802304
  0.577889   0.960487   0.577975   0.933274   0.580658   0.903673   0.376601   0.903769   0.377082   0.503221   0.382518  0.0677605 0.86898
  0.583985   0.960173   0.583842   0.933285   0.587054   0.904517   0.388177   0.899691   0.388217   0.503918   0.394648  0.0807672 0.850512
  0.589227   0.959675   0.589703   0.933519   0.591938   0.902838   0.398132   0.892834    0.39934   0.507883   0.403939  0.0564991 0.82439
  0.595722   0.959939    0.59556   0.933905   0.597906   0.903827   0.410457   0.897312   0.410452   0.514093   0.415255   0.071582 0.804165
  0.600863   0.960392   0.601415   0.934284   0.603013   0.904914   0.420211   0.904428   0.421562   0.520207   0.424937   0.088048 0.779584
  0.606079    0.96104   0.607279   0.934412   0.609669   0.905105   0.430104   0.914451   0.432691    0.52261   0.437568  0.0914605 0.776069
  0.612347   0.961472   0.613149   0.934351    0.61413   0.903326   0.441997   0.921369   0.443835   0.522242   0.446056  0.0656712 0.81271
  0.618913   0.961539   0.619011   0.934522   0.619294   0.904409   0.454459   0.922948   0.454959    0.52529   0.455846  0.0820791 0.812306
  0.624465   0.961762   0.624865   0.934935   0.624483    0.90526   0.464995   0.926732   0.466066   0.531897   0.465686  0.0950757 0.808863
  0.631188   0.961715   0.630722   0.935282   0.630578   0.906069   0.477756   0.926633    0.47718   0.537535   0.477246   0.107527 0.781515
  0.636835   0.960752   0.636586   0.935453   0.635749   0.906574   0.488487   0.912978   0.488309   0.540582   0.487056   0.115433 0.768973
  0.644399   0.960601   0.642454   0.935462   0.642439   0.906919   0.502846   0.911435   0.499446   0.541234   0.499749   0.121117 0.753539
   0.64988   0.961788   0.648322   0.935414   0.648113   0.907363   0.513237   0.929404   0.510585   0.541065   0.510515   0.128152 0.766955
  0.654083   0.964016   0.654189   0.935409   0.655177   0.907411   0.521188   0.962566   0.521722   0.541512   0.523924   0.129499 0.76359
  0.660978   0.964332   0.660056    0.93542   0.660737   0.907933   0.534272   0.967848   0.532858   0.542201   0.534471   0.137678 0.769442
  0.664573   0.961146   0.665923   0.935418   0.665686   0.908348   0.541134   0.921273   0.543996   0.542708    0.54386   0.144232 0.788745
  0.671129   0.960618   0.671791   0.935415   0.672127    0.90861   0.553583   0.914094   0.555134   0.543194   0.556082   0.148669 0.774372
  0.676272   0.961169   0.677658   0.935417   0.677396   0.908294    0.56334   0.922666   0.566271   0.543747   0.566087   0.144493 0.769678
  0.682333   0.962632   0.683526   0.935418   0.683361   0.907668   0.574828   0.944742   0.577408   0.544284   0.577417   0.135817 0.773906
   0.69043   0.962215   0.689393   0.935416   0.689649   0.907533   0.590201    0.93933   0.588545   0.544792   0.589354     0.1344 0.734473
  0.695526   0.961003   0.695261   0.935417   0.695398    0.90768   0.599889    0.92196   0.599683   0.545329   0.600266   0.137088 0.740024
  0.699805   0.960693   0.701128   0.935418   0.701819   0.907449   0.608015   0.917777    0.61082   0.545875   0.612456   0.134259 0.708825
  0.706052   0.962274   0.706995   0.935417   0.708385   0.907703   0.619854   0.941611   0.621957   0.546387   0.624916   0.138586 0.720253
  0.711974     0.9606   0.712863   0.935415   0.714513   0.907581   0.631114   0.917502   0.633094   0.546892   0.636549   0.137341 0.708356
  0.716527   0.959827   0.718731   0.935416   0.719573   0.908251   0.639765   0.906541   0.644232   0.547437   0.646147   0.147668 0.714103
  0.723564   0.959672   0.724598   0.935423   0.725181   0.908789   0.653125   0.904895   0.655369   0.548056   0.656786   0.156092 0.676065
  0.730572   0.959798   0.730465   0.935423   0.730922    0.90919   0.666425   0.907378   0.666505   0.548596   0.667679   0.162511 0.70636
  0.736468     0.9603   0.736333   0.935384   0.736194   0.907455   0.677611   0.915294   0.677644   0.548546   0.677705    0.13745 0.756421
  0.742347   0.959794     0.7422   0.935356   0.743351   0.907648   0.688777   0.908378   0.688782   0.548663   0.691288    0.14093 0.705001
  0.747294   0.959207   0.748064   0.935501   0.749676   0.908275   0.698173   0.900188   0.699911    0.55133   0.703286   0.150724 0.707135
  0.752771   0.959311   0.753924   0.935819   0.755362   0.907578   0.708569   0.902203    0.71103   0.556533   0.714088   0.140978 0.708037
  0.758839   0.959016   0.759782   0.936167   0.760809   0.906341    0.72009   0.898413   0.722145   0.562181   0.724441    0.12327 0.691636
  0.763299   0.958499    0.76564   0.936483   0.767059   0.906298   0.728562   0.891201   0.733261   0.567368   0.736305   0.123193 0.670508
  0.769262   0.959026   0.771501   0.936763   0.772793   0.907807   0.739875     0.8995   0.744382   0.572012   0.747172   0.145926 0.679715
  0.774591   0.959486   0.777362   0.937045   0.778259   0.908512   0.749984   0.906754   0.755504   0.576684   0.757538   0.156791 0.680723
  0.781195   0.959714    0.78322    0.93736   0.784886   0.909077   0.762516   0.910707   0.766621    0.58185    0.77011   0.165705 0.705007
  0.788671   0.959662    0.78908   0.937657   0.789199   0.908991   0.776709   0.910608    0.77774   0.586754   0.778298   0.164834 0.676384
  0.794958   0.959913   0.794942   0.937926   0.797104   0.907954    0.78864   0.914871   0.788864   0.591234   0.793315    0.15027 0.667722
  0.800825   0.959279   0.800798   0.938281   0.804806   0.908306   0.799782   0.906066   0.799976   0.596994   0.807931   0.156152 0.606996
   0.80657    0.95876   0.806647   0.938748   0.810798   0.909088   0.810694   0.898938   0.811072     0.6044   0.819295   0.168208 0.557316
  0.812336   0.958578   0.812498     0.9392   0.815863   0.910627   0.821641   0.896784   0.822173   0.611576   0.828893   0.191311 0.561743
  0.818528   0.959048   0.818355   0.939522   0.819704   0.911678   0.833388   0.904267   0.833287   0.616843   0.836171   0.207128 0.512853
  0.826705   0.958991    0.82422   0.939638   0.825686   0.913158    0.84891   0.904159   0.844417   0.619077   0.847508   0.229446 0.471586
  0.832517   0.958635   0.830088    0.93963   0.830525   0.914801   0.859946   0.899445   0.855557    0.61949   0.856674   0.254063 0.441128
   0.83916    0.95806   0.835958   0.939631    0.83506   0.915764   0.872563   0.891577   0.866699   0.620024   0.865271   0.268656 0.517518
  0.844973   0.957211   0.841821   0.939491    0.84011   0.915428   0.883606   0.879604   0.877828   0.618492   0.874861   0.264154 0.565037
  0.850741   0.955651   0.847669   0.939036   0.845409   0.917165   0.894573   0.857165   0.888936   0.612327     0.8849   0.290206 0.552425
  0.855878   0.954491   0.853506   0.938399   0.853303   0.917486   0.904337   0.840553   0.900022   0.603477   0.899879   0.295647 0.533156
  0.862044   0.953381   0.859337   0.937749   0.860182   0.917673   0.916054   0.824763   0.911097   0.594438   0.912934    0.29901 0.526384
  0.867431   0.951817   0.865174   0.937174   0.865548    0.91861   0.926297   0.802237   0.922184     0.5865   0.923109   0.313288 0.462173
  0.872402   0.949863   0.871023   0.936703   0.871882   0.919458   0.935757   0.773925   0.933291   0.580091   0.935123   0.326347 0.500717
  0.877914   0.948235   0.876877   0.936292   0.875982   0.920606   0.946238   0.750455   0.944408   0.574576   0.942892   0.343611 0.454141
  0.883787   0.946282   0.882728   0.935853   0.881773   0.921791   0.957408   0.722236   0.955519   0.568635   0.953871   0.361565 0.399381
  0.889248   0.943249   0.888565   0.935264   0.887427   0.923012   0.967809   0.678082   0.966605   0.560497   0.964589   0.380056 0.413366
  0.895371   0.941941   0.894383   0.934502   0.892576   0.924009   0.979447   0.659387   0.977658   0.549795   0.974351   0.395191 0.347882
  0.902733   0.938197   0.900181   0.933606   0.899008   0.925389   0.993466   0.604937   0.988675   0.537128   0.986543   0.416084 0.190428
  0.905969   0.932639   0.905969   0.932639   0.905969   0.932639   0.999671   0.523417   0.999671   0.523417   0.999671   0.523417 0.0408785
