31
  0.208668  0.0326619   0.208668  0.0326619   0.208668  0.0326619 0.00035978    0.58073 0.00035978    0.58073 0.00035978    0.58073 0
  0.198214  0.0410664   0.209919  0.0381342   0.220623    0.03634  0.0475149   0.856911  0.0334895   0.555947  0.0259745   0.281853 0.781321
  0.196505  0.0454536   0.210992  0.0436509   0.224858  0.0420394  0.0732587   0.905917  0.0668323   0.535747  0.0613625     0.1816 0.988987
  0.195503  0.0496856   0.211485  0.0492377   0.228688   0.048783   0.098287   0.936756   0.100419   0.530367   0.102878  0.0929597 1
  0.195149  0.0548931   0.211448  0.0548581   0.229918  0.0543896   0.129349   0.952405   0.134047   0.538488   0.136805   0.068902 1
  0.194959  0.0611134   0.211484  0.0604681   0.231107  0.0587668   0.166522   0.965185   0.167636   0.544737   0.163363  0.0443007 1
  0.195269  0.0664914   0.211325  0.0661004   0.231601  0.0650187   0.198804   0.964187   0.201299   0.555985   0.200931  0.0397431 1
  0.195245  0.0729062   0.212136  0.0716348   0.231786  0.0719214   0.237191   0.972983   0.234668   0.542468   0.242301  0.0438761 1
  0.195577   0.078256   0.212576  0.0772017   0.230546  0.0769212   0.269311   0.971377    0.26812   0.538388   0.271853  0.0817365 1
  0.195879  0.0840346   0.212471  0.0828268   0.231272  0.0823954   0.303989    0.97111   0.301756   0.548246   0.304836  0.0702887 1
  0.196149  0.0890874   0.212509  0.0884393   0.233165  0.0875067   0.334313   0.970697    0.33536   0.554466   0.335999  0.0287557 1
  0.196431  0.0954235   0.212489  0.0940553   0.232268  0.0954607    0.37232   0.971635   0.368968   0.562143   0.383336  0.0617082 1
  0.196729    0.10062   0.212527  0.0996702   0.231396   0.100014   0.403516   0.970698   0.402586   0.568334   0.410327  0.0896702 0.993845
  0.197361   0.105504   0.212403   0.105286   0.229529   0.104558   0.432937   0.960887   0.436159   0.578662   0.436963    0.14288 0.955949
  0.197469    0.11289   0.212885   0.110875   0.227835     0.1102   0.477177   0.967584   0.469759   0.573581   0.470219    0.19309 0.922444
  0.198143   0.117844   0.213785   0.116423   0.227032   0.116015   0.507031   0.956796   0.503236   0.557813   0.504783   0.220907 0.91352
  0.198578   0.123886   0.212739   0.121938   0.225748   0.121585   0.543326   0.953471   0.535929   0.591406   0.537734   0.260645 0.895158
  0.198206   0.130608   0.212427   0.127548   0.224931   0.127659   0.583443   0.971509   0.569409   0.606497    0.57384   0.289152 0.857145
  0.199892   0.136295   0.212573    0.13315   0.224041   0.132141   0.617991   0.935967   0.602985   0.609964   0.600399   0.317478 0.814227
  0.201862   0.139914   0.213508   0.138683     0.2245   0.137143   0.640245   0.890571   0.636384   0.593272   0.630478   0.312214 0.799855
  0.202433   0.145099   0.213767   0.144276   0.225587   0.142039   0.671453   0.882692    0.66994   0.593852   0.660109   0.290845 0.723169
   0.20375   0.149784   0.215132   0.149738   0.227606   0.146236   0.699888   0.855244   0.703041   0.566177   0.685834   0.244953 0.713361
  0.205051   0.155075   0.216238   0.155236   0.227863    0.15314   0.731946   0.828961   0.736281   0.545119   0.727234   0.247236 0.689922
  0.205829   0.162071   0.217613   0.160682   0.228412   0.159415   0.774056    0.81815   0.769293   0.517163   0.764961   0.241322 0.710039
    0.2063   0.165492   0.218361   0.166244   0.228548   0.166137   0.794676   0.810564   0.802808   0.505265   0.805235   0.246463 0.717089
  0.207089   0.170583   0.218874   0.171856   0.228756    0.17252   0.825381   0.797028    0.83655   0.499414   0.843499   0.249341 0.70208
  0.207791   0.175933   0.218257    0.17741   0.227971   0.178419   0.857612   0.786044   0.869609   0.522163   0.878574    0.27679 0.674157
  0.209372   0.182973   0.217608   0.182966   0.226727   0.183717   0.900226   0.754897   0.902666   0.545748   0.909908   0.315159 0.603882
  0.209854   0.188851   0.217802   0.188593   0.224955   0.188365   0.935556   0.750144   0.936405    0.54802    0.93719   0.366089 0.608322
  0.211795   0.194164   0.217837   0.194202    0.22171   0.194708   0.967936   0.707667   0.969987   0.554287   0.974179   0.456585 0.386395
  0.217816    0.19982   0.217816    0.19982   0.217816    0.19982    1.00361   0.562001    1.00361   0.562001    1.00361   0.562001 0
