164
  0.631126  0.0217853   0.631126  0.0217853   0.631126  0.0217853 0.00691152   0.157336 0.00691152   0.157336 0.00691152   0.157336 0
  0.619506  0.0205553   0.628926  0.0258667   0.636015  0.0300216  0.0038046    0.30629  0.0125779    0.18992  0.0194091   0.102504 1
   0.61568  0.0230705   0.626606  0.0298586   0.636741  0.0359124 0.00701505   0.358302  0.0181007   0.223957  0.0280319  0.0991006 1
  0.613009  0.0254836   0.624048  0.0336713    0.63532  0.0417579  0.0102092    0.39528  0.0233368   0.260904  0.0363445     0.1234 1
  0.610468  0.0283679   0.621148  0.0372287   0.633824  0.0473249   0.014101   0.431057  0.0281636   0.301998  0.0442447   0.148406 1
  0.607308  0.0323219   0.618006  0.0406049   0.632452   0.050895  0.0194732   0.475923  0.0327002   0.346049  0.0492642   0.169756 1
  0.603944  0.0369706   0.614845  0.0439695   0.630779  0.0543425  0.0258293   0.524135   0.037218   0.390326  0.0540714   0.194892 1
  0.600466   0.042063   0.611891  0.0474923   0.629294  0.0579416  0.0328157   0.574269  0.0419884   0.432093    0.05912   0.217749 1
  0.597839  0.0462016   0.609276  0.0512615   0.627749   0.061787  0.0385164   0.612428  0.0471549   0.469728  0.0645188   0.241624 1
  0.595836  0.0494222   0.606993  0.0552443   0.625915  0.0656137   0.042957   0.641597  0.0526688   0.503281  0.0698576   0.269219 1
  0.593403  0.0537742   0.605026  0.0593976   0.624252  0.0691553  0.0489892   0.677465  0.0584659   0.532935  0.0748025    0.29431 1
  0.591143  0.0580718    0.60333  0.0636747   0.623011  0.0727212  0.0549621   0.711043  0.0644733   0.559193  0.0798308   0.313972 1
  0.589588  0.0622176   0.601771  0.0680135   0.621884  0.0762024  0.0607952   0.735356  0.0705858   0.583764   0.084749   0.332086 1
  0.587977  0.0669178   0.600187  0.0723487   0.620812  0.0797189  0.0674257   0.760964  0.0766901   0.608643  0.0897248   0.349516 1
  0.586275  0.0716216    0.59844  0.0766224   0.619757  0.0832713  0.0740511   0.787738  0.0826868   0.635566  0.0947547   0.366757 1
  0.584666  0.0765134   0.596605  0.0808569   0.618669  0.0868374  0.0809595   0.813509  0.0886167   0.663584  0.0998007   0.384448 0.986174
   0.58327  0.0817158   0.594886  0.0851225   0.617651  0.0905854  0.0883426   0.836845   0.094605   0.690136   0.105118   0.401418 1
  0.581956  0.0865527   0.593487  0.0894894   0.616666  0.0942822  0.0952051   0.858733   0.100776   0.712669   0.110365   0.417901 1
  0.580721  0.0911801   0.592501  0.0939803   0.615885  0.0979209   0.101773   0.879409   0.107175   0.729967   0.115552   0.431688 0.990406
  0.579665  0.0959136   0.591874  0.0985512   0.615201   0.101525   0.108515   0.897869    0.11373   0.742716   0.120699   0.444196 0.994369
  0.578776   0.100601   0.591537   0.103153   0.614478    0.10505   0.115209    0.91412   0.120363   0.751747   0.125726   0.457124 1
   0.57801   0.105534   0.591419   0.107749   0.613885   0.108498   0.122273   0.929036   0.127012   0.757945   0.130657   0.468294 0.997095
  0.577397   0.110527   0.591435   0.112341   0.613458   0.112265   0.129442    0.94203   0.133671   0.762398    0.13607   0.477639 0.993777
  0.576824   0.115357     0.5915   0.116942   0.613049   0.116235   0.136379   0.954341   0.140349   0.766236   0.141779   0.486964 1
  0.576423    0.12112    0.59154   0.121562   0.612532   0.120056   0.144689   0.965375   0.147051   0.770408    0.14726    0.49753 0.999931
  0.576415   0.127579    0.59162   0.126186   0.612227    0.12437   0.154051   0.972044   0.153764   0.774074   0.153479    0.50585 0.998608
  0.576813   0.133153   0.591881   0.130787   0.612186   0.129199   0.162177    0.97257   0.160464   0.775373   0.160475   0.511288 0.995666
  0.577181   0.138629   0.592463   0.135338   0.612291   0.133996   0.170159   0.973365   0.167127   0.772474   0.167441   0.514809 0.990565
  0.577592   0.144197   0.593386   0.139833    0.61268   0.138378   0.178277   0.973716    0.17375    0.76511   0.173839   0.514231 1
  0.578149   0.149443    0.59451   0.144298   0.613227   0.142221   0.185946   0.971836   0.180352   0.755116   0.179473   0.511059 0.997241
  0.578838   0.154574   0.595684   0.148761   0.613798   0.145693   0.193464   0.968147   0.186954   0.744477   0.184571   0.507209 0.998518
  0.579975   0.159273   0.596809   0.153235   0.614508   0.149307   0.200404   0.958225   0.193569   0.734484   0.189891   0.501703 0.99248
  0.581027   0.163829    0.59796   0.157696   0.615189   0.153678   0.207129   0.949248   0.200167   0.724138   0.196305   0.497338 0.991885
  0.582098   0.168801   0.599249   0.162111   0.616089   0.157511    0.21446   0.940457   0.206714   0.711961   0.201965   0.489592 0.993642
  0.584156   0.173079   0.600781   0.166446   0.617238   0.160726   0.220896   0.918207   0.213174   0.696559   0.206757   0.478004 0.985757
  0.585905   0.177346   0.602601   0.170669    0.61842   0.164175   0.227282   0.899928   0.219504   0.677316   0.211892   0.466235 0.990915
  0.587731   0.181926   0.604723   0.174746   0.619706   0.167549    0.23413   0.880982   0.225656   0.654032    0.21693   0.453035 0.976686
  0.590111   0.186859   0.607156   0.178644   0.621228   0.171012   0.241551   0.855223   0.231584   0.626539   0.222123   0.436883 0.990711
  0.593023   0.191884   0.609837    0.18239   0.623023   0.174585   0.249169   0.822685   0.237321   0.595687   0.227508   0.417301 0.988697
  0.596008   0.196504   0.612608   0.186083    0.62505   0.177977   0.256207   0.788792    0.24299   0.563624   0.232656   0.394544 0.977494
  0.598941   0.200426   0.615303   0.189827   0.627502   0.181445   0.262227   0.754862   0.248725    0.53258   0.237963   0.366381 0.987763
  0.601556   0.204487   0.617815    0.19369   0.630444   0.185075   0.268412   0.725177   0.254612   0.504045   0.243561   0.332027 0.979654
  0.604721   0.207905   0.620202   0.197631   0.633388   0.188533   0.273727   0.687738   0.260597    0.47719    0.24891   0.297494 0.965508
  0.607348    0.21063   0.622559   0.201585   0.636225   0.192268   0.277978   0.656548   0.266597   0.450736   0.254648   0.264617 0.987432
  0.609571   0.213785   0.624972   0.205493   0.639095   0.196188   0.282805   0.631018   0.272539   0.423515   0.260657   0.231498 0.998403
  0.611955   0.217456   0.627455   0.209355   0.642318    0.20092   0.288398   0.603939    0.27842   0.395333   0.267885   0.194641 0.957088
  0.614488   0.221381   0.629989   0.213196   0.644826   0.205244   0.294378   0.575181   0.284277   0.366489   0.274439   0.166609 0.985028
  0.616859   0.225435   0.632548   0.217043    0.64728    0.20945   0.300525   0.548648   0.290145   0.337311   0.280817   0.139159 0.985745
  0.618747   0.228996   0.635052   0.220936   0.649878   0.214416   0.305902   0.527852   0.296075   0.308903   0.288312    0.11062 0.964482
  0.620089   0.232022   0.637346   0.224933   0.652278    0.21965   0.310442   0.513583   0.302131   0.283308   0.296172  0.0849165 0.964605
  0.621002   0.234746   0.639273   0.229092   0.654303   0.224692   0.314495   0.504556    0.30838   0.262623   0.303713  0.0638591 0.941634
  0.621668   0.237423   0.640711   0.233445   0.655994   0.229722   0.318451   0.498657   0.314854   0.248459   0.311198  0.0471132 0.91458
  0.622209   0.240136   0.641642   0.237947   0.657184   0.234677   0.322447   0.494427   0.321487   0.240993   0.318517  0.0367572 0.915785
  0.622587   0.243025   0.642069   0.242539   0.658074   0.240533   0.326678   0.492474   0.328193   0.240134   0.327108  0.0312056 0.886283
  0.622592   0.246318   0.641994   0.247161    0.65813     0.2485   0.331452   0.495757   0.334885   0.245803   0.338665   0.038576 0.883815
  0.622257   0.249725    0.64141   0.251744   0.657529   0.255231   0.336354   0.503548   0.341463   0.258009   0.348354  0.0531766 0.861658
  0.621749   0.252725   0.640308   0.256216   0.656689   0.261376   0.340645   0.513164    0.34782   0.276799   0.357168  0.0702818 0.876146
  0.621089   0.255395    0.63868   0.260507   0.655475   0.266622    0.34444   0.524397   0.353855   0.302197   0.364634  0.0913068 0.841129
  0.620143   0.258224   0.636581   0.264591   0.653842   0.271514   0.348433   0.539501   0.359538   0.333488    0.37154   0.117381 0.834178
  0.618658   0.261651   0.634132   0.268499   0.651915   0.275973   0.353233   0.562182   0.364924   0.369109   0.377785   0.146821 0.829765
  0.616589   0.265232   0.631462   0.272261   0.649066   0.280494   0.358189   0.592561   0.370074   0.407453   0.384014   0.188243 0.859137
  0.614417   0.268521   0.628693   0.275928   0.645518   0.285023    0.36271   0.623984   0.375074   0.446961   0.390176   0.238713 0.838225
  0.611895   0.271832   0.625946   0.279598   0.642774   0.288482   0.367222    0.65995   0.380082    0.48621   0.394879   0.277697 0.801166
  0.608844   0.276781   0.623335   0.283381   0.640709   0.291495   0.374049   0.704417   0.385268   0.523798   0.399011   0.307453 0.823909
  0.606478   0.281822   0.620982   0.287372   0.639076   0.294321   0.381088    0.74012   0.390786   0.558272   0.402923   0.331428 0.825672
  0.604614   0.287021    0.61903   0.291578   0.637896   0.296789   0.388412   0.769499   0.396662   0.587782   0.406366   0.349198 0.822788
  0.603081   0.292607   0.617633   0.295967    0.63714   0.298946   0.396336   0.794993   0.402866   0.610292   0.409406   0.361158 0.808363
   0.60184   0.298178   0.616944   0.300505    0.63659   0.301144   0.404272   0.816699   0.409366   0.623805   0.412531   0.370502 0.821432
  0.601145   0.305516   0.617045   0.305099   0.636014   0.303765    0.41483   0.833137   0.416037   0.627172   0.416265    0.38061 0.826808
  0.601897   0.312599    0.61794   0.309596   0.635463   0.306676   0.425184   0.830613   0.422658   0.620171   0.420423    0.39069 0.793861
  0.603375   0.317649   0.619631   0.313841   0.635133   0.309646   0.432674   0.816629   0.429006   0.602627    0.42469   0.397972 0.772055
  0.605603   0.322913   0.622039   0.317753   0.635393   0.312561   0.440559   0.793178   0.434951   0.575473   0.428946   0.397571 0.75518
  0.608681   0.328152   0.624876   0.321443   0.636473   0.315698   0.448505   0.758714   0.440624   0.542544   0.433617   0.386795 0.762531
  0.612098   0.332666   0.627821   0.325054   0.638399   0.319517   0.455438   0.719128   0.446195   0.508141   0.439372   0.365778 0.752518
   0.61605    0.33725   0.630591   0.328717   0.641063   0.323675   0.462535   0.672698   0.451821   0.476062   0.445703   0.335574 0.733303
  0.619553   0.341064    0.63317   0.332465   0.643536   0.327477   0.468463   0.631288   0.457548   0.446528   0.451498   0.307468 0.724248
  0.622104    0.34387   0.635659   0.336289   0.645805   0.330949   0.472822   0.601166   0.463375   0.418234    0.45679   0.281659 0.688949
  0.624087   0.346333   0.638153   0.340182   0.648977   0.335459   0.476618   0.578037   0.469304    0.38996    0.46369   0.245233 0.688178
  0.625886   0.348803   0.640573   0.344171   0.652297   0.340666   0.480404   0.557289   0.475362   0.362722   0.471617   0.207606 0.68932
  0.627226   0.351319   0.642669   0.348315   0.654828   0.345644   0.484203   0.542522   0.481608   0.339833   0.479121   0.179954 0.679497
  0.627827    0.35383   0.644182   0.352674   0.656501   0.350515   0.487913   0.537298     0.4881   0.324707   0.486374   0.163273 0.668569
  0.627739   0.356286   0.644904   0.357236   0.657778     0.3564   0.491463   0.540933   0.494796   0.320005    0.49505   0.152747 0.698657
  0.627024   0.358715   0.644759   0.361802   0.658049   0.363379   0.494903   0.552646   0.501399   0.326525   0.505199   0.156329 0.690982
  0.625763   0.361271   0.643688   0.366145   0.657118   0.369152   0.498465   0.571546   0.507574   0.344783   0.513463   0.174223 0.738468
  0.623996   0.364113   0.641666   0.370078   0.654905   0.374421   0.502384   0.597268   0.513045   0.374911    0.52085   0.208186 0.70008
  0.621841   0.367162   0.638881    0.37366   0.651934   0.379653   0.506559   0.628229    0.51792   0.414554   0.528096    0.25191 0.704837
  0.619348   0.370366   0.635605   0.377053    0.64932   0.383726    0.51092   0.663713   0.522467   0.460345   0.533704   0.289842 0.728308
  0.616004   0.374312   0.632116   0.380418   0.646896   0.386661   0.516259   0.710948   0.526948   0.508877   0.537682   0.324155 0.690872
  0.611991   0.378731    0.62875   0.383882   0.644386   0.389246   0.522209   0.767305   0.531586   0.555895   0.541144   0.359232 0.733214
  0.608152   0.383824   0.625911    0.38754   0.642104   0.391804   0.529154   0.822108   0.536565    0.59632   0.544591   0.391323 0.723457
  0.605707    0.38923   0.623999   0.391485   0.640094   0.394291   0.536714   0.859201   0.542066   0.625044   0.547968   0.419837 0.719437
   0.60478   0.395546   0.623313   0.395717   0.638623   0.396849   0.545763   0.877608   0.548123   0.638201   0.551509   0.441449 0.726988
  0.605572   0.401491   0.623912   0.400014   0.638351   0.399797   0.554473   0.873406   0.554421    0.63483   0.555752   0.447958 0.743352
  0.607463   0.406254   0.625817   0.404125   0.639536   0.403112   0.561594   0.853803   0.560598   0.614383   0.560693   0.436009 0.740209
  0.610363   0.411153   0.628942   0.407855   0.641952   0.406488   0.569026   0.821297   0.566362   0.577768   0.565862    0.40821 0.74978
  0.613711   0.415567   0.632538   0.411364   0.644764   0.410097   0.575807     0.7825   0.571859    0.53486   0.571415   0.375527 0.696725
  0.616582   0.419111   0.635597   0.414948   0.647776   0.414812   0.581272   0.748979   0.577403   0.498953   0.578593   0.341375 0.627442
  0.618408   0.422257   0.637151   0.418886   0.650441   0.420116    0.58604   0.728574   0.583289   0.482869   0.586586    0.31231 0.644834
  0.618955   0.425178   0.636952    0.42316   0.651884   0.426151   0.590338   0.724477   0.589462   0.489772     0.5955   0.299799 0.665883
  0.618205   0.427836   0.635424   0.427472   0.651235   0.431513   0.594105   0.736861    0.59554   0.513913     0.6032   0.313629 0.684112
  0.616948   0.430399   0.633011   0.431516   0.649218   0.435496   0.597677   0.755723   0.601128   0.549211   0.608743   0.343745 0.633331
  0.615701   0.433182   0.630171   0.435177   0.646219   0.439514   0.601571   0.774662   0.606112   0.589637   0.614227   0.386595 0.623772
  0.614375   0.436588   0.627387   0.438764   0.642923   0.443404   0.606357   0.795263   0.610994   0.629277   0.619492    0.43316 0.623901
  0.613328   0.440547   0.625142   0.442639   0.640669   0.446247   0.611977   0.812821   0.616356   0.662232   0.623356   0.465178 0.602965
  0.612727   0.446264   0.623863   0.447079   0.639214   0.448918   0.620197   0.826405   0.622647   0.683279   0.627063   0.486709 0.626948
  0.613445   0.452621   0.623631   0.451854   0.638362   0.451572   0.629496   0.823578   0.629544   0.691129   0.630813   0.500409 0.638105
  0.615086   0.457386   0.624404   0.456553    0.63844   0.454246   0.636589   0.807211   0.636444   0.685902   0.634699   0.502129 0.661343
  0.617429   0.461419   0.626131   0.460785   0.639842   0.457294   0.642704    0.78101   0.642776   0.667878   0.639278   0.487094 0.675748
  0.620599   0.466039   0.628567   0.464547   0.642195   0.460737   0.649763   0.744727   0.648507   0.640216   0.644537   0.460181 0.635488
  0.623029   0.470654   0.631298   0.468176   0.644896   0.464869    0.65673   0.718008   0.654079   0.608594   0.650835   0.429455 0.609966
  0.623697   0.474476   0.633907   0.472018   0.647354   0.469864   0.662347   0.713254   0.659947   0.578779   0.658356   0.402766 0.611062
  0.622788   0.477441   0.635955   0.476238    0.64884   0.475322   0.666543   0.728015   0.666298   0.556594   0.666438   0.389089 0.62806
  0.621058   0.480131   0.636965   0.480617   0.648781   0.480644   0.670244   0.753119   0.672761   0.547983   0.674146    0.39527 0.642869
  0.619266   0.483177   0.636456    0.48489   0.647684   0.485033   0.674456   0.779377   0.678898   0.558905   0.680385   0.413904 0.627726
  0.617286   0.486103    0.63415    0.48885   0.645481   0.489347   0.678472   0.807946   0.684376   0.592729   0.686388   0.446765 0.67884
  0.615404   0.489214   0.630889   0.492613    0.64232   0.494068   0.682769   0.835426    0.68946   0.638713   0.692873    0.49243 0.652762
  0.614072   0.493389   0.627889   0.496404   0.639992   0.498284   0.688669   0.856886   0.694614   0.681338   0.698718   0.526797 0.664537
  0.613842   0.498713   0.626313   0.500435    0.63927   0.501598   0.696362   0.865271   0.700279   0.705807   0.703442   0.539498 0.645345
  0.614635   0.503734   0.626369   0.504734   0.639885   0.504694    0.70373   0.860127   0.706518   0.709451      0.708   0.534696 0.627091
  0.616132   0.508267   0.627474   0.509172   0.641587   0.508166   0.710473   0.845369   0.713077   0.699674   0.713227   0.516224 0.638429
  0.619271   0.513361   0.629023   0.513615   0.644107   0.511951   0.718215    0.80997   0.719694   0.684172   0.719001   0.487492 0.595432
  0.622082   0.518449     0.6305   0.517999    0.64682   0.516259   0.725912   0.778806   0.726219   0.669527   0.725556   0.456796 0.597228
  0.621378   0.523142   0.631574     0.5224     0.6487   0.521161   0.732636   0.792671   0.732722   0.660119   0.732877   0.437469 0.570814
  0.618781   0.527519   0.631932   0.526909   0.649014   0.526134   0.738686   0.830687   0.739299   0.660071   0.740122   0.438463 0.600785
  0.616956   0.532698   0.631415    0.53158   0.647472   0.530578   0.745986   0.859548   0.746012   0.671498   0.746389   0.462916 0.65298
  0.616666   0.538513   0.630645   0.536284   0.644602   0.534525   0.754383   0.869205   0.752744   0.686234   0.751784   0.504031 0.663492
  0.617629   0.543222   0.630492   0.540834   0.642398   0.538568    0.76132   0.861534   0.759323   0.692831   0.757395   0.536624 0.676345
  0.619674   0.547359   0.631763   0.545057   0.643017   0.542872   0.767549   0.839298    0.76559   0.680688   0.763704   0.532995 0.67178
  0.622791   0.551462   0.634275   0.549002   0.645968   0.546808   0.773854   0.803182   0.771595    0.65223   0.769746   0.498846 0.643941
  0.625197   0.555601   0.637063   0.552889   0.648608   0.550453   0.780128   0.776279   0.777548   0.620135   0.775331   0.468423 0.631575
  0.625526   0.559421   0.639148   0.556946   0.650152   0.554911   0.785704   0.775908   0.783667     0.5973    0.78197   0.452987 0.633781
   0.62427   0.562799   0.639981   0.561281   0.651006   0.560346   0.790458    0.79558   0.790046   0.590943   0.789948   0.447475 0.600551
  0.622676   0.565892   0.639813    0.56579   0.650246   0.566334    0.79476   0.819321   0.796565   0.597697   0.798542   0.463376 0.616528
  0.621257   0.568866   0.638984   0.570346   0.647601   0.571563    0.79891   0.840682   0.803074   0.613038   0.805821   0.502888 0.637552
  0.619913   0.572158   0.637825   0.574844   0.644348   0.576049   0.803529    0.86141   0.809464   0.632595   0.811953   0.549495 0.588589
  0.619204   0.577051   0.636619   0.579305   0.642584   0.580149   0.810542   0.875546   0.815793   0.652707   0.817696   0.576465 0.622317
  0.619645   0.582525   0.635639   0.583785   0.643401   0.584743   0.818528   0.875408   0.822176   0.669929    0.82445   0.570563 0.618577
  0.621087   0.587329   0.635127   0.588335   0.645512   0.589038   0.825656   0.861637   0.828714   0.681174   0.830917   0.547647 0.648258
  0.623153   0.591181   0.634922   0.592933   0.647162   0.593811   0.831477   0.838851   0.835357   0.688493   0.838025   0.531155 0.61488
   0.62421    0.59465   0.634564   0.597503   0.647206   0.599125   0.836625   0.828709   0.841942   0.697767   0.845733   0.535995 0.601401
  0.623216   0.598476   0.633589   0.601968   0.645886   0.603583    0.84206   0.845448   0.848303   0.714908   0.852046   0.557586 0.594294
  0.621104   0.602583   0.631923   0.606308   0.643632   0.607511   0.847772   0.876914   0.854405   0.740848   0.857483   0.590715 0.578909
   0.61919   0.607504    0.63018   0.610609   0.640892   0.611676   0.854688   0.906664   0.860442   0.767754    0.86321   0.630356 0.629212
  0.618312   0.613163   0.629042   0.614967   0.639343   0.615771   0.862794   0.923762   0.866631   0.786892    0.86897   0.654543 0.622592
  0.617836   0.618172   0.628997   0.619454   0.639869   0.620032       0.87   0.935004   0.873131    0.79203   0.875207   0.652075 0.610602
  0.617433   0.622838   0.629651   0.624043   0.640608   0.625065    0.87672   0.944955   0.879857   0.788228   0.882587   0.647629 0.611029
  0.617846   0.628187   0.630363   0.628674   0.639783   0.629654    0.88452    0.94504   0.886653   0.783732   0.889147   0.662963 0.651174
  0.618157   0.633903   0.630538   0.633294    0.63945    0.63324   0.892843   0.946831   0.893371   0.786163   0.894308   0.670906 0.625997
  0.618398   0.639485   0.630228    0.63788   0.640335   0.636788   0.900963   0.949389   0.899984   0.794838   0.899553    0.66307 0.617983
  0.617936   0.644176   0.629937   0.642435   0.641708   0.641586   0.907711   0.960131   0.906555   0.803219   0.906665   0.650192 0.617718
  0.617444   0.648608   0.630178   0.646961   0.641505   0.647079    0.91408   0.970982   0.913144     0.8047   0.914605   0.658398 0.610886
  0.617787   0.653089   0.631119   0.651467   0.640182   0.651407   0.920615   0.971109   0.919783   0.797125   0.920728   0.679901 0.590874
  0.618327   0.657079   0.632353   0.655974    0.64042   0.654938   0.926461   0.968174   0.926457   0.785748   0.925874    0.68041 0.621305
  0.618529    0.66129   0.633422   0.660503   0.641898   0.659206   0.932589   0.969848   0.933145    0.77653   0.932231   0.665645 0.604154
  0.618965   0.665436   0.633962   0.665068   0.642134   0.664404   0.938649   0.968417   0.939825   0.774186   0.939793   0.667875 0.599861
  0.619638   0.669129   0.634017   0.669659   0.641032   0.669241   0.944079   0.963479   0.946487   0.778135   0.946679   0.687029 0.645249
  0.620187   0.672844    0.63374   0.674256   0.640642   0.674259   0.949528   0.960151   0.953119   0.786391   0.953911   0.697176 0.630565
  0.620436   0.677292   0.633278   0.678841   0.640399   0.679947   0.956005    0.96145   0.959714   0.797014   0.962129   0.706096 0.622069
  0.620618   0.682059   0.632736   0.683413   0.639327   0.683789   0.962937   0.963936   0.966281   0.808666   0.967577    0.72385 0.603098
  0.621014   0.686367   0.632187   0.687982   0.638913   0.688851   0.969228   0.963194   0.972842    0.82041   0.974868   0.734348 0.5393
  0.622115   0.691656   0.631703   0.692558   0.638943   0.692868   0.977021    0.95434    0.97942    0.83132   0.980695   0.738042 0.589402
  0.623233   0.696318   0.631316   0.697145   0.638957   0.697047   0.983906   0.944622   0.986027   0.840976   0.986755   0.742108 0.548403
  0.625845   0.701583   0.630999   0.701741   0.637881   0.702418   0.991837   0.916213   0.992653   0.849748   0.994419   0.761476 0.383546
  0.630716    0.70634   0.630716    0.70634   0.630716    0.70634   0.999289   0.858079   0.999289   0.858079   0.999289   0.858079 0
