180
  0.505896   0.292114   0.505896   0.292114   0.505896   0.292114 0.00810814   0.420668 0.00810814   0.420668 0.00810814   0.420668 0
  0.497679   0.289381   0.502197   0.295052   0.507034   0.301473 0.00349006   0.479083  0.0119791   0.448814  0.0215684   0.416563 0.883235
  0.492106   0.289506   0.498502   0.297996   0.506116   0.306802  0.0031814   0.519589  0.0158586   0.476939  0.0290942   0.425591 0.997026
  0.486373   0.290787   0.494813   0.300951   0.502556   0.311309 0.00450813   0.561765  0.0197552   0.505024  0.0352168   0.453429 1
  0.482366   0.292005   0.491134   0.303924   0.499054     0.3138 0.00589763   0.591387  0.0236772   0.533048  0.0384668   0.479955 1
  0.478049   0.294036   0.487468   0.306918   0.495228   0.317138 0.00841904   0.623614  0.0276314    0.56098  0.0428971   0.509204 1
   0.47266   0.297248   0.483823   0.309937   0.492133   0.320177  0.0125337   0.664157  0.0316218   0.588775  0.0469657   0.533011 1
  0.467718   0.300336   0.480205   0.312981   0.489564   0.322862  0.0165102   0.701392  0.0356519   0.616385  0.0505733    0.55285 1
  0.463025   0.303268   0.476622   0.316057    0.48687   0.325894  0.0202845   0.736753   0.039729   0.643752  0.0546663   0.573749 1
  0.459373   0.306009   0.473101   0.319193   0.484041   0.329162  0.0238783   0.764472  0.0438987   0.670703  0.0590842    0.59573 0.997003
  0.456595   0.308775   0.469676   0.322437   0.481226   0.333007  0.0275845   0.785862  0.0482291   0.696999  0.0643267   0.617868 1
  0.452897   0.312343   0.466384   0.325832   0.478717   0.337253  0.0323542   0.814288  0.0527888   0.722399   0.070169   0.637968 0.99698
  0.449001   0.317001   0.463263   0.329415    0.47688   0.340738   0.038664   0.844629  0.0576309   0.746639  0.0749832   0.652847 1
  0.445195    0.32152   0.460362   0.333182   0.475544   0.343412  0.0447816   0.874258  0.0627539   0.769369  0.0786839   0.663731 0.995369
    0.4421   0.326455   0.457729   0.337119   0.474468   0.345857   0.051556   0.898912  0.0681443   0.790223  0.0820795   0.672623 1
  0.439375   0.333175   0.455415   0.341215   0.473574   0.348733   0.060911   0.921679  0.0737888   0.808837  0.0861069    0.68039 1
   0.43675   0.339367    0.45345   0.345463   0.472716   0.351692  0.0695202   0.943476  0.0796815   0.824989  0.0902564   0.687932 0.993685
  0.434768    0.34425   0.451837   0.349867   0.471849   0.354292  0.0763175   0.960028   0.085827   0.838646  0.0938918   0.695376 0.996411
   0.43329   0.349807   0.450581    0.35443   0.471173   0.356657  0.0841202   0.973228  0.0922305   0.849792  0.0972085   0.701334 1
  0.432436   0.357236   0.449692   0.359146   0.470777   0.359057  0.0946504   0.982723  0.0988856   0.858334     0.1006   0.705272 1
  0.432305   0.365197   0.449271   0.363934   0.470618   0.361848   0.106004   0.987214   0.105683   0.863517    0.10457   0.707668 1
  0.433016   0.372434   0.449463   0.368669   0.470636   0.365095   0.116396   0.985263   0.112459    0.86423   0.109207   0.708979 1
  0.434352   0.378973   0.450413   0.373227   0.470758   0.368478   0.125847   0.978471   0.119048   0.859356   0.114047   0.709594 0.991051
  0.436159   0.384755   0.452195   0.377514    0.47097   0.371735   0.134259   0.967928   0.125323   0.848332   0.118714   0.709502 1
  0.438207   0.390123   0.454647   0.381532   0.471422   0.374768   0.142101   0.955447   0.131273   0.832318   0.123084   0.707571 1
  0.441182   0.395999   0.457566   0.385304   0.472287   0.377499   0.150748   0.936464   0.136913   0.812814   0.127057    0.70251 1
  0.443809   0.401319   0.460746   0.388853   0.473524   0.380078   0.158572   0.919762   0.142256   0.791307   0.130847   0.694675 1
  0.446782   0.406479   0.464046   0.392233   0.475105   0.382794   0.166198   0.900478    0.14737   0.768859   0.134862    0.68441 1
  0.450991   0.411429   0.467396    0.39554   0.477192   0.385989   0.173631    0.87213   0.152383    0.74602   0.139605   0.670683 1
   0.45457   0.415194   0.470729   0.398869   0.479695   0.389617   0.179318   0.847834   0.157427   0.723309   0.145003   0.654124 1
   0.45774   0.418444   0.473993     0.4023   0.482505   0.393194   0.184234   0.826271   0.162609   0.701142   0.150354   0.635319 0.998191
  0.462119   0.421781   0.477242   0.405765   0.485918   0.396096    0.18938   0.795966    0.16784   0.679102   0.154794   0.611844 1
   0.46666   0.424571    0.48058   0.409129   0.490003   0.398867    0.19376   0.764253   0.172933    0.65637   0.159108   0.583427 1
  0.471044   0.427188   0.484112   0.412253   0.494352   0.401646   0.197879   0.733598   0.177701   0.632126   0.163454   0.553096 1
  0.476294   0.430244   0.487899   0.415054   0.498173   0.403718     0.2027   0.696854   0.182031   0.605886   0.166746    0.52629 1
  0.481116   0.433105   0.491884   0.417595   0.501033   0.405413   0.207205   0.663127   0.186006   0.578094   0.169415   0.506284 0.996854
  0.485071   0.435588   0.495988   0.419964   0.504046   0.407066   0.211096   0.635527   0.189746   0.549358   0.172039   0.485148 1
  0.489261   0.438241   0.500135   0.422247   0.507511   0.409102   0.215247   0.606296   0.193368   0.520275   0.175248   0.460907 0.989774
  0.493879   0.440984   0.504287   0.424497   0.511407   0.411895   0.219567   0.574006   0.196941   0.491147   0.179574   0.433876 0.990115
  0.497909   0.443497   0.508445   0.426725   0.515908   0.414849   0.223506   0.545875   0.200486    0.46196   0.184184   0.402517 0.988623
  0.501442   0.445803   0.512615   0.428944   0.520049   0.417085   0.227107   0.521257   0.204017   0.432683   0.187738   0.373463 0.967132
  0.504631   0.447988   0.516796   0.431168   0.523896   0.419626   0.230505   0.499079   0.207557   0.403321   0.191702   0.346671 0.984025
  0.507604   0.450221   0.520958    0.43344   0.527378   0.422385   0.233952   0.478494   0.211163   0.374124   0.195944   0.322621 0.974241
   0.51084   0.452834   0.525056   0.435814   0.531532   0.425363   0.237965   0.456172    0.21491   0.345444   0.200559   0.293803 0.971591
  0.514216   0.455762   0.529042   0.438344   0.535454   0.428173   0.242438   0.432973   0.218871   0.317634   0.204911   0.266587 0.952958
  0.517393   0.458783   0.532883   0.441074   0.539579   0.431393   0.247029   0.411254   0.223103   0.290974   0.209868   0.238077 0.974345
  0.520061   0.461676   0.536564   0.444013   0.544255   0.435649   0.251392    0.39318    0.22762   0.265562   0.216353   0.206033 0.948458
   0.52218   0.464405   0.540078   0.447167   0.547951   0.439626   0.255473   0.379014   0.232429   0.241466   0.222352   0.180975 0.951765
  0.524025    0.46715   0.543412   0.450543   0.551614   0.444092   0.259552   0.366841    0.23754   0.218768   0.229047   0.156372 0.961435
  0.525724   0.469984   0.546519   0.454144   0.555358    0.44903   0.263747   0.355773   0.242952   0.197817   0.236424   0.131393 0.929498
  0.527165   0.472794   0.549315   0.457972   0.558132   0.453273   0.267883   0.346558   0.248661   0.179223   0.242723   0.113145 0.900023
  0.528352   0.475597   0.551715   0.462028   0.560522   0.457215   0.271988   0.339188    0.25466   0.163606    0.24856  0.0975509 0.92602
  0.529535   0.478651   0.553653   0.466307   0.562771   0.462258   0.276451   0.331962   0.260937   0.151443   0.255953   0.083475 0.907683
  0.530772    0.48164   0.555183   0.470764   0.564857   0.467309   0.280826   0.324313   0.267434   0.142321   0.263347  0.0705739 0.896285
  0.531885   0.483868   0.556404   0.475341   0.566657   0.471947   0.284104   0.317222   0.274073   0.135493   0.270124  0.0595731 0.915534
  0.532833   0.486637   0.557416   0.479977   0.568222   0.476636   0.288139   0.311573   0.280779   0.130208   0.276954  0.0503004 0.925625
  0.533776   0.490359   0.558294   0.484629    0.56975   0.481481   0.293535   0.306388   0.287498   0.125901   0.284004  0.0413612 0.92268
  0.534915   0.493387   0.559061   0.489294   0.571144    0.48625   0.297956   0.299464   0.294223   0.122408   0.290934  0.0333608 0.915775
  0.535775   0.496493   0.559731   0.493969    0.57228   0.490843   0.302466   0.294598   0.300955   0.119619    0.29759  0.0271619 0.919888
  0.536429   0.500095   0.560319   0.498654    0.57321   0.495735   0.307665   0.291453   0.307694   0.117433   0.304653  0.0225802 0.890214
  0.537226   0.503826    0.56082   0.503349   0.574057   0.501025    0.31306   0.287327    0.31444   0.115886   0.312279  0.0187863 0.933403
  0.537661     0.5078   0.561211   0.508058   0.574853   0.506205   0.318771   0.285938   0.321196   0.115136   0.319743  0.0153112 0.906131
  0.537758   0.512143   0.561471   0.512782   0.575437   0.511689   0.324979   0.287161   0.327962   0.115346   0.327622  0.0135091 0.87832
  0.537821     0.5168   0.561574   0.517519   0.575586   0.518144   0.331631   0.288774   0.334733   0.116705    0.33685  0.0152919 0.875994
   0.53777   0.521305   0.561472   0.522255   0.575297   0.524571   0.338058    0.29114   0.341485   0.119551   0.345998  0.0202412 0.860666
  0.537514   0.525325    0.56111   0.526968   0.574702   0.530265   0.343774    0.29479    0.34818   0.124269   0.354075  0.0270893 0.861428
  0.537024   0.528762   0.560434   0.531636   0.574007   0.536077   0.348638   0.299867   0.354786   0.131248    0.36231  0.0347175 0.841
  0.536371   0.531877    0.55942   0.536244   0.573193   0.542262   0.353026    0.30599   0.361274   0.140656   0.371069  0.0433742 0.839085
  0.535623   0.535018   0.558101   0.540781   0.571897   0.547184   0.357445   0.312819   0.367636   0.152247   0.377981  0.0549623 0.843832
  0.534703   0.538275   0.556517   0.545242   0.570377   0.551601   0.362015   0.320941   0.373865   0.165721   0.384153  0.0679569 0.813163
  0.533609   0.541705   0.554708   0.549616   0.568734    0.55675   0.366815   0.330406   0.379951   0.180792    0.39136  0.0821698 0.836548
  0.532411   0.545339   0.552688   0.553893   0.566935   0.560843   0.371898   0.340712    0.38588    0.19735   0.397046  0.0970424 0.812108
  0.530985   0.548974   0.550452   0.558056   0.565119   0.564966   0.376961   0.352677   0.391628   0.215428   0.402772    0.11205 0.791535
  0.529389   0.552238   0.547994   0.562091   0.562473   0.569764   0.381483    0.36571   0.397172    0.23506   0.409391   0.133388 0.777623
  0.527844   0.554983    0.54531   0.565982   0.559571   0.574199   0.385265   0.378137   0.402492   0.256264   0.415467   0.156416 0.757921
  0.526142   0.558033   0.542408   0.569715   0.556923   0.577966    0.38947   0.391849   0.407567   0.278983   0.420614   0.177307 0.748561
  0.524153   0.561483   0.539299   0.573276   0.553457   0.582291   0.394221   0.407811   0.412379   0.303132   0.426485   0.204386 0.750543
  0.522083   0.564588   0.535992   0.576653   0.549532    0.58742   0.398473   0.424216   0.416911   0.328628   0.433463   0.235145 0.742992
  0.520131   0.566962   0.532521   0.579862   0.546055   0.591914   0.401691   0.439441   0.421188    0.35525   0.439574   0.262377 0.710974
   0.51797   0.569655   0.528952    0.58297   0.542638   0.595222   0.405347   0.456314   0.425312   0.382527   0.443999   0.288649 0.728984
  0.515511   0.573135   0.525359   0.586049   0.538925    0.59838     0.4101   0.475709   0.429394   0.409972   0.448181   0.316995 0.706666
  0.511979   0.577217    0.52181   0.589168   0.534889   0.601953   0.415617   0.503153   0.433536   0.437118    0.45293   0.347873 0.695192
   0.50793    0.58104   0.518317   0.592344    0.53067   0.605562   0.420722   0.534236   0.437764   0.463877   0.457713   0.380096 0.697717
  0.504591    0.58401   0.514855   0.595556   0.526597   0.608778   0.424669   0.559791   0.442047   0.490426   0.461948   0.411084 0.68704
  0.501465   0.586709   0.511399   0.598782   0.523045   0.611502   0.428249   0.583678   0.446351   0.516946   0.465526   0.438075 0.698795
  0.497869   0.589766   0.507935   0.602014   0.520151   0.613973   0.432299   0.611132   0.450661   0.543521     0.4688   0.460174 0.678402
  0.493631   0.593502   0.504509   0.605287   0.517379   0.616479   0.437261   0.643545   0.455034   0.569834   0.472135   0.481404 0.723003
  0.489139   0.597749   0.501185    0.60865   0.514203   0.619291   0.442932   0.678037   0.459544   0.595456   0.475871   0.505699 0.701165
  0.485001   0.601983   0.498022   0.612151   0.510756   0.622622   0.448614   0.709948   0.464266   0.619964   0.480325   0.532199 0.702312
  0.481487   0.605827   0.495046    0.61581    0.50734   0.626318   0.453794    0.73716   0.469229   0.643188   0.485303   0.558634 0.733426
  0.478162   0.609616   0.492223   0.619595   0.504276   0.630068   0.458912   0.762969   0.474386    0.66536   0.490388   0.582537 0.728202
  0.474587   0.613748   0.489513   0.623473   0.501761   0.633694   0.464499   0.790752   0.479685   0.686744   0.495345     0.6024 0.721929
  0.471268   0.617822   0.486883   0.627411   0.499613   0.637217   0.470024   0.816649   0.485077   0.707586   0.500186   0.619549 0.739229
  0.468379   0.622004   0.484329     0.6314   0.497572   0.640705   0.475741   0.839473   0.490548   0.727888   0.504987   0.635911 0.695146
  0.465003   0.627456   0.481874   0.635445    0.49594    0.64401   0.483229   0.866393   0.496107   0.747503   0.509562   0.649226 0.750524
  0.462394   0.632491   0.479538   0.639552   0.494592   0.647257   0.490187   0.887571   0.501766   0.766279   0.514079   0.660452 0.725608
  0.460403   0.637072   0.477343   0.643727   0.493301   0.650626   0.496554   0.904048   0.507533   0.784067   0.518776   0.671317 0.727514
  0.458544   0.642259   0.475308   0.647981    0.49225   0.654036   0.503794    0.91985   0.513427   0.800723   0.523551   0.680459 0.723801
  0.456965   0.647138   0.473455   0.652324   0.491431   0.657487   0.510622   0.933476   0.519465   0.816106   0.528406   0.687937 0.737354
  0.455566   0.651663   0.471803   0.656768   0.490731     0.6609   0.516958   0.945639   0.525664   0.830066   0.533216   0.694532 0.713291
   0.45418   0.656243   0.470409    0.66131    0.49006   0.664123   0.523376   0.957732   0.532027   0.842196   0.537758   0.700831 0.704092
  0.452692   0.661443    0.46938   0.665932   0.489525   0.667383   0.530669    0.97084   0.538535   0.851719   0.542366   0.706167 0.716635
  0.451612   0.668545   0.468825   0.670611   0.489274   0.670797   0.540712   0.981833   0.545166   0.857827   0.547217   0.709501 0.706283
  0.451417    0.67678   0.468845   0.675324   0.489436   0.674006   0.552451   0.986907   0.551895   0.859778   0.551812    0.70975 0.692586
  0.452068   0.684215   0.469453   0.680013   0.489977   0.676842    0.56312   0.985482   0.558642   0.857444   0.555908   0.707083 0.721294
  0.453166   0.689819   0.470616   0.684603   0.490697   0.679411   0.571216   0.980003   0.565294   0.851045   0.559638      0.703 0.737354
  0.454472   0.694819   0.472297   0.689016   0.491575   0.682146   0.578468   0.972742   0.571741   0.840805   0.563619   0.697841 0.723566
   0.45592   0.699532   0.474432   0.693211   0.492711   0.685558   0.585321   0.964331   0.577916   0.827173   0.568589   0.691118 0.712328
  0.457667   0.704516   0.476863    0.69726   0.494153   0.689308   0.592589   0.953864   0.583908   0.811332   0.574068   0.682312 0.698438
  0.460056   0.709844    0.47941   0.701258   0.495943   0.692981   0.600403   0.938893   0.589837   0.794619   0.579467   0.670956 0.697168
  0.462898   0.715167   0.481899   0.705298   0.498056   0.696505    0.60825   0.920636   0.595823   0.778347   0.584682   0.657186 0.665251
  0.465845   0.720054   0.484287   0.709396   0.500079   0.699773   0.615484   0.901416   0.601881   0.762837   0.589523   0.643956 0.667626
  0.469048   0.724643   0.486698   0.713466   0.502118   0.702898   0.622315   0.880207   0.607901   0.747153   0.594162   0.630545 0.686269
  0.472686   0.729252   0.489265   0.717417    0.50474   0.706174   0.629211   0.855852   0.613765   0.730278   0.599069   0.612974 0.676538
  0.476841   0.734032    0.49211   0.721165   0.507433   0.709494   0.636397   0.827822   0.619364   0.711294   0.604042   0.594901 0.642631
  0.480855   0.738465   0.495239   0.724695   0.509905   0.712409   0.643077   0.800659   0.624677   0.690152    0.60842   0.578256 0.67682
  0.484301   0.742313     0.4986   0.728027   0.512175      0.715   0.648871   0.777356   0.629727   0.667241   0.612316   0.562936 0.645418
  0.487691   0.745991   0.502139   0.731182   0.514637   0.717986   0.654417   0.754392   0.634539   0.642955   0.616794   0.546393 0.640963
  0.491644   0.749721   0.505799   0.734194   0.517961    0.72154   0.660086   0.727355   0.639159   0.617733   0.622158   0.523846 0.623103
  0.495048   0.752896   0.509503   0.737144   0.521227   0.724676   0.664916   0.704067   0.643693    0.59216    0.62692   0.501539 0.628192
  0.497811   0.755642   0.513174    0.74012   0.524456   0.727817   0.669077   0.685234   0.648263   0.566844   0.631686     0.4795 0.667905
  0.500507   0.758476   0.516733    0.74321   0.528469   0.731509   0.673359   0.666926   0.652984   0.542387   0.637307   0.452015 0.653566
  0.503239   0.761519   0.520139   0.746461   0.532714   0.735269   0.677941   0.648449   0.657922   0.519108   0.643045   0.422878 0.660146
  0.505975   0.764554   0.523393   0.749874   0.536329   0.739049   0.682512   0.629943   0.663079   0.497011   0.648756   0.398319 0.649552
   0.50848   0.767556   0.526496    0.75345   0.539931   0.743441   0.687017   0.613095   0.668455    0.47608   0.655341   0.374125 0.66804
  0.510527   0.770563   0.529442   0.757189   0.543251   0.747812   0.691488   0.599571   0.674049   0.456356    0.66187   0.351973 0.640338
  0.512309   0.773188   0.532172    0.76109   0.546743   0.752651    0.69539   0.587807   0.679856    0.43828   0.669083   0.328781 0.559192
  0.513955   0.775594   0.534597   0.765154   0.550366   0.758652   0.698969   0.576928    0.68587   0.422481   0.677966   0.305157 0.633689
  0.515496   0.778282   0.536633   0.769384   0.553296   0.763317   0.702941   0.566936   0.692085   0.409583   0.684881   0.285962 0.63032
  0.516976   0.781262   0.538237   0.773773   0.555976   0.768186   0.707324   0.557521   0.698491   0.399897   0.692066   0.268677 0.598115
  0.518397   0.784341   0.539479   0.778301   0.558238   0.773768   0.711843   0.548576   0.705063   0.392896   0.700231   0.254739 0.595365
  0.519706    0.78724   0.540449   0.782944   0.560149   0.779969   0.716096   0.540368   0.711775   0.387917    0.70925    0.24362 0.579289
  0.520856   0.790024   0.541231   0.787676   0.561768   0.785909   0.720171   0.533256   0.718599   0.384341    0.71787   0.234509 0.57428
   0.52179   0.792946   0.541768   0.792447   0.563166   0.792564   0.724423   0.527777   0.725455   0.382566   0.727493    0.22732 0.559957
   0.52231   0.795984   0.541855   0.797177   0.563258   0.800567   0.728805   0.525354   0.732215   0.384031   0.738925   0.230206 0.588385
  0.522213   0.799014   0.541284   0.801787   0.561656   0.807995   0.733121   0.527402   0.738747   0.390225   0.749388   0.245137 0.613521
  0.521533   0.801904   0.539888   0.806208   0.559828   0.813646   0.737188   0.533619   0.744935   0.402321   0.757295   0.260909 0.565828
  0.520383   0.804674   0.537789   0.810432   0.557718   0.818227   0.741042   0.543197   0.750782   0.419433    0.76365   0.278261 0.569612
  0.518939   0.807588   0.535224    0.81448   0.555332   0.822452   0.745075   0.554972   0.756336   0.439843   0.769472   0.297449 0.482971
  0.517266   0.810672   0.532433   0.818371    0.55202    0.82713   0.749331   0.568478   0.761647   0.461827   0.775861   0.323564 0.499177
  0.514764   0.814305   0.529602   0.822146   0.549128   0.831421   0.754298   0.588249   0.766788   0.484052   0.781733    0.34646 0.512683
  0.511766   0.818567   0.526796   0.825891   0.545521   0.836117    0.76012   0.611906   0.771888   0.506075   0.788122   0.374723 0.551457
  0.509499   0.822209   0.524066     0.8297    0.54227   0.840262   0.765121   0.629976   0.777087   0.527585   0.793755   0.400159 0.579206
  0.506671   0.825348   0.521461   0.833663   0.539561    0.84336   0.769355   0.651889   0.782517   0.548247   0.797941   0.421196 0.582309
  0.503494   0.830322   0.519087   0.837817   0.537372   0.845687   0.776178   0.677157   0.788238   0.567322   0.801071   0.438116 0.569049
   0.50063   0.836202   0.517097   0.842146   0.535922   0.847767   0.784321   0.700559   0.794244   0.583686   0.803914   0.449559 0.538657
   0.49763   0.842095   0.515647   0.846633   0.534823   0.850259   0.792471   0.724944   0.800523   0.596205   0.807375   0.458649 0.5276
  0.494613   0.848527   0.514876   0.851253   0.533708   0.853398   0.801389   0.749696   0.807051   0.603853   0.811758   0.468132 0.449874
  0.492787   0.856029   0.514834   0.855929   0.532409   0.856682   0.811938   0.766281   0.813722   0.606233   0.816332   0.479015 0.517365
   0.49194   0.864071   0.515539   0.860566   0.531209   0.860169   0.823344   0.776005   0.820402   0.603174   0.821205   0.489274 0.512692
  0.493109   0.870421   0.517009   0.865069   0.530958   0.864557   0.832511   0.770338   0.826959   0.594511   0.827447    0.49305 0.529929
  0.494742   0.875207   0.519092   0.869409   0.531838   0.869213   0.839486   0.760615   0.833336   0.581319    0.83417   0.488727 0.603963
  0.496571   0.879557   0.521292   0.873692    0.53343   0.873645   0.845855   0.749269   0.839642   0.567254   0.840636   0.479143 0.57164
  0.498187   0.882985   0.523069    0.87804   0.535219   0.878615   0.850889   0.739063   0.846004   0.556292   0.847887   0.468365 0.554955
  0.499576   0.886208   0.523903   0.882567   0.537126   0.884219   0.855612   0.730419    0.85254   0.552247   0.856053   0.457013 0.525946
  0.500761   0.889425   0.523644   0.887223   0.538382   0.890942   0.860308   0.723248   0.859164   0.556196   0.865759   0.450889 0.476341
  0.501572   0.892648   0.522445   0.891825    0.53875   0.898007   0.864978   0.718789   0.865627   0.566939   0.875876   0.451352 0.487929
  0.501604   0.896121    0.52047   0.896181   0.537518   0.903594   0.869939   0.720104   0.871674    0.58321   0.883744   0.462774 0.481491
  0.500836   0.899561   0.517906   0.900163   0.535572    0.90824   0.874783   0.727203   0.877133   0.603587   0.890206   0.478963 0.520032
  0.499448   0.902662   0.515068   0.903931   0.533568    0.91168   0.879088   0.738653   0.882264    0.62586   0.894941   0.495033 0.412826
  0.497636   0.906016    0.51231   0.907742   0.531164   0.914291   0.883717   0.753298   0.887463   0.647564   0.898459    0.51364 0.505058
  0.495522   0.910156   0.509988    0.91185   0.528858   0.917017   0.889443   0.770476   0.893124   0.666242   0.902149   0.531588 0.462898
  0.493644   0.914481   0.508372   0.916354   0.526694   0.919898   0.895452   0.786027   0.899413    0.67997   0.906072   0.548577 0.450749
  0.492158   0.919774   0.507578   0.921065   0.524645   0.922682   0.902878   0.799162   0.906068   0.687826   0.909868   0.564679 0.492603
  0.491604   0.926906   0.507704    0.92576   0.523412   0.925598    0.91301   0.806352   0.912782   0.688994   0.913923   0.574924 0.513268
  0.492704    0.93327    0.50883   0.930234   0.523404   0.928987   0.922192   0.801191   0.919265   0.682813   0.918759   0.576488 0.55116
  0.494477   0.938052    0.51074   0.934486   0.524646   0.932918   0.929173    0.79045   0.925503   0.670839   0.924479   0.569217 0.560157
  0.496542   0.942249   0.513003   0.938675   0.526568   0.936844   0.935343   0.777328    0.93168   0.656277   0.930251   0.557012 0.572431
  0.498804   0.945806   0.515181   0.942961   0.528915   0.941294   0.940619   0.762492   0.937989   0.642373   0.936808   0.541961 0.502524
  0.500522   0.949073    0.51688   0.947463   0.531027   0.946268   0.945433   0.751475   0.944563   0.632039   0.944093   0.528844 0.520057
  0.501751   0.952042   0.517904   0.952107   0.532445   0.952751   0.949778   0.743876   0.951282   0.626675   0.953472   0.521429 0.580726
  0.502491   0.954719   0.518109   0.956768   0.531875   0.961958   0.953663   0.739692   0.957953   0.627257   0.966564   0.529655 0.621229
  0.502562    0.95721   0.517356   0.961318    0.52901    0.96814   0.957225    0.74028   0.964383   0.634745   0.975139   0.553193 0.603495
  0.502182   0.959647   0.515624   0.965649   0.526233   0.972057   0.960672   0.744122   0.970414   0.649236   0.980488   0.575087 0.619706
  0.501679   0.962153   0.513095   0.969678   0.522837   0.977015   0.964205    0.74889   0.975944   0.669376   0.987269   0.601933 0.564737
  0.501146   0.964668   0.509971   0.973324    0.51877   0.981937   0.967748   0.753872   0.980875   0.693673   0.993938   0.633636 0.502541
  0.499885   0.968796   0.506445   0.976517   0.513243   0.984663   0.973531    0.76486   0.985126    0.72068   0.997348   0.674959 0.441318
  0.497949   0.972559    0.50265   0.979309    0.50656   0.984521   0.978733   0.780583    0.98878   0.749459   0.996561     0.7234 0.334354
  0.495964   0.977084   0.498677   0.981833   0.499912   0.983656   0.985019   0.796992   0.992035   0.779416   0.994745   0.771262 0.309278
  0.494614   0.984222   0.494614   0.984222   0.494614   0.984222   0.995091   0.809961   0.995091   0.809961   0.995091   0.809961 0
