57
  0.157053  0.0122257   0.157053  0.0122257   0.157053  0.0122257 -0.00354712   0.607828 -0.00354712   0.607828 -0.00354712   0.607828 0
  0.151894   0.018669   0.158117  0.0192242   0.167433  0.0181805  0.0113089   0.805056  0.0144354   0.597826   0.014377   0.280747 0.784678
  0.149039  0.0275151   0.159154  0.0262287   0.171054  0.0250706  0.0328757   0.933621  0.0324253   0.588786  0.0327936   0.184361 1
  0.149639  0.0352254    0.16025  0.0332221   0.172188  0.0309767  0.0525284   0.941863  0.0504038   0.577676  0.0480345   0.168001 1
  0.149965   0.041865   0.161348  0.0402174   0.173544  0.0383009  0.0693996   0.955343  0.0683874   0.566528  0.0669208   0.149387 0.992583
  0.150907  0.0493811   0.162564  0.0471903   0.174336  0.0451431  0.0886561   0.951364  0.0863471   0.551337   0.084433    0.14795 0.980948
  0.151907  0.0554291   0.163801  0.0541617    0.17548  0.0526552   0.104218   0.940036   0.104309   0.535432   0.103735   0.137177 0.948869
  0.152818  0.0621919   0.164723  0.0611839   0.176418  0.0595319   0.121563   0.934322   0.122312   0.530283   0.121375   0.130965 0.924817
  0.153669  0.0693228   0.165769  0.0681693    0.17742  0.0663305   0.139821   0.931957   0.140256   0.520847   0.138835   0.122305 0.898157
  0.154314  0.0767887   0.167321  0.0751019   0.178601  0.0731061   0.158869    0.93778   0.158207   0.494194   0.156286   0.107568 0.844901
  0.155363  0.0837411   0.167668  0.0821695   0.179449  0.0806317    0.17673   0.928125   0.176165    0.50859   0.175541   0.106774 0.841002
  0.156122  0.0909985   0.168278  0.0892131   0.180391  0.0870403   0.195282   0.929335   0.194136   0.514027   0.191999  0.0987172 0.813115
  0.156993  0.0976311   0.169353  0.0962142   0.181767  0.0934529   0.212287   0.924475   0.212128   0.503645   0.208587  0.0760815 0.805931
  0.157814   0.104386   0.170414   0.103213   0.182647   0.100894   0.229586   0.921771    0.23011   0.493779   0.227636  0.0738808 0.805192
  0.158419   0.111705    0.17166   0.110179     0.1835   0.107614   0.248252   0.928376   0.248062   0.477535   0.244857  0.0699488 0.736452
  0.159133   0.118661   0.173142   0.117105   0.184221   0.114817   0.266029   0.929999   0.265977   0.453219    0.26326  0.0722631 0.672415
  0.159684   0.126189   0.174759   0.123995   0.184778   0.122267   0.285208   0.939222   0.283837   0.424241   0.282243  0.0809656 0.664895
  0.160386   0.132975   0.176266   0.130911   0.185617    0.12961   0.302554   0.940615   0.301734   0.399023   0.301036  0.0798088 0.627708
  0.160942   0.139907   0.177518    0.13788   0.186148   0.137213   0.320227   0.947428   0.319695   0.382602   0.320397  0.0899779 0.613448
  0.162126   0.146288   0.178472   0.144895   0.186906   0.143917    0.33668   0.931133   0.337686   0.376371   0.337552  0.0891644 0.558652
  0.162861   0.153887   0.179038   0.151952   0.187612   0.150869    0.35609   0.934431    0.35568   0.383353   0.355316  0.0910397 0.577491
  0.163804   0.160131   0.179221   0.159029   0.188322   0.157888   0.372133   0.925707   0.373616   0.403256   0.373252  0.0930463 0.573491
  0.164303   0.167563   0.179137   0.166108   0.189077   0.164618   0.391054   0.936318   0.391485   0.432161   0.390471  0.0924266 0.576435
  0.164966   0.174553   0.179187   0.173188   0.189852   0.171164   0.408904   0.939767   0.409392   0.456555    0.40723  0.0904929 0.54516
  0.165632   0.181601   0.179835   0.180238    0.19004   0.179626   0.426901   0.943332   0.427389   0.460751   0.428668   0.115345 0.508035
  0.166234   0.188925   0.180653   0.187269   0.190791   0.186162   0.445579   0.950083   0.445386   0.459133   0.445394   0.114173 0.508115
  0.166982   0.196064   0.181872   0.194246   0.191565   0.193536   0.463827   0.951231   0.463356   0.443861   0.464246   0.115314 0.518225
  0.167656   0.203128   0.182336   0.201303   0.191858   0.201372   0.481868   0.954589   0.481321   0.454242   0.484131   0.134325 0.536375
  0.168443    0.21045   0.182832   0.208372   0.192482   0.208414   0.500592   0.955102   0.499324   0.463617   0.502101   0.139285 0.496648
  0.169433   0.216715   0.183314   0.215429   0.193168   0.215174     0.5167   0.944903   0.517292   0.473418   0.519376   0.141137 0.457663
  0.170178   0.223805   0.183381   0.222512   0.193589   0.222797   0.534824   0.945978   0.535212   0.497238    0.53876   0.155054 0.458592
  0.171055   0.230869   0.183912    0.22957   0.194309   0.229468   0.552922   0.942506   0.553196   0.505392   0.555818   0.155421 0.423403
  0.171922   0.237683   0.184444   0.236629   0.194944   0.236632   0.570382   0.938444   0.571185   0.513507   0.574101   0.160462 0.395115
  0.172896   0.244533   0.184318   0.243711   0.195684   0.243434   0.587963   0.930933   0.589049    0.54385   0.591497   0.160653 0.439317
  0.173603   0.251906   0.184519   0.250784   0.196416   0.250311   0.606795   0.934332   0.606981   0.563141    0.60908    0.16135 0.415877
  0.174661   0.258404   0.185344   0.257813   0.197255    0.25717    0.62351   0.922701   0.624974   0.561284   0.626647   0.158434 0.444234
  0.175518    0.26533   0.186096   0.264858   0.198113   0.263712   0.641252   0.919378   0.642987   0.561959   0.643419   0.153678 0.434066
  0.176306   0.272601   0.187062   0.271864   0.199115   0.270031   0.659847   0.919673   0.660961   0.555274   0.659668   0.143242 0.426063
  0.176931    0.28023   0.188437   0.278813   0.199942   0.277158     0.6793   0.926763   0.678906   0.534644   0.677907   0.141703 0.432234
  0.177919   0.286506    0.18934   0.285833   0.200587   0.284376   0.695436   0.916663   0.696899   0.530145   0.696329   0.146611 0.448806
   0.17878   0.293344   0.189638   0.292908   0.201268   0.291615   0.712958   0.912898    0.71486     0.5462   0.714814   0.150386 0.448677
  0.179456   0.300835   0.189587   0.299984   0.202042   0.298567   0.732076   0.917754   0.732731   0.573996   0.732598   0.149975 0.454212
  0.180221   0.307936   0.189488   0.307069   0.202927   0.305013   0.750234    0.91819   0.750608   0.603426   0.749134   0.143963 0.434877
  0.180974   0.315119    0.19001   0.314125   0.203609   0.312052   0.768596   0.919361   0.768586   0.611853   0.767115   0.146946 0.45498
  0.181752   0.322279   0.191357   0.321074   0.204393   0.318909   0.786909   0.919566   0.786522   0.592165    0.78466   0.145852 0.4683
  0.182446   0.329841   0.192882   0.327988   0.204954    0.32612   0.806211   0.924097   0.804419   0.566349   0.803041   0.153566 0.431463
  0.183148   0.337286   0.194165   0.334951   0.205705   0.333067   0.825224   0.927916   0.822371   0.548869   0.820807   0.153906 0.407357
  0.184056   0.344061   0.195373   0.341926   0.206305   0.340221   0.842598   0.922351   0.840336    0.53394   0.839052   0.160083 0.406425
  0.185011   0.350939   0.196438   0.348926   0.206904   0.347511   0.860245   0.915558   0.858321   0.523904   0.857644   0.166797 0.346712
  0.186004   0.357575   0.197417   0.355937   0.207626   0.354331   0.877293    0.90661   0.876312   0.516832    0.87508   0.167645 0.374888
  0.187188   0.363438   0.198303   0.362961   0.207822   0.361081   0.892438   0.888427    0.89431   0.512906   0.892194   0.185914 0.314977
  0.187938   0.370758   0.199117   0.369994     0.2082   0.367937   0.911145   0.890167    0.91231   0.511462   0.909626   0.198456 0.355989
  0.188504   0.378788   0.199872   0.377033   0.207987   0.376077   0.931595   0.900724    0.93031   0.512003   0.930141   0.235599 0.354368
   0.18896   0.384929    0.20058   0.384077   0.207875   0.383269   0.947242   0.907998   0.948309   0.514136   0.948286   0.265869 0.337275
  0.189863   0.392395   0.201257   0.391125   0.207655   0.391806   0.966364    0.90515   0.966307   0.517325     0.9698   0.304708 0.276274
  0.192645   0.398816   0.201917   0.398174   0.206759   0.397497   0.983363   0.835247   0.984305    0.52113   0.983936   0.355802 0.300006
  0.202572   0.405223   0.202572   0.405223   0.202572   0.405223     1.0023   0.525075     1.0023   0.525075     1.0023   0.525075 0
