138
  0.183604    0.43589   0.183604    0.43589   0.183604    0.43589 0.000694275  0.0521667 0.000694275  0.0521667 0.000694275  0.0521667 0
  0.179843   0.437906   0.181974   0.440042   0.185268    0.44085 0.00413952   0.105412  0.0081985  0.0768915 0.00990069  0.0315756 0.733055
  0.175102   0.441598   0.180192   0.444104   0.184272   0.445975  0.0105948   0.173099  0.0155286   0.103686  0.0192311  0.0479876 0.979828
  0.172463   0.444319   0.178106   0.447988   0.182249   0.450743   0.015408   0.211104   0.022511   0.134612  0.0278405  0.0784745 0.998977
  0.169671   0.447306   0.175649   0.451652   0.180222   0.455234  0.0206983   0.251377  0.0290662   0.170571  0.0359403   0.108887 0.984577
  0.167142   0.450076   0.172944   0.455162   0.178488   0.458735  0.0256094   0.287885  0.0353233   0.209891  0.0422431   0.134727 0.975192
  0.164435   0.452915   0.170139   0.458599    0.17626     0.4627  0.0306352   0.326901  0.0414384   0.250574  0.0493669   0.167658 0.962597
  0.161273   0.456502   0.167345   0.462033     0.1737   0.467164  0.0370019   0.372613  0.0475493   0.291092  0.0573815   0.205455 0.978645
  0.158197   0.460687   0.164632   0.465524   0.171693   0.470973  0.0444707   0.417432  0.0537704    0.33052  0.0642327   0.235247 0.974181
  0.156009   0.463916   0.162063   0.469129   0.169724   0.474347  0.0502464   0.449431  0.0602083   0.368011  0.0702877   0.264276 0.966117
  0.153291    0.46772   0.159658   0.472855   0.167683   0.477556  0.0570416   0.489087  0.0668807    0.40328  0.0760356   0.294234 0.960131
  0.150128   0.472453   0.157407   0.476677   0.165116   0.481337  0.0655079   0.535397  0.0737394   0.436461  0.0827985   0.331789 0.942591
  0.146982   0.477038   0.155296   0.480569   0.162168    0.48536  0.0737075   0.581379  0.0807357   0.467734  0.0899783   0.374743 0.958721
  0.144425   0.481191   0.153292   0.484513   0.160161   0.488288  0.0811518   0.618971  0.0878334   0.497543  0.0952134   0.404089 0.935411
  0.142228   0.484827   0.151355   0.488492   0.158077   0.491447  0.0876722   0.651313   0.095001   0.526441   0.100868   0.434617 0.957643
  0.140035   0.488558   0.149448   0.492491   0.156158   0.495364  0.0943679    0.68365   0.102207   0.554941   0.107922   0.463237 0.971557
  0.138133   0.491835   0.147544   0.496494   0.154191   0.499801    0.10025   0.711706    0.10942   0.583392   0.115927   0.492782 0.976381
  0.136266   0.496243   0.145621   0.500484   0.152323    0.50403    0.10821   0.739846   0.116608   0.612106   0.123558   0.520854 0.986043
  0.133795   0.501209    0.14367   0.504455   0.150597   0.507919    0.11715   0.776662   0.123761   0.641204   0.130574   0.546776 0.982935
  0.131687   0.505444    0.14171   0.508424     0.1491   0.511578   0.124775   0.808063   0.130908   0.670409   0.137183   0.569404 0.984614
  0.130054   0.508842   0.139768   0.512408   0.147854     0.5155   0.130898   0.832457   0.138083   0.699386   0.144292   0.588677 0.981265
  0.128623   0.513002   0.137894   0.516428     0.1464   0.519373    0.13843   0.854411    0.14533   0.727426   0.151298   0.610823 0.956726
  0.127213   0.517788   0.136174   0.520509   0.145178    0.52292   0.147113   0.876403     0.1527   0.753373   0.157719    0.62958 0.968626
    0.1262   0.522021   0.134689   0.524676   0.144216   0.526908   0.154808   0.892603   0.160242   0.776088   0.164969   0.644947 0.961689
  0.125144   0.526085   0.133481   0.528931   0.143428   0.530845    0.16219   0.909312   0.167963   0.795003   0.172135   0.657873 0.95764
  0.124097   0.530209   0.132562   0.533261   0.142654   0.534734   0.169681   0.925933   0.175841   0.809954   0.179215   0.670573 0.963129
  0.123188   0.534641   0.131932    0.53765   0.142044   0.538574   0.177747   0.940792   0.183847    0.82091   0.186215   0.680986 0.928168
  0.122457    0.53948   0.131536   0.542072    0.14141   0.542224   0.186572   0.953379    0.19193   0.828638   0.192867   0.691635 0.959634
  0.121847   0.544506   0.131294   0.546497   0.140859    0.54594   0.195748   0.964384   0.200029    0.83423   0.199645   0.701155 0.944162
  0.121414   0.550174   0.131142   0.550906   0.140541   0.550294   0.206112   0.973263   0.208102   0.838569   0.207607    0.70776 0.95048
  0.121415    0.55686    0.13107   0.555317     0.1403   0.555075   0.218372   0.976615   0.216186   0.841798   0.216358   0.713529 0.941461
  0.121907   0.562367    0.13108   0.559758   0.140163   0.560081   0.228503   0.972572   0.224331   0.843888   0.225528   0.717954 0.909608
  0.122627   0.567087   0.131253    0.56422   0.140491   0.564394   0.237206   0.964954   0.232524   0.843737   0.233458   0.715572 0.890398
  0.123517   0.571277   0.131817   0.568614   0.141302   0.568094   0.244948   0.954713   0.240618    0.83813   0.240298   0.706186 0.864166
  0.124418   0.575193   0.133006   0.572847   0.142107   0.571832    0.25219   0.944174    0.24846   0.823751   0.247204   0.696895 0.873374
  0.125567   0.579661   0.134757   0.576922   0.142906   0.575571    0.26046   0.930483   0.256049   0.801505   0.254115   0.687689 0.87732
  0.127021   0.583715   0.136659   0.580949   0.144091   0.579382   0.267991   0.912336   0.263559   0.777122   0.261183   0.673154 0.872401
  0.128634   0.587772   0.138315   0.585036   0.145636   0.583151   0.275536   0.891982   0.271165   0.756201   0.268195   0.653601 0.874065
  0.130387   0.592012   0.139666   0.589216   0.147193   0.586836   0.283428   0.869793   0.278919   0.739545   0.275056   0.633848 0.860989
  0.132259    0.59635   0.140887   0.593464   0.148383   0.590103   0.291507   0.845982    0.28679   0.724741   0.281127    0.61897 0.840758
  0.134601   0.601114   0.142159   0.597742   0.149762   0.593506   0.300399   0.815879    0.29472   0.709236   0.287459   0.601549 0.850843
  0.136723   0.605292     0.1437   0.601912   0.151247    0.59709   0.308203   0.788522   0.302469    0.68995    0.29413   0.582737 0.809708
  0.139021   0.609564   0.145739   0.605799   0.152903   0.600815   0.316188   0.758778   0.309733   0.663603   0.301071    0.56163 0.803203
  0.141743   0.614149   0.148394   0.609305   0.154557   0.604405   0.324777    0.72329   0.316337   0.628507   0.307764   0.540466 0.78852
  0.144268   0.617765   0.151412   0.612582   0.156715   0.608066   0.331577   0.690068   0.322549   0.588261   0.314621   0.512358 0.78638
  0.146361   0.620691   0.154463   0.615839   0.159216   0.611659   0.337081   0.662483   0.328724    0.54755   0.321376   0.479452 0.790708
  0.148515    0.62368   0.157343   0.619204    0.16132   0.614861   0.342706   0.634079   0.335086   0.509253   0.327388   0.451847 0.805566
  0.151536   0.627388   0.160088   0.622658   0.163734   0.618358   0.349706   0.594005   0.341603   0.472889   0.333961   0.420097 0.752369
  0.154518   0.631132   0.162757    0.62617   0.166678   0.622365    0.35677   0.554504    0.34822   0.437613   0.341505   0.381251 0.757828
  0.157525   0.634896   0.165405   0.629707   0.169826   0.626414   0.363872   0.514652   0.354883   0.402633    0.34914   0.339584 0.755221
  0.160707   0.638625   0.168084   0.633242   0.173125   0.630328   0.370923   0.472348   0.361543   0.367215   0.356536   0.295754 0.708041
  0.163485   0.641846   0.170831   0.636751   0.176424    0.63442   0.377013   0.435403   0.368161   0.330849   0.364258   0.252022 0.740355
  0.166055   0.645303   0.173508   0.640305   0.179271   0.638455   0.383525   0.401477   0.374856   0.295481   0.371848   0.214528 0.706589
  0.168531   0.649223   0.175866   0.644029   0.181982   0.642634   0.390877   0.369079   0.381842   0.264619   0.379692      0.179 0.80148
  0.170706   0.652997   0.177711   0.648021   0.184329   0.646619   0.397943    0.34078   0.389286   0.241008   0.387156   0.148426 0.733834
  0.172623   0.656784   0.179172   0.652209   0.186177   0.650192   0.405015   0.316075   0.397062   0.222841   0.393831   0.124576 0.734192
  0.174074    0.66027   0.180491   0.656458   0.188019   0.653938   0.411504   0.297687   0.404942   0.206673   0.400822   0.100893 0.766446
  0.175397   0.663053   0.181843   0.660675   0.189961   0.658054   0.416695   0.280724   0.412763   0.190029     0.4085  0.0760038 0.736145
  0.176288   0.666169   0.183188    0.66488   0.191415   0.662068   0.422468   0.269924   0.420564   0.173481   0.415957  0.0578429 0.727811
  0.177188   0.669548   0.184443    0.66912    0.19236   0.665616   0.428725   0.259136   0.428423   0.158195   0.422524  0.0465094 0.746872
  0.177734     0.6734   0.185561   0.673416   0.193291   0.669293   0.435825   0.253498   0.436375   0.144846    0.42933  0.0354389 0.709752
  0.178225   0.677433   0.186554   0.677742   0.193851   0.674139   0.443252   0.248716   0.444374   0.133242   0.438253  0.0301107 0.685192
  0.178516   0.681821    0.18744   0.682073   0.194136   0.679767   0.451318   0.246884   0.452374   0.123122   0.448592  0.0289904 0.745394
  0.178715   0.686418   0.188213    0.68641   0.194088   0.685578    0.45976   0.246442   0.460378   0.114575   0.459245   0.032596 0.711198
  0.178892   0.691114   0.188842   0.690787   0.193867   0.691148   0.468383   0.246359   0.468446   0.108051   0.469443   0.038461 0.708011
  0.178915   0.695746   0.189283   0.695232   0.193841   0.697388   0.476878   0.248375   0.476626   0.104172   0.480884  0.0419766 0.733995
   0.17862   0.699734   0.189371   0.699691    0.19351   0.702983   0.484172   0.254483   0.484809   0.105197   0.491122  0.0493993 0.695961
  0.177969   0.702676   0.188869   0.704062   0.192552   0.707264   0.489523   0.265002   0.492791   0.114371   0.498907  0.0648624 0.697404
  0.177049   0.705319   0.187595   0.708254   0.191122   0.710869   0.494308   0.279108   0.500393    0.13418   0.505422  0.0865255 0.699692
  0.175905   0.708061    0.18567   0.712246   0.189574   0.714365   0.499259    0.29638   0.507584   0.162916    0.51173   0.109779 0.694538
  0.174549   0.710771    0.18332   0.716039   0.187618   0.717509   0.504139   0.316572   0.514384   0.197451   0.517365   0.138524 0.70458
  0.172416    0.71407   0.180713   0.719628   0.185613   0.720597   0.510046   0.347852   0.520791    0.23546   0.522893   0.167921 0.684322
  0.170074   0.717621   0.177844   0.722982    0.18245   0.725002   0.516402   0.382155    0.52675    0.27699    0.53076   0.214054 0.647703
  0.167873   0.720638   0.174678   0.726069   0.178567   0.729294   0.521787   0.414234   0.532199   0.322503   0.538372   0.270131 0.708075
   0.16547   0.723266   0.171287    0.72895   0.175463    0.73273   0.526445   0.448934   0.537257   0.371034   0.544466   0.314961 0.637928
  0.161956   0.727335   0.167921    0.73185   0.172344   0.735909   0.533673   0.499763    0.54235   0.419234   0.550087   0.359868 0.615748
  0.158488   0.731848   0.164836   0.734999   0.169223   0.739343   0.541717    0.55019   0.547918   0.463653   0.556177   0.404938 0.669183
  0.156183   0.734934   0.162093   0.738449   0.166371   0.742611   0.547223   0.583746   0.554062   0.503474   0.561979   0.446177 0.655741
  0.154262   0.737606   0.159561   0.742082   0.163966   0.745169   0.551994   0.611764   0.560555   0.540455   0.566509   0.480856 0.692251
  0.151272   0.740704   0.157115   0.745782   0.161641   0.748349   0.557476   0.654852   0.567176   0.576279   0.572186   0.514749 0.649474
  0.147704   0.745048   0.154757   0.749534   0.159124   0.752326   0.565204   0.706577   0.573899   0.610916    0.57931   0.551692 0.681452
  0.145317   0.749571    0.15256   0.753379   0.157537   0.755691   0.573339   0.741993   0.580803   0.643355   0.585375   0.575419 0.696921
  0.143261   0.754449     0.1506   0.757353   0.156272   0.758921   0.582146      0.773    0.58796    0.67258   0.591213   0.594615 0.684888
  0.141613   0.759292   0.148947   0.761458   0.155066   0.762463   0.590917   0.798325   0.595378   0.697599   0.597628   0.613145 0.687017
  0.140194   0.763594   0.147672   0.765688   0.154018   0.766071    0.59871   0.820201   0.603048   0.717425   0.604174   0.629522 0.709417
   0.13909   0.768147   0.146811   0.770025   0.153316    0.76992   0.606985   0.837819   0.610943   0.731578   0.611186   0.641211 0.667863
  0.138248   0.773001   0.146293   0.774432   0.152845   0.774147    0.61583   0.851962   0.618991   0.740987   0.618904   0.649873 0.634226
  0.137604   0.778884   0.146036    0.77887   0.152439   0.778785   0.626575   0.863876   0.627112   0.746802   0.627382   0.657851 0.688886
  0.137648    0.78552   0.146037   0.783302   0.152407   0.783862   0.638748   0.866604   0.635238   0.749015   0.636691   0.660866 0.718434
  0.138432   0.791136    0.14643   0.787697   0.152894   0.788051   0.649098   0.858555   0.643324   0.745784   0.644404   0.656216 0.657421
  0.139593   0.795802   0.147353   0.792024   0.153635   0.791102    0.65773   0.844788    0.65132   0.735147   0.650048   0.647462 0.697538
  0.141506   0.800762   0.148886    0.79619   0.154728   0.794368   0.666952   0.820737   0.659061    0.71597   0.656108   0.633945 0.672374
  0.143433   0.804603   0.151049   0.800047    0.15626   0.797823   0.674125   0.795924   0.666277   0.687877   0.662547   0.614406 0.637845
  0.145778   0.807375   0.153834   0.803475   0.158344   0.801357   0.679364   0.764761    0.67275   0.650949   0.669166   0.587268 0.695371
  0.148004   0.810259   0.156961   0.806642   0.160635    0.80438     0.6848   0.735309   0.678765   0.609123   0.674862   0.556979 0.659272
  0.150363   0.813071   0.160011   0.809865   0.163194   0.807121   0.690115    0.70398   0.684879   0.568411   0.680058   0.522834 0.662609
  0.153288   0.817112   0.162631   0.813407   0.166389    0.81043   0.697718   0.665401   0.691548   0.533828   0.686339   0.480144 0.695118
  0.157114   0.821368   0.164811   0.817248   0.169445   0.813571   0.705779   0.614434   0.698736   0.505489   0.692302   0.439299 0.734731
  0.160238   0.825554   0.166647   0.821284   0.172636   0.817605   0.713661   0.573166    0.70626   0.482044   0.699912   0.397038 0.678922
  0.162596    0.82922   0.168246   0.825421   0.175658   0.822332   0.720542   0.542283   0.713952   0.461923   0.708782    0.35746 0.711664
  0.163981   0.832493   0.169761   0.829588   0.177944   0.826949   0.726635   0.524706   0.721694   0.442994     0.7174   0.328051 0.633615
  0.165068   0.836068   0.171346   0.833722   0.179374   0.831042   0.733263   0.511422    0.72938    0.42307      0.725   0.310259 0.623689
  0.166328   0.839347   0.173017   0.837816    0.18037   0.835292   0.739359   0.495582   0.736998   0.401942   0.732861   0.298579 0.640675
  0.167096     0.8428   0.174577   0.841951   0.181439   0.839785   0.745744   0.486661   0.744685   0.382368   0.741171      0.286 0.602312
  0.167397   0.847316   0.175817   0.846212   0.182409   0.844285   0.754044   0.484753    0.75258   0.367297   0.749487    0.27481 0.612738
  0.168151   0.851087   0.176591   0.850594   0.183085   0.849654    0.76101   0.476188   0.760668   0.358765   0.759376   0.268126 0.630952
  0.168733   0.854322   0.176806   0.855018   0.183453   0.855349    0.76698   0.469747   0.768794   0.358016   0.769845   0.265894 0.561017
  0.168088   0.858389   0.176385   0.859404    0.18282   0.860969   0.774394   0.480755   0.776809   0.366071   0.780108   0.277515 0.580178
  0.166608   0.862123    0.17537   0.863701   0.181511   0.865711   0.781144    0.50319   0.784621   0.382328   0.788715   0.298084 0.608675
  0.164965   0.866092   0.173863   0.867874   0.179623   0.870051   0.788311   0.528003   0.792171   0.405355   0.796549   0.326486 0.625565
  0.163334   0.869367   0.171945   0.871877   0.177223   0.874062   0.794209   0.552288   0.799385   0.434002   0.803742   0.361834 0.593409
  0.161502   0.872424   0.169604   0.875635   0.174382   0.877982   0.799692   0.579275    0.80612   0.468408   0.810742   0.403258 0.517486
   0.15948   0.876064   0.166799   0.879061   0.171339   0.881582   0.806232   0.609174   0.812215   0.509071   0.817139   0.447319 0.553312
  0.157361   0.879325    0.16363   0.882193   0.168559    0.88489    0.81207   0.640246   0.817747   0.554657   0.823021   0.487577 0.538358
   0.15577   0.882435   0.160531   0.885373   0.165864   0.888153   0.817667   0.663904   0.823372   0.599289   0.828824   0.526647 0.408937
  0.153484   0.885798   0.157987   0.888986   0.164263   0.890636   0.823681   0.697339   0.829827    0.63643   0.833272   0.550123 0.457715
  0.151754   0.890063   0.156372   0.893124   0.163193   0.893214   0.831387   0.723502   0.837308   0.660944   0.837927    0.56628 0.524783
  0.150856   0.895625   0.155901   0.897471    0.16249   0.896746   0.841527   0.738779   0.845247   0.669674   0.844356   0.577827 0.531923
   0.15099   0.902137   0.156753   0.901691   0.162342   0.901472   0.853477   0.740206   0.853042   0.659969   0.853013   0.582264 0.518558
  0.152028   0.908631   0.158683   0.905684   0.162871   0.905803   0.865452   0.729073   0.860493   0.635188    0.86099   0.577105 0.582977
  0.153911    0.91269   0.161094   0.909545   0.164403   0.909387   0.873021   0.704981   0.867733    0.60367   0.867665   0.557639 0.366234
  0.155531   0.916023   0.163423   0.913371   0.167137   0.913327   0.879241   0.684167   0.874905   0.573254   0.875072   0.521672 0.476331
  0.157828   0.920284   0.165488   0.917242   0.170016   0.916755   0.887208   0.654423    0.88214   0.546543   0.881548   0.483437 0.574418
  0.160074   0.923022   0.167283   0.921228    0.17254   0.920096   0.892379   0.624623   0.889568   0.523633   0.887842   0.450073 0.590188
  0.161427   0.926049   0.168789   0.925381   0.174868   0.924466   0.898019   0.607367   0.897284   0.504815   0.896012   0.419963 0.634717
  0.162473   0.929601    0.16992   0.929682   0.176533   0.929509   0.904601   0.594641   0.905246   0.491283    0.90537   0.399383 0.681578
  0.163313   0.933823   0.170571   0.934092   0.177016   0.935156     0.9124   0.585107   0.913376   0.484477   0.915756   0.395532 0.572518
  0.163365   0.938654   0.170642   0.938546   0.176395   0.940403   0.921262   0.586822   0.921549   0.485738   0.925337   0.406801 0.459021
  0.162664   0.943332   0.170048   0.942921   0.175002   0.945367   0.929792    0.59891   0.929532   0.496185   0.934347   0.428642 0.432052
  0.162025   0.947262   0.168712   0.947088   0.172995   0.949414   0.936956   0.609761   0.937083   0.516841   0.941634   0.458544 0.410886
   0.16082   0.949948   0.166761   0.951041   0.170766   0.952916   0.941801   0.627855   0.944202   0.545926   0.947906   0.491259 0.428628
  0.158715   0.952469   0.164599   0.954942   0.168033   0.956241   0.946284   0.658348   0.951211   0.577903   0.953821   0.530882 0.420901
  0.156721   0.956113    0.16264   0.958955   0.165713   0.959822   0.952833   0.687875   0.958438   0.607121   0.960234   0.564903 0.501991
  0.155716   0.961311    0.16113   0.963129   0.164086   0.964043   0.962297   0.704445   0.965993   0.630196   0.967866   0.589622 0.502751
  0.155137   0.967533   0.160182   0.967426   0.163211   0.967695   0.973668    0.71563   0.973808   0.645532   0.974503   0.603615 0.390757
  0.155438   0.972225   0.159875   0.971803   0.163039   0.971815   0.982292   0.713808   0.981814   0.651996   0.982048   0.608079 0.443538
  0.157208   0.977556   0.160065    0.97623   0.162765     0.9767   0.992186   0.691931   0.989945   0.651597   0.990986   0.614352 0.423771
  0.160503   0.980683   0.160503   0.980683   0.160503   0.980683   0.998139   0.647762   0.998139   0.647762   0.998139   0.647762 0.257361
