12
  0.848403   0.844051   0.848403   0.844051   0.848403   0.844051 -0.00248411   0.869272 -0.00248411   0.869272 -0.00248411   0.869272 0
  0.848268   0.851804   0.852437   0.849832   0.855831   0.845082    0.10744   0.923231  0.0891111   0.750809  0.0294778   0.590631 0.841781
  0.850799   0.858285   0.858501   0.853815   0.862418   0.851222    0.20548   0.866848   0.159868   0.543045   0.132118   0.376369 1
  0.853587   0.863302   0.861229   0.859625     0.8658   0.855801   0.283301   0.791378   0.248817   0.474866   0.205106   0.275354 1
  0.857345   0.869675   0.863789   0.866181   0.870753   0.863838   0.382668   0.687204   0.347999   0.417844   0.330908   0.135773 1
  0.858825   0.874104   0.865366   0.872975   0.872814   0.870017   0.449081   0.658219   0.448267   0.400008   0.423561  0.0955154 1
  0.859889   0.879763   0.866584   0.879878   0.873473   0.878642   0.532026   0.652994   0.549255   0.396691   0.547727   0.124454 0.998038
  0.860469   0.886477   0.866678   0.886903   0.873031   0.887696   0.628826   0.672928   0.649347    0.43727   0.675426   0.198358 0.908837
  0.859936   0.892609   0.866304   0.893891   0.871519   0.894701   0.714781   0.731953   0.747828   0.495567   0.771502   0.300492 0.871423
  0.858856   0.899896   0.864389   0.900643   0.868398   0.902771   0.815859   0.819269   0.839367   0.611533   0.878965   0.471042 0.824537
   0.85756   0.906443   0.861659   0.907101   0.864419   0.908604   0.905925   0.910189   0.924835   0.756978   0.952627   0.660486 0.736811
  0.858671   0.913448   0.858671   0.913448   0.858671   0.913448    1.00811   0.911614    1.00811   0.911614    1.00811   0.911614 0
