18
  0.897463   0.942946   0.897463   0.942946   0.897463   0.942946  0.0361097   0.173503  0.0361097   0.173503  0.0361097   0.173503 0
  0.894292   0.951654   0.900458   0.946707   0.906983   0.940878  0.0278397   0.405576  0.0897201   0.243071   0.152942  0.0567834 0.841712
  0.894421   0.956026    0.90353   0.950431   0.912974   0.943932  0.0462311       0.51    0.14421   0.311185   0.243123  0.0882562 0.963574
  0.895578   0.961572   0.905778   0.954706   0.916231   0.947687  0.0825859   0.635496   0.190001   0.398405   0.300143    0.15584 0.941975
  0.898351   0.966945   0.908784   0.958306    0.91789   0.950273   0.139463    0.74545   0.243147   0.464014   0.331766   0.206468 0.941969
  0.902454   0.972126   0.912146   0.961763   0.919961   0.952953   0.213021   0.841458   0.300414   0.523665    0.36914   0.256488 0.927214
  0.907839   0.976183    0.91572   0.964954   0.922194    0.95505   0.299083   0.901369   0.359436   0.575441   0.406416   0.291337 0.891221
  0.913543   0.979407   0.919841   0.967457   0.923968   0.956247   0.386153   0.938956   0.423005   0.606774   0.434242   0.307691 0.835434
  0.919773   0.981315   0.924238   0.969409    0.92734   0.958085   0.475066   0.941143   0.488077   0.622917   0.485441   0.328286 0.834369
  0.926214   0.982539   0.928706   0.971198   0.930555   0.959036   0.564143   0.925375    0.55346   0.634624   0.531202   0.328618 0.8306
  0.934685   0.981987   0.933447   0.972023   0.932857   0.960102   0.673037   0.852548   0.618732   0.621172   0.565449   0.338122 0.82222
   0.94141   0.979292   0.938248   0.971682   0.935919   0.961251   0.750849   0.740357   0.680339   0.579238   0.609956   0.344288 0.798172
  0.944798   0.976454   0.942832   0.970231   0.940055   0.961262   0.784403   0.648177   0.734861   0.512053   0.664197    0.31548 0.806931
  0.950771   0.972351    0.94697   0.967779   0.942646   0.960578   0.846987   0.507334   0.779714   0.423901   0.695525   0.280802 0.749083
   0.95357   0.969774   0.950994   0.965103   0.947827   0.958665   0.873808   0.425582   0.822202   0.331158   0.756106   0.198307 0.706954
   0.95763   0.967603   0.955519    0.96358   0.953773   0.957116   0.918708   0.344754   0.875686   0.262661   0.828099   0.119186 0.595757
   0.96128   0.965046   0.960212   0.962503   0.958288   0.956341   0.956777   0.257505   0.933051   0.203732     0.8843  0.0687858 0.389786
  0.964705   0.960739   0.964705   0.960739   0.964705   0.960739   0.985184   0.129671   0.985184   0.129671   0.985184   0.129671 0
