62
 0.0283434  0.0171724  0.0283434  0.0171724  0.0283434  0.0171724 -0.00107369   0.554034 -0.00107369   0.554034 -0.00107369   0.554034 0
 0.0231121  0.0206754  0.0282819  0.0225923  0.0355088  0.0225295 0.00896955   0.727749  0.0153792   0.562604  0.0160108    0.32842 0.860946
 0.0183716  0.0280177  0.0281162  0.0280075  0.0378664  0.0278109  0.0307284   0.890219  0.0318061   0.574542  0.0323183   0.258455 1
 0.0178977   0.033768  0.0280627  0.0334269  0.0385404  0.0334917  0.0481377   0.912551  0.0482581   0.582853   0.049647   0.243515 1
 0.0176163  0.0394501   0.028435  0.0388323  0.0388392   0.037663  0.0653619   0.928561  0.0647164   0.577351  0.0623491     0.2389 1
 0.0179034  0.0446496   0.029025  0.0442204  0.0394093  0.0429206  0.0811852    0.92557   0.081147   0.564776  0.0783809   0.226812 1
 0.0182523  0.0499445  0.0291912  0.0496412  0.0399745  0.0480105   0.097305   0.920694  0.0976284    0.56597  0.0939029   0.214679 1
 0.0182542  0.0562606  0.0296495  0.0550349  0.0403565  0.0537195   0.116487   0.928296   0.114061    0.55767   0.111284    0.20923 1
  0.017901  0.0615311  0.0301565  0.0604307  0.0409432  0.0588198   0.132453   0.946131   0.130505   0.547792    0.12684   0.196415 1
  0.018236  0.0670734  0.0302746  0.0658448  0.0412253  0.0646405   0.149322   0.942005   0.146961   0.550536   0.144549    0.19434 1
 0.0185102  0.0727314  0.0301788  0.0712606  0.0417646  0.0695972   0.166537   0.939989   0.163397   0.560212   0.159664   0.182885 1
   0.01888  0.0781253  0.0303562  0.0766877  0.0421782   0.075005    0.18296   0.934556   0.179899    0.56105   0.176134   0.176049 0.994002
 0.0185267  0.0833737  0.0311673   0.082028  0.0421815   0.081473   0.198859    0.95237    0.19621   0.541255   0.195777   0.183788 0.940198
 0.0189056  0.0887821  0.0328635   0.087194  0.0424921  0.0871215   0.215327   0.946658   0.212091   0.492579   0.212967   0.180581 0.869152
 0.0193054   0.094039  0.0343004   0.092401   0.042897  0.0924625   0.231337   0.940084   0.228068    0.45235   0.229233   0.173945 0.831035
 0.0198465  0.0986415  0.0344767  0.0978235  0.0434219  0.0974048   0.245376    0.92814   0.244556   0.453219   0.244302   0.162942 0.808432
 0.0202592   0.103719  0.0343809   0.103235  0.0440282   0.102189   0.260844   0.920934   0.260979   0.462888   0.258901   0.149106 0.800272
 0.0204817   0.109164  0.0343115   0.108655  0.0444492   0.107695   0.277405   0.920334   0.277432   0.471714   0.275671   0.142149 0.784291
 0.0207406   0.114941  0.0344017   0.114074  0.0449547   0.113046   0.294978   0.918956   0.293899   0.475368   0.291978   0.132268 0.764598
 0.0211307     0.1197  0.0348609    0.11947  0.0454597   0.118866   0.309476   0.912096    0.31034   0.467039   0.309711   0.122972 0.760666
 0.0214279   0.125155  0.0354353   0.124863  0.0457901   0.124679   0.326076   0.909087   0.326781   0.454977   0.327401   0.119322 0.718746
 0.0217778   0.130144  0.0354585    0.13028  0.0462913   0.129834   0.341266   0.903806   0.343235   0.460797   0.343115    0.10934 0.69498
 0.0220562   0.135711  0.0354077   0.135699  0.0467169   0.135112   0.358206   0.901543   0.359688    0.46902   0.359192   0.101958 0.704989
 0.0221646   0.141515  0.0354176   0.141118  0.0471472   0.140272   0.375844   0.905073   0.376145   0.475276   0.374912  0.0942817 0.692878
 0.0223982   0.146783   0.035418   0.146537  0.0475681    0.14555    0.39187   0.903899   0.392603    0.48184   0.390989  0.0870521 0.665409
 0.0227508   0.152017  0.0354141   0.151956  0.0478485   0.151061   0.407803   0.898829    0.40906   0.488539   0.407755  0.0846556 0.661303
 0.0229435   0.157828  0.0354239   0.157375  0.0479745   0.157052   0.425473   0.899638   0.425517     0.4948   0.425965  0.0878448 0.644963
 0.0231218   0.163441  0.0353647   0.162795  0.0484436   0.161815   0.442539   0.900672    0.44197   0.503293   0.440482  0.0784271 0.654077
 0.0234743   0.168529  0.0355141    0.16821  0.0487981   0.166813   0.458032   0.895429   0.458434   0.505024   0.455701  0.0730071 0.631943
 0.0237068   0.173907  0.0359324   0.173614  0.0492368    0.17155   0.474393   0.894424   0.474893   0.498033   0.470136  0.0645451 0.624909
 0.0240817   0.178972  0.0363878   0.179013  0.0492473   0.177559   0.489817   0.888423   0.491341    0.48983   0.488388  0.0714969 0.605651
 0.0243401    0.18407  0.0367922   0.184418  0.0492461   0.183496   0.505327    0.88624     0.5078    0.48329   0.506417  0.0787387 0.603509
 0.0243389   0.190166  0.0373602   0.189805  0.0492413   0.189418   0.523841   0.893676   0.524226   0.471426   0.524401  0.0860809 0.624691
  0.024177   0.195366  0.0375665   0.195221  0.0489147   0.194172   0.539615   0.905229   0.540697   0.471315   0.538804   0.102428 0.626531
 0.0240151   0.200964  0.0379328   0.200626  0.0489256   0.200036   0.556596   0.917269   0.557154   0.466009   0.556612   0.109192 0.589245
 0.0240226   0.206838  0.0385841   0.206004  0.0489257   0.205885   0.574437   0.924153   0.573561   0.451436   0.574377   0.116286 0.629257
 0.0243529   0.211544  0.0385536   0.211425  0.0489131   0.211703   0.588766   0.919164    0.59002   0.459001   0.592042   0.123753 0.617648
 0.0243396   0.217391  0.0385442   0.216845  0.0492528   0.216555   0.606522   0.926691   0.606479   0.465885   0.606817   0.118638 0.603734
 0.0243222   0.223213   0.038548   0.222261  0.0491509   0.222426   0.624199   0.934318   0.622928   0.472335   0.624634   0.129063 0.594392
 0.0246348   0.228193  0.0384725   0.227684  0.0489242   0.227419    0.63936   0.930234   0.639387   0.481358   0.639774   0.142467 0.568578
 0.0246623   0.233673   0.038658   0.233094  0.0489975   0.232957   0.656006   0.935992    0.65584   0.481916   0.656598    0.14681 0.573455
  0.024802   0.239221   0.039294    0.23848  0.0492701   0.238432   0.672869   0.938201   0.672269   0.467849   0.673257   0.144625 0.564357
 0.0249696   0.244135  0.0396013   0.243888  0.0489182   0.243319   0.687811   0.938735   0.688728   0.464457    0.68806   0.161955 0.54896
 0.0253214   0.248884  0.0396243   0.249308  0.0492564   0.248315   0.702277   0.933101   0.705189   0.470288    0.70327    0.15706 0.555885
 0.0252912   0.254681  0.0396068   0.254727  0.0492466    0.25432   0.719876   0.941114   0.721646    0.47743   0.721505   0.164665 0.548291
 0.0256199   0.259684  0.0394329   0.260141  0.0492468   0.260273   0.735109   0.936537   0.738068   0.489634   0.739585   0.171883 0.520989
 0.0256228   0.265517  0.0388557   0.265533   0.049247   0.266192   0.752821   0.943521   0.754375   0.514872    0.75756   0.179057 0.546594
 0.0256435   0.271685  0.0381151   0.270898  0.0492518   0.272117   0.771557   0.950336   0.770587   0.545374   0.775554   0.186093 0.536975
 0.0259587   0.276926  0.0375286   0.276288  0.0489014   0.276905   0.787511   0.946484   0.786887   0.570915   0.790055   0.203254 0.509883
 0.0261342   0.283208  0.0374305   0.281702  0.0492463    0.28165   0.806606   0.948421    0.80332   0.580664   0.804506   0.197841 0.509605
 0.0265371   0.288612  0.0375441   0.287122  0.0491017   0.287254   0.823064   0.941926   0.819792   0.583559   0.821506   0.209321 0.500532
 0.0271518   0.293409  0.0374102   0.292541  0.0489391   0.292129   0.837703   0.927836   0.836235   0.594473   0.836293   0.220505 0.483063
 0.0276178    0.29879  0.0375827   0.297954  0.0492617   0.297222   0.854098   0.919269   0.852692   0.595454   0.851797   0.216234 0.446703
 0.0282061   0.303685  0.0380993   0.303348  0.0492461   0.303233   0.869031   0.906153   0.869132   0.585264   0.870052   0.224034 0.433281
 0.0288704   0.308832   0.038749    0.30873  0.0492967   0.308888   0.884737   0.890877   0.885551   0.570749   0.887231    0.22926 0.378389
 0.0294658   0.313746  0.0393408   0.314116  0.0494129   0.314008   0.899727   0.877555   0.901977   0.558113   0.902794   0.231706 0.336946
 0.0297819   0.319667  0.0396764   0.319519   0.049246   0.319402   0.917745     0.8745   0.918422   0.553798   0.919155   0.243658 0.332137
  0.030295   0.324986  0.0395701   0.324941  0.0492487   0.325589   0.933959   0.864332   0.934875   0.563818   0.937945    0.25108 0.34054
 0.0309273   0.332191  0.0393898   0.330357  0.0488703   0.330639   0.955911   0.852591   0.951305   0.576232   0.953239   0.269464 0.337932
 0.0313297   0.334961  0.0390998   0.335766  0.0476106   0.336736   0.964369    0.84292   0.967698   0.592191   0.971611    0.31767 0.306625
  0.032687   0.340826   0.038672   0.341172  0.0450664   0.341751   0.982335   0.806066   0.984068   0.612611   0.986552   0.406171 0.397498
 0.0382863   0.346575  0.0382863   0.346575  0.0382863   0.346575    1.00043   0.631661    1.00043   0.631661    1.00043   0.631661 0
