52
 0.0568254   0.583206  0.0568254   0.583206  0.0568254   0.583206 0.00621704  0.0527885 0.00621704  0.0527885 0.00621704  0.0527885 0
 0.0515869   0.584202  0.0549389   0.587772  0.0591898   0.589977 0.00791352    0.13555  0.0255098  0.0902169  0.0375167  0.0285212 0.867609
  0.047991   0.585892  0.0520524   0.591646  0.0581179    0.59677  0.0135428   0.194184    0.04121   0.141847  0.0671246  0.0573987 1
 0.0420038   0.590899  0.0489992   0.595441   0.056315   0.599778  0.0326594   0.295785  0.0564744   0.195911  0.0795433  0.0907129 1
 0.0386574   0.595047  0.0464671   0.599605  0.0537578   0.603952    0.04934    0.35502   0.073648    0.24259  0.0967497   0.137798 1
 0.0345239   0.599866  0.0438894   0.603722  0.0519128   0.608014   0.068584   0.427633  0.0905868   0.289887   0.113826   0.173673 1
 0.0320673   0.603206  0.0409987   0.607659  0.0494854   0.611745  0.0821388   0.471653   0.106564   0.341695   0.129133    0.21795 1
 0.0294911   0.607546  0.0386514   0.611913  0.0466528   0.617212   0.100071   0.519331   0.124232   0.385681   0.151935   0.271634 1
 0.0267433   0.611473  0.0362816   0.616167   0.044896   0.621156   0.116078   0.568914    0.14189   0.430015   0.168534   0.305932 1
   0.02422    0.61594  0.0341165    0.62052  0.0425704   0.625399   0.134601   0.616004   0.160094   0.471365   0.186162   0.349561 1
  0.021562   0.620986  0.0321609   0.624978  0.0408121   0.629585   0.155626   0.666229   0.178875   0.509668   0.203836   0.384321 1
 0.0192167   0.626244  0.0300531   0.629372  0.0391755   0.633117   0.177754   0.712004   0.197287   0.550205    0.21867   0.416016 1
 0.0177371   0.630557  0.0284443   0.633954  0.0376295   0.636847   0.196134   0.742684   0.216797   0.583373   0.234429   0.446667 0.986231
 0.0159169   0.635338   0.027394   0.638713  0.0361925    0.64091    0.21642    0.77948   0.237386    0.60823   0.251722   0.476239 0.980735
 0.0144692   0.639742  0.0262685   0.643448  0.0348877   0.644654   0.235222   0.809837   0.257824   0.634205   0.267673    0.50319 0.990348
 0.0126162   0.644213  0.0251854   0.648194  0.0340739   0.648114   0.254113   0.846577   0.278337   0.659547   0.282614   0.522039 0.969146
 0.0118119    0.64908  0.0249947   0.653054  0.0328099   0.652573   0.275306   0.867827   0.299821   0.671302   0.301755   0.549655 0.947414
 0.0109234   0.653895  0.0249138   0.657921  0.0321942   0.657164   0.296226   0.890285   0.321392   0.681374   0.321822    0.56749 0.975363
 0.0102015   0.658461  0.0235127   0.662581  0.0317596   0.662003   0.316126   0.909717   0.341358   0.711474   0.343086   0.582978 0.941009
0.00957171   0.663657  0.0223022   0.667277  0.0315745   0.667561   0.338873   0.928868   0.361582   0.738692   0.367672   0.595912 0.942749
0.00921584   0.669305   0.022013   0.672163  0.0312685   0.672284    0.36377   0.944605   0.383128   0.752018   0.388486   0.609201 0.926246
0.00923805   0.676008  0.0216571   0.677002  0.0315825   0.677693   0.393547   0.956411   0.404431   0.766287   0.412669   0.614153 0.921188
 0.0095217   0.682025  0.0210706   0.681842  0.0318435   0.682324   0.420419   0.962935   0.425621   0.784126    0.43337   0.618512 0.915348
0.00983205   0.687916  0.0207798   0.686696  0.0322389   0.687144   0.446738   0.968814   0.447025   0.797418   0.454983   0.621138 0.907318
 0.0102485   0.693638  0.0208375   0.691566  0.0328996   0.690812   0.472368    0.97275   0.468682   0.805353   0.471616   0.617578 0.883057
 0.0107652   0.699102  0.0208323   0.696433  0.0331805   0.695957   0.496903    0.97467   0.490292   0.814254   0.494609    0.62256 0.842208
  0.011612   0.704052   0.020738   0.701301  0.0337992   0.699654   0.519322   0.970553   0.511863   0.824535   0.511349     0.6197 0.865145
 0.0123725   0.709413   0.021319    0.70613  0.0345126   0.703287   0.543526   0.968518   0.533608   0.824308   0.527855    0.61526 0.849032
 0.0132789   0.714188   0.023191   0.710627   0.035444   0.707808   0.565206   0.963166   0.554554   0.803529   0.548418   0.609061 0.852526
 0.0141928   0.718762  0.0254661    0.71493  0.0360072   0.712113   0.585995   0.957333   0.574845   0.776168   0.567826   0.608159 0.885303
 0.0152152   0.723103  0.0276742   0.719265  0.0369049   0.715913   0.605803     0.9494    0.59525   0.749902   0.585171   0.601174 0.849063
 0.0165142    0.72792  0.0300147   0.723542  0.0378183   0.721115    0.62787   0.938056   0.615461   0.721483   0.608747   0.596488 0.847649
 0.0184394   0.732468  0.0320191   0.727969  0.0392331   0.724482    0.64907   0.916547   0.636162    0.69853   0.624438   0.580726 0.876331
   0.02055   0.736929  0.0336924   0.732543    0.04124   0.728952   0.669981   0.892016   0.657349   0.680963   0.645333   0.557812 0.83742
 0.0232426   0.742155  0.0354898   0.737061  0.0439025   0.733999   0.694591   0.859876   0.678346   0.661374    0.66913   0.525813 0.855131
 0.0259732   0.746652  0.0372584   0.741605   0.046504   0.737208   0.715985    0.82583   0.699446   0.642277   0.684739   0.491428 0.839378
 0.0290763   0.751145  0.0394654   0.745932  0.0484364   0.742303    0.73755   0.786015   0.719815   0.616015   0.708372   0.470799 0.838472
 0.0319364   0.755576  0.0421094    0.75003  0.0506318   0.744517   0.758718   0.749847   0.739387   0.582581   0.719347   0.440884 0.814449
 0.0353164   0.760453  0.0444877    0.75427  0.0523614   0.749338   0.782139   0.706453   0.759456   0.553512   0.741657   0.422892 0.807349
  0.038256   0.765073  0.0466882   0.758615  0.0544904   0.753236   0.804186   0.669397   0.779897    0.52738   0.760075   0.397055 0.765378
 0.0415441   0.768737    0.04913   0.762824  0.0571765   0.757596    0.82217   0.625224    0.79986   0.497272   0.780834   0.363446 0.75838
 0.0448387   0.773483  0.0518015   0.766895  0.0598722   0.761945    0.84496    0.58291   0.819332   0.463366   0.801552   0.329669 0.744878
 0.0474041   0.776321  0.0546921   0.770809  0.0618871   0.765265   0.858898   0.548408    0.83822    0.42579   0.817345   0.304548 0.742311
 0.0509272   0.780315  0.0575988   0.774713  0.0644171   0.768853   0.878472   0.501202   0.857068   0.387945   0.834596   0.271953 0.668191
 0.0558138   0.785399  0.0604378   0.778664  0.0666612   0.772852   0.903593   0.434899   0.876093   0.351231   0.853525   0.244521 0.618211
 0.0605619   0.789843  0.0635508   0.782412  0.0695645   0.777137   0.925804   0.369577    0.89436   0.309918   0.874063   0.207419 0.625712
 0.0647132   0.792994  0.0667509   0.786074  0.0719363   0.780549   0.941958   0.311134   0.912289     0.2671   0.890452    0.17695 0.548415
 0.0685695    0.79515   0.070559   0.789117  0.0745118   0.783825   0.953542   0.255446   0.927783   0.213765   0.906341   0.143085 0.540454
 0.0702649   0.796176  0.0743873   0.792089   0.077339   0.788604    0.95898   0.231105   0.942977   0.159989   0.929037   0.108056 0.446232
 0.0733883   0.799671  0.0776765    0.79574  0.0807086   0.792729   0.976127    0.18917   0.960902   0.115773   0.949109  0.0634577 0.407885
 0.0780807   0.801708  0.0811068   0.799084  0.0836441   0.797844   0.987615   0.120344   0.977541  0.0688233   0.973355  0.0273651 0.182049
 0.0841451   0.802979  0.0841451   0.802979  0.0841451   0.802979   0.996421  0.0289293   0.996421  0.0289293   0.996421  0.0289293 0.268915
