107
  0.343371   0.528532   0.343371   0.528532   0.343371   0.528532 0.00824391   0.396786 0.00824391   0.396786 0.00824391   0.396786 0
  0.338109   0.527478    0.33999   0.531653    0.34513   0.536847 0.00572748   0.481835  0.0151173   0.452266  0.0268865   0.370111 0.745365
  0.330774   0.527198   0.336543    0.53469   0.342657   0.542246 0.00487773   0.600646  0.0218012   0.508806  0.0388789   0.411392 1
  0.326475   0.529271   0.332996     0.5376    0.34026   0.545611 0.00938091   0.670767  0.0281976   0.566934  0.0463275   0.450991 1
  0.321333   0.532924   0.329534   0.540606   0.338259   0.548786  0.0173902   0.754925  0.0348122   0.623703  0.0533651   0.484124 1
  0.317122   0.537965    0.32643   0.544018   0.337218   0.550726   0.028529    0.82429  0.0423444   0.674779  0.0576699   0.501412 1
  0.314138   0.543296   0.323935   0.547891   0.336095   0.553209  0.0403559   0.873819  0.0509273   0.716062  0.0631861   0.520163 1
  0.312147   0.548576    0.32228   0.552122   0.335112   0.555973  0.0520979   0.907256  0.0603344   0.743822  0.0693355    0.53671 1
  0.310171   0.554363   0.321393   0.556605   0.334749   0.559199  0.0649725    0.94057  0.0703275   0.759189  0.0765359   0.543308 1
   0.30868   0.559652   0.320918   0.561234   0.334152   0.562024  0.0767505   0.965903  0.0806602   0.767923  0.0828313   0.553616 1
  0.308043    0.56676   0.320824   0.565872   0.333905   0.565196  0.0926206   0.977812  0.0910257   0.770468  0.0899148   0.558327 1
  0.308635   0.573988    0.32159   0.570335   0.334085   0.569176   0.108798   0.969814   0.101026   0.759041  0.0988174   0.556289 1
  0.310166   0.579243   0.323463   0.574489   0.335008   0.572182   0.120591   0.946158    0.11037   0.729617   0.105566   0.541993 1
  0.312049   0.583919   0.326051   0.578332   0.336231   0.575674     0.1311   0.916687   0.119038   0.688522   0.113409   0.522941 0.996963
  0.314554   0.588767   0.328911   0.581925   0.337693   0.578398   0.142014   0.877159   0.127158   0.642963   0.119543   0.499848 0.995908
  0.317206   0.593058    0.33174   0.585515    0.34014   0.581968   0.151689   0.835134   0.135271    0.59791   0.127597   0.460991 1
  0.319907   0.596489   0.334283   0.589355   0.343273   0.586352    0.15944   0.792113   0.143932   0.557553   0.137494   0.411175 0.992411
  0.322294    0.59955   0.336377   0.593465   0.345878   0.590144   0.166356   0.754116   0.153184   0.524518   0.146049   0.369807 0.979283
  0.324099   0.602489   0.337918   0.597777   0.348789   0.594645   0.172982   0.725505   0.162869   0.500493   0.156201   0.323629 0.964694
  0.325851   0.605888    0.33902   0.602223   0.350689   0.598703   0.180633   0.697862   0.172842   0.483623   0.165329    0.29373 0.893211
  0.327548   0.609596   0.339919   0.606737   0.352422   0.602995   0.188974   0.671185    0.18296   0.470055   0.174978   0.266596 0.868695
  0.328608   0.612983   0.340684   0.611279   0.353726   0.607756   0.196577    0.65475   0.193137   0.458661    0.18566   0.246514 0.869112
  0.329422   0.616787   0.341231   0.615832   0.354983   0.612648   0.205105     0.6424   0.203332   0.450802   0.196635   0.227231 0.878317
  0.329901   0.620687     0.3416   0.620393   0.355791   0.618244    0.21384    0.63551   0.213539   0.445841   0.209169   0.215374 0.834644
  0.329905   0.625352   0.342011   0.624977   0.356145   0.625443   0.224267   0.636481     0.2238   0.440193   0.225272   0.211228 0.814558
  0.329452   0.629258   0.342467    0.62958   0.355652   0.632239   0.232985   0.644679   0.234103   0.433822   0.240448   0.220731 0.79302
  0.328683   0.632442   0.342455   0.634154   0.354743   0.637936   0.240079   0.657846   0.244326   0.435026   0.253157    0.23672 0.802558
   0.32766   0.635288   0.341549   0.638633   0.353486   0.642732   0.246409    0.67506   0.254311   0.450707   0.263839   0.258154 0.782129
  0.326238   0.638094   0.339869    0.64292     0.3523   0.647228   0.252639   0.698738   0.263844   0.478879   0.273853    0.27837 0.794889
   0.32471   0.640967   0.337648   0.646934   0.350495   0.652044   0.259013   0.724133   0.272748   0.515763   0.284563     0.3087 0.785732
  0.322292   0.644763   0.335059   0.650725   0.348298   0.656109   0.267426    0.76416   0.281143   0.558566   0.293583   0.345208 0.789252
  0.318972   0.649654    0.33227   0.654401   0.345738   0.659845   0.278257   0.819051   0.289277   0.604581   0.301858   0.387522 0.780108
  0.316328   0.654558   0.329612   0.658152   0.343798   0.662545   0.289141    0.86299   0.297579   0.648492   0.307833   0.419555 0.81174
  0.314285   0.659211   0.327493   0.662197   0.341953   0.665496   0.299478    0.89713   0.306557   0.683733   0.314374   0.450117 0.812988
  0.313095   0.663714   0.326059   0.666561   0.340597   0.668501   0.309508   0.917418   0.316269   0.707934    0.32105    0.47275 0.825034
   0.31218   0.669296   0.325229   0.671093   0.339697   0.671557   0.321958   0.933482   0.326374   0.722389   0.327853    0.48802 0.824994
  0.311414   0.675395   0.324979   0.675676   0.339222   0.675019    0.33557   0.947247   0.336612   0.727468   0.335579   0.496482 0.793195
  0.311394    0.68348    0.32537   0.680248   0.339154   0.678617   0.353642   0.949361   0.346845   0.722145   0.343621    0.49838 0.797017
  0.312315   0.689178   0.326452   0.684721   0.339358   0.682089   0.366407   0.935694   0.356877     0.7056   0.351386   0.495851 0.785934
  0.313603   0.694024   0.328234   0.688948   0.339768   0.684965   0.377279   0.915896    0.36638   0.677658   0.357829    0.48984 0.784266
   0.31602   0.698657   0.330651    0.69284   0.341055   0.688078    0.38771   0.877753   0.375154   0.639349   0.364828   0.469678 0.767751
  0.319591     0.7034    0.33341   0.696529   0.343365   0.691768   0.398421   0.820935   0.383485   0.595444   0.373145   0.433053 0.699912
  0.323064   0.707496   0.336209   0.700178   0.345546   0.694815   0.407684   0.765549   0.391726   0.550889   0.380024   0.398377 0.698328
  0.326497   0.711851   0.338946   0.703858   0.347867   0.697869   0.417524    0.71088   0.400036   0.507342   0.386923   0.361437 0.659972
  0.329809   0.716494   0.341591   0.707608   0.350905    0.70226   0.428005   0.658236   0.408502   0.465305    0.39683   0.313172 0.654718
  0.332389   0.720545   0.344136   0.711436    0.35406   0.706779    0.43714   0.617315   0.417136   0.424911    0.40703   0.263046 0.666811
   0.33509   0.723236   0.346581   0.715331   0.356763   0.710885   0.443238   0.574138   0.425918   0.386154   0.416291   0.220153 0.67586
  0.336967   0.725974   0.348861   0.719318   0.360003   0.715838   0.449415   0.544324     0.4349   0.350085   0.427461    0.16874 0.674137
   0.33797   0.728113    0.35086   0.723447   0.362588   0.720783   0.454227   0.528548   0.444191   0.318609   0.438595   0.127937 0.709851
  0.339315   0.731295   0.352511   0.727732   0.364399   0.725117   0.461381   0.507454   0.453821   0.292797   0.448339  0.0995422 0.748829
  0.340458   0.734689   0.353815   0.732143   0.365818   0.729685   0.469005   0.489668    0.46372   0.272629   0.458593  0.0775615 0.74736
   0.34128   0.737698   0.354766   0.736642   0.367028   0.734047   0.475756   0.477017   0.473807   0.258227    0.46838  0.0589154 0.752369
  0.341897   0.741131   0.355327   0.741195   0.367897   0.739386   0.483448   0.467781   0.484002   0.250135   0.480343  0.0460123 0.753825
  0.342469   0.745078   0.355491   0.745773   0.368613   0.745251   0.492289   0.459385   0.494242   0.248496   0.493476  0.0357152 0.777752
  0.342732   0.749224   0.355336   0.750371   0.368995   0.752531   0.501565   0.456041   0.504514   0.252034   0.509761  0.0311302 0.748026
  0.342442   0.753653   0.354905   0.754967   0.368503   0.759579   0.511456   0.461728   0.514776   0.260028   0.525501   0.040664 0.772257
  0.341804    0.75742   0.353979   0.759452   0.367449    0.76471   0.519859   0.472896   0.524772   0.276024   0.536939  0.0588983 0.750477
   0.34073   0.760268   0.352299   0.763697   0.366097   0.769501   0.526192   0.490941   0.534211     0.3042   0.547607  0.0818631 0.730835
   0.33863    0.76282   0.349989    0.76769   0.364378   0.774371   0.531833   0.525528   0.543067   0.342521   0.558442   0.110802 0.758223
  0.336532   0.765694   0.347366    0.77148     0.3616   0.779304   0.538194   0.560178   0.551459   0.385875   0.569384   0.156914 0.726686
  0.333836   0.768522   0.344671   0.775184   0.359105   0.783081   0.544433   0.604494   0.559656   0.430374   0.577749   0.198197 0.713984
   0.33015   0.773298   0.342084    0.77897    0.35696   0.785573   0.554995   0.665292   0.568041   0.473138   0.583255   0.233515 0.724241
  0.327402   0.777559   0.339732   0.782926   0.354471   0.788023   0.564437   0.710769   0.576812   0.512126   0.588657   0.274394 0.717303
  0.325123   0.781622    0.33768   0.787038   0.351981    0.79118    0.57345   0.748605    0.58594   0.546295   0.595637   0.315443 0.701726
  0.322375   0.786521   0.335911    0.79127    0.34968   0.795215   0.584317   0.794233   0.595347   0.575909   0.604587   0.353623 0.730455
  0.320444   0.791554   0.334263   0.795561   0.348119   0.798428   0.595509   0.826633   0.604889   0.603565   0.611722   0.379643 0.666548
  0.319111   0.796646   0.332694   0.799883   0.347052   0.801365   0.606852   0.849369   0.614504   0.629957   0.618255   0.397587 0.708621
  0.318501   0.803721   0.331554   0.804324   0.346425   0.804454   0.622648   0.860834   0.624395   0.649414   0.625141   0.408423 0.686114
  0.318482   0.811593   0.331232   0.808929   0.346141   0.808097   0.640245   0.862884    0.63468   0.655652   0.633275   0.413844 0.691798
  0.319409     0.8175   0.331948   0.813451   0.346216   0.812052   0.653477   0.849158   0.644811   0.645047    0.64212   0.413508 0.670458
  0.320671   0.821639   0.333812   0.817596   0.346729   0.815315    0.66277   0.829625   0.654132   0.615765   0.649429   0.405914 0.624391
  0.321872   0.825848   0.336449     0.8214   0.347565   0.818253   0.672214   0.811098   0.662716   0.573867   0.656022   0.393017 0.6249
  0.324184   0.829756   0.339276   0.825056   0.348974   0.821306   0.681021   0.774497   0.670977   0.528861    0.66289   0.370852 0.592788
  0.326796   0.834203   0.342012   0.828716   0.350895     0.8246   0.691041   0.733146   0.679242   0.485336   0.670313   0.340444 0.603875
  0.329286    0.83849     0.3446   0.832495   0.353424   0.828863   0.700701   0.693741   0.687769   0.444226    0.67992   0.300415 0.610792
  0.331684   0.843028   0.346943   0.836462    0.35626   0.834642   0.710918   0.655887   0.696707   0.407122   0.692923   0.255731 0.584394
  0.333047   0.846213   0.348892    0.84063   0.357937   0.838751   0.718081   0.634494   0.706084    0.37646   0.702161   0.229454 0.591215
  0.333889   0.848887    0.35032    0.84499   0.359391   0.843078   0.724085   0.621454   0.715874   0.354293   0.711878   0.206854 0.545992
  0.334675   0.851581   0.351145   0.849496   0.360581   0.847691    0.73013   0.609312   0.725973   0.341912   0.722225    0.18859 0.549812
   0.33537   0.854094   0.351337   0.854089   0.361482   0.853104   0.735769   0.598602   0.736246   0.339825   0.734355   0.175192 0.557018
  0.335708   0.857575   0.350983   0.858683   0.361923   0.859891   0.743561   0.593886   0.746504   0.346581   0.749539   0.169537 0.573369
  0.335748   0.862372   0.350188   0.863202   0.362059   0.866907   0.754285     0.5943   0.756581   0.360467   0.765228   0.168892 0.597829
  0.335334    0.86601   0.349034   0.867638   0.360963   0.871354   0.762406   0.601825   0.766464   0.380142   0.775136   0.187639 0.637625
  0.334339   0.868707   0.347597   0.872003   0.359917   0.875922   0.768405   0.618539   0.776176   0.404411   0.785315   0.205601 0.599218
  0.333005   0.871758   0.345928   0.876291   0.358472    0.88058   0.775182   0.640837   0.785711   0.432411   0.795682   0.230062 0.642491
  0.331464   0.874889   0.344067   0.880491   0.357214   0.885032   0.782136   0.666507   0.795044   0.463491   0.805595   0.251425 0.64128
  0.329612   0.878387   0.342006   0.884587   0.354926   0.889161   0.789898   0.697298   0.804137   0.497809   0.814758   0.289436 0.630266
  0.327247   0.882699   0.339704   0.888559   0.352702   0.893822   0.799464   0.736579   0.812945   0.535991   0.825108   0.326507 0.600205
  0.324518   0.886647   0.337291   0.892474    0.35009   0.898272   0.808206   0.781685   0.821624   0.575967   0.834976   0.369823 0.612446
  0.321586   0.890917   0.335075   0.896493   0.347033    0.90267   0.817662   0.830147    0.83054   0.612773   0.844713   0.420339 0.583421
  0.318536    0.89573   0.333196   0.900685   0.344679   0.906161   0.828329   0.880646   0.839853   0.644156   0.852446   0.459273 0.58266
  0.316264   0.900618   0.331498   0.904961    0.34227   0.909531   0.839187    0.91855   0.849359   0.672626   0.859905    0.49906 0.577228
  0.314895    0.90486   0.329885   0.909259   0.340598   0.912836   0.848626   0.941683   0.858919   0.699712   0.867241   0.526892 0.506951
  0.313829   0.910091   0.328496   0.913631   0.339417   0.915345   0.860288   0.960111   0.868649   0.723197   0.872815   0.546579 0.448795
  0.313242    0.91613   0.327496   0.918123   0.338579   0.918432    0.87377   0.970969    0.87866   0.740403   0.879691   0.560855 0.451888
  0.313037   0.922821   0.327011   0.922691   0.337718   0.921776   0.888719   0.975771   0.888857   0.749275   0.887139   0.575543 0.431834
  0.313873   0.928126   0.327121   0.927272     0.3372   0.925859   0.900606   0.963398     0.8991   0.748509   0.896251   0.584847 0.419814
  0.314588   0.933908   0.327655    0.93184    0.33706   0.931485   0.913553   0.953091   0.909327   0.740858   0.908823   0.588356 0.390286
  0.315695   0.938365    0.32835   0.936386   0.336971    0.93618   0.923548   0.936137   0.919512   0.730609   0.919315   0.590838 0.402137
  0.316819   0.942846   0.329096   0.940915   0.337817   0.940369     0.9336   0.918918   0.929659   0.719511   0.928706   0.578056 0.429509
  0.318254   0.947265   0.329894   0.945436    0.33879   0.944453   0.943523   0.896635    0.93979   0.707589   0.937865   0.563201 0.39254
  0.320058   0.951937   0.330775   0.949945   0.339501   0.948508   0.954022   0.868431   0.949897   0.694315   0.946951   0.552573 0.435028
  0.322122   0.956829   0.331802   0.954422   0.340695   0.952043   0.965021   0.836073   0.959935   0.678649    0.95489      0.534 0.447418
  0.324682   0.961237   0.332965   0.958866   0.341938   0.956481   0.974953   0.795552   0.969905   0.660795   0.964849   0.514848 0.425704
  0.327236   0.965039   0.334127    0.96331   0.343256   0.961355   0.983529   0.755008   0.979876   0.642949   0.975783   0.494558 0.400674
  0.331957   0.969776   0.335195   0.967778   0.343105   0.966247   0.994264   0.679545   0.989895   0.626629   0.986715   0.498096 0.211877
  0.336206   0.972259   0.336206   0.972259   0.336206   0.972259   0.999944   0.611232   0.999944   0.611232   0.999944   0.611232 0.232292
