45
 0.0828111   0.822029  0.0828111   0.822029  0.0828111   0.822029  0.0255159   0.961538  0.0255159   0.961538  0.0255159   0.961538 0
 0.0824216   0.829416  0.0865178   0.824589  0.0904312   0.819299  0.0683912   0.978013  0.0422226    0.90387  0.0132622   0.832113 0.948269
 0.0836127   0.831838  0.0897569   0.827675  0.0949493   0.821948  0.0830853   0.961659  0.0617679   0.854632  0.0308819   0.761182 0.896648
 0.0876889   0.836645  0.0930391     0.8307   0.098616   0.825129   0.113069   0.900953   0.080984   0.804601  0.0511852   0.705019 0.939323
 0.0907439   0.839552  0.0965842   0.833438   0.101562   0.827667   0.131484    0.85451  0.0986485   0.749843  0.0674029   0.659867 0.9262
 0.0944156   0.843041   0.099676   0.836699   0.105188   0.830101   0.153591   0.798685   0.119146   0.703274  0.0833356    0.60337 0.933975
 0.0970912   0.845109   0.102947   0.839764   0.108271   0.832891   0.166935   0.757358    0.13859   0.653484   0.101083   0.556304 0.953394
  0.100199   0.848151   0.105986   0.843069    0.11108   0.835495   0.186164   0.710229   0.159317   0.607842    0.11761     0.5135 0.959903
  0.103149   0.851341    0.10941   0.845963   0.115363   0.839128    0.20618   0.665898   0.177838   0.555291   0.140851   0.447788 0.965717
  0.105913   0.854265   0.112788   0.848887   0.119615   0.843188   0.224555   0.624287   0.196506   0.503545   0.166562    0.38317 0.95436
  0.109011   0.857835   0.116101   0.851937   0.124085   0.847638   0.246857   0.578024   0.215881   0.453044   0.194655   0.315484 0.984666
  0.111649   0.860957   0.118704   0.855571   0.126688   0.850156   0.266324   0.538764   0.238319   0.415047   0.210586   0.275961 0.928057
  0.114424   0.864333   0.121134   0.859348   0.129749    0.85427   0.287343   0.497577   0.261506   0.380101   0.236043   0.231065 0.959374
  0.116764   0.868485   0.123768   0.862973   0.132518   0.858608   0.312672   0.464618   0.283903   0.341574   0.262666   0.191276 0.944852
  0.118815    0.87201   0.126607   0.866444   0.134855   0.863263   0.334205   0.435576   0.305507   0.299462   0.290925    0.15906 0.936985
  0.120822   0.876087   0.129107   0.870157   0.136556    0.86635   0.358941   0.408013   0.328354   0.263261   0.309742   0.135196 0.971498
  0.121896   0.878915   0.131426   0.873999   0.138508    0.87081   0.375947   0.394151   0.351868   0.230247   0.336679   0.109064 0.959121
  0.122872    0.88173   0.133321   0.878061   0.140308   0.875434   0.392827   0.381882   0.376458   0.204511   0.364503  0.0856701 0.945183
  0.123861   0.884744   0.134495   0.882387   0.141511   0.879732   0.410871   0.369664   0.402245   0.191028   0.390137   0.071668 0.967492
  0.124577   0.888053   0.135342   0.886791   0.143087   0.884563   0.430504   0.362352   0.428324   0.183047    0.41906  0.0522398 0.937815
  0.125286   0.891277   0.135468   0.891272   0.143802   0.890086   0.449642   0.355045   0.454511   0.187065   0.451603  0.0479542 0.964931
  0.125606   0.895535   0.135409   0.895756   0.144632   0.895018   0.474622   0.355559   0.480619   0.194128   0.480754    0.04098 0.97666
  0.125865   0.899816   0.135418    0.90024   0.145381   0.899721   0.499701   0.357105   0.506767   0.200077   0.508529  0.0350199 0.991548
  0.125605   0.904841   0.135408   0.904722   0.146118   0.904912   0.528873   0.368235   0.532893   0.206343   0.539148   0.029919 0.984557
    0.1259   0.909517   0.135487   0.909208   0.145975   0.910852   0.556275   0.369725   0.559079   0.211156   0.573706  0.0403685 0.871525
  0.125451   0.913836   0.135242    0.91368   0.145188   0.916534   0.581238   0.383018   0.585037    0.22127   0.606453  0.0610777 0.819809
   0.12471   0.917512   0.134173   0.918041   0.144245   0.921027   0.602309   0.400242   0.609944   0.244849   0.632195   0.082743 0.798318
  0.124165   0.921158   0.132951   0.922351   0.143121    0.92575   0.623305   0.414191   0.634486   0.270871   0.659189    0.10771 0.767251
  0.123019    0.92438   0.131773   0.926672   0.141581    0.92944   0.641539   0.437471    0.65911   0.296187   0.679961    0.13815 0.73718
  0.121934   0.927681   0.131071    0.93111   0.140126   0.934888   0.660259   0.459876   0.684646   0.313799   0.711025   0.169561 0.701885
  0.120508   0.931773   0.129679    0.93536   0.137933   0.939117   0.683431   0.488961   0.708753   0.342546   0.734621    0.21149 0.676915
  0.119077   0.934784   0.127747   0.939407   0.136591   0.943492   0.700293   0.516673   0.731416   0.379921   0.759481    0.23959 0.726335
  0.117394   0.938275   0.125795    0.94345   0.133839   0.948308   0.719836   0.549182   0.754044   0.417629   0.786234    0.29153 0.67224
  0.115224   0.942506   0.123342   0.947197   0.131982   0.952157   0.743462   0.590728   0.774711     0.4632   0.807784   0.327404 0.664081
  0.113113   0.946815   0.120937    0.95098   0.130489   0.955669   0.767568   0.631424   0.795608   0.508014    0.82754    0.35682 0.6674
  0.110951     0.9511   0.119171   0.955113    0.12733   0.960144   0.791509   0.672921   0.818854   0.542771   0.852109   0.415022 0.595455
   0.10893   0.955227   0.117126   0.959083   0.125593    0.96313   0.814598   0.711873   0.841015   0.581905   0.868683   0.447738 0.558221
  0.107375   0.958952    0.11431   0.962597   0.121704   0.966218   0.835566   0.742597   0.860151   0.633148   0.884812   0.516092 0.52208
  0.105453   0.963164   0.111301   0.965905   0.117954   0.969412   0.859196   0.780037   0.877985   0.687289    0.90163   0.582314 0.514483
  0.103908   0.966793   0.108531   0.969433   0.114663   0.972953   0.879611   0.810465   0.897223   0.737792   0.920694    0.64142 0.466503
  0.102054   0.970634   0.106402   0.973382   0.111355   0.976296   0.901107   0.846276    0.91922   0.778279   0.938591   0.700546 0.419204
  0.100119   0.974152   0.104005   0.977159   0.107637   0.979805   0.920687   0.882985   0.940086   0.822972   0.957261    0.76665 0.388108
 0.0973995   0.978898   0.100866   0.980365   0.103731   0.982872   0.947051   0.934305   0.957268   0.879112   0.973262   0.835254 0.341645
 0.0954606    0.98143  0.0976616   0.983497  0.0995326   0.986155   0.960877   0.969736   0.973987   0.936238   0.990381   0.908988 0.329261
 0.0945962   0.986773  0.0945962   0.986773  0.0945962   0.986773   0.991612   0.991266   0.991612   0.991266   0.991612   0.991266 0.210146
