52
 0.0333095   0.778029  0.0333095   0.778029  0.0333095   0.778029  0.0190216   0.353558  0.0190216   0.353558  0.0190216   0.353558 0
 0.0274774   0.777844  0.0291407   0.780676   0.032172   0.783656  0.0111356    0.45031  0.0262193   0.434857  0.0436373   0.397167 0.521963
 0.0223108   0.780495  0.0263671   0.784665  0.0302528    0.78797  0.0171433   0.548314   0.041296   0.498679  0.0612442   0.448114 0.841286
  0.018603   0.785101  0.0230572   0.788144  0.0286752   0.791222  0.0339465    0.63046  0.0533688   0.569241  0.0743579   0.488708 0.825797
 0.0159645   0.788781  0.0201949   0.792061  0.0261499   0.796097  0.0477564    0.69067  0.0680073   0.634233  0.0938266   0.552247 0.813951
 0.0123561   0.794461  0.0173047   0.795841  0.0240384   0.799727   0.069638   0.775844  0.0819793   0.699093   0.108044   0.603426 0.801842
 0.0101185   0.799457  0.0145418   0.799868  0.0228383   0.802869  0.0900093   0.835095  0.0972421   0.762899    0.12111   0.637228 0.745685
0.00865478   0.804361  0.0135576   0.804531  0.0213414   0.806306   0.110893   0.881004   0.117591   0.799732   0.135176   0.677281 0.831506
0.00767678   0.808994  0.0133704   0.809356  0.0206295   0.809793   0.131111   0.917604   0.139647   0.823941    0.15042    0.70442 0.863778
0.00702626   0.814376  0.0136476   0.814174  0.0208756   0.814417   0.155178   0.951993    0.16223   0.840349   0.172071   0.720502 0.905748
0.00768928   0.820116  0.0151143   0.818748  0.0216124    0.81884    0.18249   0.965979   0.185123   0.835794   0.193385   0.727496 0.947148
0.00916866     0.8252  0.0167183   0.823288  0.0223051   0.822075   0.207753    0.96344   0.208024   0.828795   0.209161   0.730043 0.955755
 0.0118421    0.83054   0.018373    0.82782  0.0239271   0.824512   0.235635   0.942042   0.230949   0.820912   0.222369   0.713553 0.978697
 0.0155893   0.835735  0.0211603   0.831727  0.0253615   0.826979   0.264146   0.902054   0.252356   0.791355   0.235493   0.700335 0.972058
 0.0202352   0.840288  0.0249036   0.834784  0.0286121   0.830424   0.290773   0.844223   0.270987   0.742091   0.255322   0.661008 0.996626
 0.0235164   0.843065   0.028965   0.837358  0.0325567   0.833462   0.307556   0.801467   0.287772   0.685395   0.274112   0.608296 0.988472
 0.0278433   0.845747  0.0331477   0.839763  0.0367343   0.835735    0.32516   0.740803   0.303924   0.625934   0.289647   0.548342 0.995526
 0.0317399   0.848347   0.037353   0.842105  0.0415296   0.838988   0.341869   0.686982   0.319807   0.565814   0.310451   0.482336 0.979849
 0.0351573    0.85058  0.0414667   0.844612  0.0451697   0.840962   0.356301   0.639567   0.336349   0.507955   0.323955   0.430066 0.938608
 0.0392532   0.853715  0.0451408   0.847733  0.0485163   0.843505   0.375718   0.584746   0.355192   0.460128   0.339738   0.385194 0.974368
 0.0431386   0.856925  0.0483642   0.851317  0.0519258   0.846016   0.395228   0.533773   0.375629    0.42186   0.355447    0.33913 0.975252
 0.0465621   0.860146  0.0520508   0.854404  0.0549106   0.848352    0.41423   0.490574   0.394335   0.373679    0.36983   0.299401 0.981248
 0.0492001   0.862631  0.0558587   0.857367  0.0593702    0.85239   0.428889   0.457302    0.41261   0.322923   0.393856    0.24244 0.911243
 0.0525964    0.86633  0.0592704   0.860765  0.0636477   0.857159   0.450065   0.416645   0.432413   0.280692   0.421043   0.191722 0.882358
 0.0558686   0.870151  0.0625092   0.864334  0.0674796   0.861854    0.47166   0.378602   0.452805   0.242108   0.447345    0.14813 0.887011
 0.0586094   0.873662  0.0648764    0.86853  0.0699309   0.865514   0.491178   0.348089   0.475034   0.220836   0.467202    0.12311 0.838611
 0.0609513   0.877084  0.0677152   0.872421   0.073097   0.870064   0.509805   0.323861   0.496427   0.190345   0.492032  0.0900232 0.790869
 0.0635658   0.881352    0.07101   0.875923  0.0758091   0.874839   0.532671   0.298772   0.516573   0.150528   0.517358  0.0655173 0.773668
 0.0653433   0.884841  0.0726031    0.88049  0.0776962   0.879115   0.550927   0.284279   0.539588   0.143831   0.539379  0.0526254 0.764705
 0.0667138   0.888165  0.0736097   0.885182   0.079698   0.883971   0.567931   0.275874   0.562471   0.147489   0.564217  0.0403495 0.747711
  0.067651    0.89145  0.0747482   0.889876  0.0809766   0.888207   0.584232   0.274545   0.585519   0.148945   0.585325    0.03747 0.745803
  0.068596   0.895037  0.0760442    0.89451  0.0820058   0.892675   0.601934   0.274404   0.608484   0.147512     0.6072  0.0397713 0.741221
 0.0692775   0.899341  0.0770074   0.899234  0.0831046   0.897617   0.622634   0.281806    0.63146   0.152031   0.631347  0.0429768 0.716352
 0.0700006    0.90372  0.0771576    0.90404  0.0838969    0.90321   0.643729   0.288838   0.653838   0.170515   0.658132  0.0541554 0.739281
 0.0705831   0.908166  0.0770449   0.908873  0.0844432   0.908534   0.664962   0.298514   0.676018   0.193509   0.683377  0.0682725 0.761992
 0.0706219   0.914283  0.0771576   0.913669  0.0851985   0.913196    0.69326   0.324588   0.698303   0.212573   0.705816  0.0759994 0.737911
  0.070065   0.918701   0.077117   0.918512  0.0848581   0.919485   0.712991   0.353203   0.720621   0.234411   0.734452   0.109168 0.735697
 0.0695605   0.923529  0.0757906   0.923126   0.084369    0.92534   0.734677   0.382728   0.740332   0.276754   0.760898   0.142923 0.751557
 0.0687301   0.927792   0.074342   0.927705  0.0835841   0.930305   0.753362   0.415242    0.75973   0.320988   0.782883   0.177744 0.740391
 0.0678882   0.932745  0.0736341   0.932479  0.0829418   0.935463    0.77522    0.45096   0.780921    0.35368   0.805927   0.211019 0.751061
 0.0670258   0.936906  0.0726072   0.937185  0.0821903   0.940877   0.793397   0.483564   0.801418   0.391419   0.830025    0.24724 0.749909
 0.0660572   0.940965   0.071719   0.941909  0.0808344    0.94549   0.810973   0.517496   0.822164   0.426912   0.849694   0.290072 0.683454
 0.0647697   0.945062  0.0709891   0.946671  0.0786998   0.950654   0.828343   0.556932   0.843275   0.459922   0.870965   0.348335 0.697309
 0.0637922   0.949232  0.0693005   0.951187  0.0763354   0.955538   0.846421   0.591499   0.862095   0.507898   0.890669   0.409221 0.661023
 0.0625812   0.953109  0.0670056   0.955425  0.0742284   0.958936   0.862865   0.628691   0.878896   0.564796   0.903822   0.459311 0.614246
 0.0609695   0.957174   0.064943    0.95976  0.0705615   0.963275   0.879694   0.673408   0.896431   0.618238    0.91944   0.539608 0.567117
 0.0592875   0.961462  0.0632361   0.964276   0.067333   0.967653   0.897471   0.720279   0.915225   0.666516   0.935762   0.612736 0.528191
 0.0570527   0.965756  0.0607389   0.968414  0.0652178   0.971471   0.914606   0.776418   0.931326   0.726366   0.950845   0.664797 0.537575
 0.0545605   0.969605  0.0581283   0.972439  0.0612046   0.974422   0.929372   0.834918   0.946763   0.787616   0.959633    0.74482 0.453984
 0.0519741   0.975255  0.0550551   0.976191  0.0564163   0.978606   0.952348   0.902866   0.960386   0.855416   0.973178   0.843192 0.484545
 0.0494396   0.978557  0.0522006   0.979999  0.0551503   0.982372   0.964538   0.959684   0.974527   0.919798   0.989047   0.880825 0.325745
 0.0489397   0.983613  0.0489397   0.983613  0.0489397   0.983613   0.987289   0.990137   0.987289   0.990137   0.987289   0.990137 0
