51
  0.274768  0.0148272   0.274768  0.0148272   0.274768  0.0148272 0.00035137   0.551113 0.00035137   0.551113 0.00035137   0.551113 0
  0.266968  0.0212278   0.274932  0.0205331   0.282766   0.019797  0.0218267   0.813014  0.0206276    0.55408  0.0192606   0.299335 0.922408
  0.264525  0.0281923   0.275699  0.0260332   0.285533  0.0244663  0.0461548   0.902213  0.0402689    0.53723  0.0362717   0.216497 1
  0.264381  0.0334179    0.27709  0.0315476   0.286494  0.0299925  0.0646775   0.914474  0.0600607   0.500173  0.0560364   0.193403 1
  0.264378  0.0374496   0.276975  0.0372159   0.286977  0.0371774  0.0789852     0.9204  0.0801588    0.51213  0.0816124   0.188167 1
  0.264378  0.0436811   0.277478   0.042814   0.287294  0.0430895   0.101101   0.929461   0.100106   0.503952   0.102644   0.186495 1
  0.264596  0.0495151   0.278177  0.0484124   0.287419  0.0487368    0.12184   0.930852   0.120086   0.489452   0.122706   0.190639 1
  0.264698  0.0551459   0.278035  0.0540784   0.287963  0.0531794   0.141839   0.935715   0.140171   0.502272   0.138559   0.179459 1
  0.264693  0.0614606   0.278922  0.0596659   0.288438  0.0587434   0.164249   0.945059   0.160142   0.481666   0.158381   0.172158 1
  0.265025  0.0667241    0.27908  0.0652907   0.288727  0.0650213   0.182982   0.941937   0.180129   0.484688   0.180707    0.17188 1
  0.264717  0.0721278   0.279382  0.0709225   0.289171  0.0708646   0.202111    0.95975   0.200164   0.483099   0.201515   0.166001 1
  0.265014  0.0775082   0.280052   0.076526   0.289748  0.0763152   0.221253   0.957922   0.220157   0.469528   0.220951   0.155207 0.9922
  0.265362  0.0831683   0.280344  0.0821666   0.290259  0.0819727   0.241395   0.954882   0.240222   0.468242   0.241111   0.146867 0.982115
  0.265506  0.0894471   0.279759  0.0877824   0.290862  0.0874419   0.263701   0.959333    0.26006   0.495328   0.260616   0.135282 0.965397
  0.265964  0.0947054    0.27974  0.0934121   0.291551  0.0923501   0.282436   0.952133   0.280036   0.504114   0.278145   0.120079 0.946982
    0.2663   0.100023    0.28031  0.0990333   0.291928  0.0984183   0.301362   0.948961   0.300076   0.493823    0.29974     0.1167 0.884628
   0.26675   0.105625   0.280898   0.104645   0.292437    0.10377   0.321314   0.942503   0.320085   0.482917   0.318816   0.107956 0.891268
  0.267139   0.111194   0.281586   0.110247   0.293299   0.108439    0.34114   0.938004   0.340077   0.468757   0.335523  0.0868365 0.847937
  0.267603   0.116238   0.282165   0.115861   0.293606   0.114578   0.359116   0.930272   0.360093   0.458162   0.357357  0.0857755 0.831611
  0.267917   0.121895   0.282461   0.121498   0.294056   0.120405   0.379239   0.928318   0.380143    0.45676    0.37811  0.0796745 0.782343
  0.268137   0.127939   0.282984   0.127117   0.294343   0.126471   0.400724   0.929972   0.400168    0.44798   0.399682  0.0791847 0.777357
  0.268238   0.133864   0.283366   0.132747    0.29476   0.131708   0.421768   0.935276   0.420211   0.443757   0.418333  0.0732657 0.786009
  0.268856   0.138487   0.283343   0.138392   0.295102   0.137741   0.438273   0.921997    0.44024   0.452689   0.439798  0.0709467 0.750337
  0.269207   0.143569   0.283328   0.144035   0.295394   0.143636   0.456364   0.917994   0.460266   0.461363   0.460766  0.0700586 0.74088
  0.269218   0.150057   0.283336    0.14968   0.296016   0.148398   0.479394   0.927061   0.480299   0.469303   0.477767  0.0568016 0.752077
   0.26952   0.155386    0.28333   0.155323   0.296014   0.155035   0.498352   0.924996   0.500327   0.477667   0.501319  0.0665022 0.713695
  0.269776   0.161271   0.283335   0.160968   0.296361    0.16043    0.51928   0.925256   0.520359   0.485707   0.520521  0.0630955 0.716454
  0.270101   0.166601   0.283331   0.166612   0.296686   0.165816   0.538246   0.922464   0.540388   0.494016   0.539688  0.0603849 0.718023
  0.270165   0.172579   0.283334   0.172256   0.296675   0.172222   0.559473    0.92905    0.56042    0.50211   0.562423  0.0700191 0.753926
  0.270295   0.178917   0.283332     0.1779   0.296667   0.178471   0.581985   0.934047   0.580449   0.510376   0.584597  0.0793492 0.704394
  0.270481   0.184682   0.283334   0.183544    0.29699   0.183816   0.602476   0.936381   0.600481   0.518486   0.603619  0.0766579 0.677811
  0.271115   0.190626   0.283331   0.189188   0.297329   0.189025   0.623671   0.924477    0.62051    0.52679   0.622159  0.0732248 0.62634
  0.271623   0.195638   0.283343   0.194832   0.297652   0.193877   0.641541   0.915291   0.640543   0.534578   0.639428  0.0698006 0.678131
  0.272278   0.200316    0.28329   0.200475   0.297963   0.199411   0.658246   0.900853   0.660563   0.544477   0.659119  0.0677575 0.620532
  0.272549   0.206206   0.283332    0.20612   0.297942   0.205613   0.679194   0.900634   0.680603   0.551317   0.681127  0.0774504 0.589483
   0.27297   0.211585   0.284165   0.211699   0.298318   0.210894   0.698348    0.89481   0.700535   0.532442   0.699928  0.0729356 0.559574
  0.273049   0.217605   0.285252    0.21723   0.297945   0.216256   0.719728   0.900972   0.720337   0.505263   0.718896  0.0927944 0.560368
  0.273375   0.223166    0.28579   0.222854   0.297959   0.222678   0.739513   0.898505   0.740382   0.495997   0.741692   0.101663 0.555425
   0.27372   0.228423   0.286393   0.228464   0.297785   0.228959   0.758227   0.894964   0.760386   0.484591   0.763954   0.116405 0.555345
  0.273786   0.234511   0.286528   0.234107   0.297472   0.234736   0.779842   0.901658   0.780435   0.488429   0.784406   0.134918 0.495338
   0.27402   0.239692   0.286422   0.239749   0.297321   0.240904   0.798268   0.901589   0.800442   0.500034   0.806273    0.14877 0.46542
  0.274301   0.245184   0.286477   0.245394     0.2967   0.246119   0.817803   0.900446   0.820485   0.506431   0.824681   0.176427 0.460452
   0.27434   0.250847   0.286476   0.251037   0.296364   0.252079   0.837907   0.907394    0.84051   0.514668   0.845779   0.195953 0.445604
  0.274369   0.256956    0.28644   0.256683    0.29595   0.258358   0.859591   0.915342    0.86054   0.524026   0.867998   0.218489 0.393
  0.274665   0.262007   0.285642   0.262268   0.295439   0.264355   0.877564   0.913057   0.880235   0.557976   0.889199   0.243729 0.394932
  0.274343   0.267075   0.284513   0.267795   0.294607    0.26914   0.895498   0.930842   0.899672   0.602531   0.906048   0.277602 0.404463
  0.274689   0.272186   0.283969   0.273426    0.29395   0.274728   0.913693   0.927067   0.919568   0.628322   0.925777   0.307009 0.404245
  0.274342   0.279207   0.283443    0.27903   0.292817   0.279856   0.938555   0.948493   0.939375   0.653505   0.943796   0.351122 0.404261
  0.274341   0.284586   0.283331   0.284695   0.291846   0.285166   0.957646   0.956331   0.959462   0.665346   0.962485   0.390265 0.407348
  0.274481   0.289948   0.282968    0.29029   0.288708   0.292585   0.976695   0.959575   0.979261    0.68523   0.988318   0.502656 0.477694
  0.283014   0.295967   0.283014   0.295967   0.283014   0.295967   0.999413    0.69197   0.999413    0.69197   0.999413    0.69197 0
