109
  0.978582   0.026105   0.978582   0.026105   0.978582   0.026105   0.999154   0.851843   0.999154   0.851843   0.999154   0.851843 0
  0.971307  0.0284162   0.976609  0.0306274   0.984487  0.0341787   0.993685   0.734138   0.990014   0.824096   0.984036   0.958026 0.682052
  0.966076    0.03155   0.974626  0.0351463   0.985214  0.0400507    0.98686   0.651088   0.980879   0.796169   0.972587   0.976314 1
  0.961914  0.0346352   0.972615  0.0396544   0.984398  0.0453757   0.980266    0.58563   0.971763   0.767762   0.962017   0.968519 1
  0.958901  0.0385971   0.970506   0.044116   0.983513  0.0505482   0.972096     0.5401   0.962725   0.737699   0.951738   0.959441 0.990026
  0.957007  0.0419397   0.968218  0.0484881   0.982053  0.0549805   0.965285   0.512391   0.953841   0.704585    0.94284   0.940056 0.967518
  0.954378  0.0458125   0.965828  0.0528086   0.980268  0.0590712   0.957338   0.473098   0.945045   0.669732   0.934573   0.914945 0.941895
  0.951615  0.0511641   0.963537  0.0571775   0.977967  0.0625053   0.946468   0.433188   0.936166   0.636546    0.92753   0.880612 0.895537
  0.949774  0.0558816    0.96144  0.0616424   0.975901  0.0675292   0.936961   0.407816   0.927123   0.606697   0.917393   0.851856 0.878071
  0.947639   0.060674   0.959497   0.066178   0.973876  0.0717011    0.92727   0.377674   0.917961   0.579451   0.908935   0.822876 0.841691
  0.945413  0.0644586   0.957657  0.0707573   0.971549  0.0767658   0.919548   0.344954   0.908726   0.553947   0.898685   0.789858 0.818035
  0.943203    0.06892   0.955873  0.0753599   0.969319  0.0816063   0.910498   0.313224   0.899453    0.52941   0.888887   0.758197 0.811915
  0.940733  0.0740759    0.95411  0.0799699   0.967484  0.0863836    0.90005   0.277937   0.890168   0.505217   0.879264   0.732992 0.804341
  0.938611  0.0781287   0.952367  0.0845861   0.965166  0.0898354   0.891814   0.247225   0.880873   0.481351   0.872184   0.698391 0.804407
  0.936268  0.0827567   0.950652  0.0892121   0.963524  0.0938839   0.882419    0.21347   0.871562   0.457972   0.864018   0.675595 0.776703
  0.933338  0.0883197    0.94899  0.0938579   0.961738  0.0975719   0.871112   0.171009   0.862219   0.435489   0.856542   0.650047 0.748605
  0.930982  0.0937619   0.947408  0.0985349   0.961033   0.103264   0.860116   0.137926   0.852825   0.414361   0.845264    0.64449 0.71758
  0.929552  0.0975662   0.945874   0.103229    0.95842   0.108194   0.852457   0.118364   0.843403   0.394046   0.835242   0.606588 0.697828
  0.928203   0.102095    0.94431   0.107906    0.95667   0.110222   0.843383   0.100933   0.834012     0.3732   0.831032   0.579859 0.656743
  0.926803   0.106976    0.94269    0.11256   0.955797    0.11486   0.833612  0.0830226   0.824659    0.35143   0.821806   0.570396 0.609723
  0.925691   0.112131   0.941075   0.117227     0.9546   0.119063   0.823338  0.0701682    0.81528   0.329736   0.813393   0.555114 0.608517
  0.924634   0.116976   0.939578   0.121943   0.954082   0.123728   0.813681  0.0578798   0.805819    0.31005   0.804157   0.551546 0.554572
  0.923786   0.122255   0.938437   0.126737   0.953202   0.127951   0.803197  0.0495344   0.796252   0.296328   0.795745   0.541525 0.616125
   0.92281   0.127494   0.937826   0.131622   0.952817   0.131985   0.792776   0.039011   0.786574   0.291468   0.787768   0.539487 0.554229
  0.922161   0.133001    0.93755   0.136557   0.952375   0.137296   0.781869  0.0341735   0.776838   0.292193   0.777272   0.537857 0.546434
  0.921752   0.139131   0.937331   0.141492   0.951844   0.141965   0.769767  0.0339842    0.76711   0.293848   0.768027   0.534081 0.560674
  0.921522   0.145676   0.937082   0.146417   0.951606   0.147028   0.756874  0.0371809   0.757399   0.294997   0.758045   0.535572 0.565465
  0.921513   0.152991   0.936816   0.151341   0.951739   0.152098   0.742496  0.0448474   0.747687    0.29588   0.748099   0.543181 0.556151
  0.921897   0.159352   0.936606   0.156271   0.952034    0.15711   0.730043  0.0579939   0.737971   0.297673   0.738284   0.553427 0.574172
  0.922467   0.165262    0.93657    0.16121   0.952578   0.161395   0.718499  0.0737405   0.728258   0.302356   0.729931   0.567001 0.587449
  0.923373   0.170441   0.936827   0.166143   0.953585    0.16497   0.708435  0.0942432   0.718594   0.311882   0.723033   0.587448 0.555069
  0.924439   0.175233   0.937493   0.171027    0.95536   0.168868   0.699152   0.116973    0.70908   0.328117   0.715596   0.620947 0.569137
  0.925786   0.179625   0.938646   0.175819   0.956027   0.173103   0.690691   0.143931   0.699808   0.352289   0.707359   0.636484 0.6041
  0.927276   0.184001   0.940262   0.180483   0.957398   0.175637   0.682279    0.17321   0.690845   0.383966   0.702552   0.661842 0.563032
  0.928996   0.188969   0.942245   0.185014   0.959589   0.179607   0.672733    0.20694   0.682192    0.42156   0.695029   0.702286 0.570474
  0.930492   0.193314   0.944233   0.189534    0.96036   0.184882   0.664384   0.236294   0.673563   0.459238   0.684757   0.720668 0.574748
  0.931844   0.197692   0.945837   0.194184   0.961482   0.189718   0.655951   0.263316   0.664626   0.490705   0.675395    0.74437 0.583518
  0.932915   0.202111   0.947128   0.198948   0.962631   0.194123   0.647401   0.285735   0.655427   0.517123   0.666884   0.768059 0.593801
   0.93399   0.206663    0.94841   0.203724   0.963849   0.198654    0.63859   0.308362   0.646203    0.54341   0.658133   0.793031 0.586738
  0.934879   0.210437   0.949691   0.208492   0.965084   0.204192   0.631287   0.327086   0.636994   0.569685   0.647404   0.819351 0.585951
   0.93561   0.215197   0.950709    0.21331   0.965906   0.210041   0.622024   0.344242   0.627653   0.591648   0.636014   0.839185 0.608286
  0.936286   0.220468   0.951377   0.218197    0.96666   0.214844    0.61175   0.361047   0.618133   0.607906    0.62667   0.856767 0.602308
  0.937144   0.225248   0.951907   0.223109   0.967364   0.220334   0.602465   0.380335   0.608546   0.621922   0.615967   0.874273 0.595234
  0.937866   0.229713    0.95249    0.22801   0.968183   0.225127    0.59378   0.397042   0.598988   0.636779   0.606651   0.892929 0.5602
  0.938596   0.234006   0.953174   0.232894   0.969008   0.229623   0.585435   0.413688   0.589476   0.653303    0.59792   0.911371 0.598494
  0.939364   0.238438   0.953966   0.237764   0.969907   0.234072   0.576821   0.431116   0.580005   0.671602    0.58929   0.930972 0.594768
  0.939751    0.24334    0.95477   0.242634   0.970345   0.239823   0.567236   0.442753   0.570534   0.690098   0.578043   0.944359 0.594791
  0.939714   0.248375   0.955464   0.247522   0.970846   0.245237   0.557334   0.447526   0.561015   0.706781   0.567465   0.958429 0.563785
  0.940095   0.252494   0.955983   0.252431   0.971172   0.251502   0.549288   0.458223   0.551434   0.720609   0.555192   0.970518 0.530623
   0.93982   0.257376     0.9563   0.257353   0.970973    0.25817   0.539657     0.4589     0.5418   0.731109   0.542061   0.974359 0.584021
  0.939468    0.26239   0.956412   0.262284   0.970645   0.264607   0.529756   0.458447   0.532121   0.738229   0.529367   0.975832 0.587962
  0.938973   0.266801   0.956338   0.267222   0.969897   0.270049   0.521024   0.454994   0.522406   0.742293   0.518576   0.969296 0.589755
  0.938345   0.270903   0.956046   0.272152   0.969177   0.275671   0.512882   0.449002   0.512679   0.742746   0.507433   0.963407 0.600051
  0.937602   0.274755   0.955413   0.277041   0.967884   0.281486   0.505216   0.440846   0.502989   0.737515   0.495839   0.948275 0.57356
  0.936781   0.278642   0.954349   0.281858    0.96678   0.286827   0.497471   0.431442   0.493387   0.725096   0.485201   0.935741 0.598957
   0.93589    0.28171   0.952893   0.286576   0.965492   0.292027   0.491328   0.420008   0.483927   0.706087   0.474818   0.920036 0.583648
  0.934645   0.284349   0.951101   0.291176   0.964178   0.296548   0.485982   0.402278   0.474659   0.681407   0.465764   0.903163 0.604091
  0.933636   0.289249   0.949008   0.295643   0.962564   0.301352   0.476223   0.390847   0.465611   0.651603   0.456115   0.881642 0.651985
  0.932272    0.29345   0.946645   0.299974   0.960791   0.305904   0.467792   0.372804   0.456799   0.617212   0.446943   0.857216 0.597215
  0.930132   0.297236   0.944118   0.304214   0.958897   0.309601   0.460078   0.341501   0.448143   0.579998   0.439436   0.829893 0.567297
  0.927985   0.301308   0.941569   0.308442   0.956466   0.314342   0.451802   0.310396   0.439509   0.542418   0.429809   0.794797 0.572329
  0.925499   0.305808   0.939095   0.312709   0.953797   0.319053   0.442642   0.274143   0.430806   0.506108   0.420208   0.755747 0.550086
  0.923142   0.310121   0.936739   0.317044   0.950877   0.324314   0.433863   0.239827   0.421986    0.47183   0.409496   0.713148 0.55536
  0.921194   0.313996   0.934481   0.321436   0.948722   0.328276   0.425998   0.211787   0.413066   0.439222   0.401435   0.681779 0.548981
  0.918229   0.319412   0.932188   0.325807   0.946741   0.331967   0.414976   0.168605   0.404185   0.406018   0.393928   0.653017 0.535135
  0.915281    0.32542   0.929794   0.330117   0.944652   0.336166   0.402794   0.126326   0.395408   0.371086   0.385409   0.622991 0.536823
  0.913864   0.329521   0.927476   0.334472   0.942951   0.340048   0.394553   0.107309   0.386553   0.337454   0.377563   0.599047 0.529272
  0.912197   0.333744   0.925453   0.338987   0.941919   0.343242   0.386039   0.084291   0.377421   0.308872   0.371153   0.585421 0.50934
  0.910563   0.339034   0.923919   0.343675   0.941064   0.346833   0.375435  0.0629599   0.368013   0.288543   0.363986   0.575126 0.527348
  0.909379   0.344376   0.923034   0.348508   0.940321   0.350258   0.364784  0.0491196     0.3584   0.279093   0.357161   0.566523 0.547728
  0.908734   0.350814   0.922702   0.353436   0.939731   0.353758   0.352048   0.045343   0.348672   0.278881   0.350205   0.560527 0.52874
   0.90835   0.358039   0.922672   0.358392   0.939801   0.358112   0.337799   0.046728   0.338928   0.283689   0.341657   0.566332 0.576257
  0.908811   0.365017   0.922912   0.363321   0.940167   0.362721   0.324141  0.0618106    0.32927   0.292916   0.332645   0.577317 0.574474
  0.909408   0.371494   0.923625   0.368182   0.940591   0.367098   0.311486  0.0785935   0.319805   0.309892   0.324096   0.588991 0.562678
    0.9106   0.377293   0.924887   0.372951   0.941207   0.370765    0.30024   0.104483   0.310593   0.335844   0.316966   0.603088 0.502312
  0.911844   0.382963   0.926513   0.377628   0.942014   0.374471   0.289255   0.131098   0.301606   0.367706   0.309785   0.620381 0.518324
  0.913481   0.387941   0.928341   0.382215   0.942943   0.378591   0.279678    0.16346   0.292824   0.402815   0.301805   0.640132 0.524052
   0.91533   0.392591   0.930386   0.386696   0.944264   0.382557   0.270775   0.198976   0.284277   0.441387   0.294179   0.666198 0.516846
  0.917014   0.396878   0.932664   0.391068   0.945714   0.386172   0.262562   0.231389   0.275973   0.483694   0.287258   0.694022 0.496734
  0.918686   0.401235   0.934981   0.395432   0.947432   0.390882   0.254211   0.263658   0.267691   0.526635   0.278219    0.72744 0.500881
  0.920114   0.405199   0.937066   0.399917   0.949567   0.396134   0.246603     0.2915    0.25914   0.565865   0.268167   0.768327 0.50166
  0.921645   0.408963   0.938687   0.404572   0.951512   0.401334   0.239398   0.320801   0.250198   0.597626   0.258194   0.806009 0.500823
  0.922741    0.41238   0.939651   0.409386   0.952946     0.4059   0.232822   0.342561   0.240858     0.6187   0.249402   0.834574 0.479877
  0.923732   0.415668   0.940039   0.414313   0.954187   0.410502   0.226486   0.362458   0.231223    0.63038   0.240514   0.860007 0.490335
  0.924413   0.419745   0.940246   0.419264   0.954924   0.416148   0.218559   0.378072   0.221519   0.639091   0.229511   0.878216 0.491448
  0.924983   0.424123   0.940508   0.424187   0.955582   0.421822   0.210026   0.392155   0.211877   0.648687   0.218444   0.895152 0.487384
  0.925381   0.428952   0.940718   0.429105   0.956224   0.427449   0.200585   0.403905   0.202236   0.657417   0.207465   0.911774 0.466828
  0.925594   0.433709   0.940759   0.434043   0.956397   0.434701   0.191262   0.412504   0.192536    0.66337   0.193233   0.922399 0.447069
  0.925258   0.439044   0.940622   0.438985   0.956023   0.441283   0.180735   0.412669   0.182805   0.666391   0.180249   0.923252 0.453148
  0.924886   0.444267   0.940316   0.443909    0.95539   0.446824   0.170422   0.412102   0.173088   0.666597   0.169276   0.918721 0.437375
  0.924276   0.447795   0.939801   0.448809   0.954725   0.452389    0.16341   0.405798   0.163391   0.663332   0.158255   0.913694 0.418051
  0.922989    0.45124    0.93902   0.453683   0.953802   0.457638   0.156475   0.388224   0.153713   0.655658   0.147821    0.90406 0.41284
  0.921966   0.455198   0.937942   0.458506   0.952268   0.462561   0.148564   0.375559   0.144096   0.642995    0.13795   0.883982 0.3892
  0.920716   0.458887   0.936548    0.46324   0.950556   0.467411   0.141155   0.358865   0.134613   0.625046   0.128198   0.860886 0.391046
  0.919405   0.462872   0.934871   0.467877   0.948224   0.473036   0.133154    0.34147   0.125287   0.602289   0.116845   0.828384 0.360817
  0.918161   0.466833   0.932992   0.472438   0.945997   0.478408   0.125211   0.325161   0.116082   0.576139   0.106003   0.797344 0.329166
   0.91707   0.471536   0.931028   0.476964   0.944098   0.482524   0.115829   0.312166   0.106936   0.548534  0.0976712   0.770387 0.308711
  0.916233   0.476901   0.929152   0.481527   0.942084   0.486512   0.105177   0.304068  0.0977292    0.52242   0.089576   0.741373 0.311823
  0.915146   0.481195    0.92746   0.486166   0.939381   0.491192  0.0965988   0.290712  0.0883966   0.499444  0.0800341   0.701728 0.240054
  0.913972   0.486978   0.925738    0.49079   0.935652   0.497101   0.085084   0.277507  0.0790887   0.475937  0.0679456   0.646448 0.185032
  0.912969   0.491451   0.923741   0.495298   0.932328   0.501146  0.0761637   0.265725  0.0699743   0.447779  0.0595726   0.595877 0.216963
  0.911468   0.494674    0.92156   0.499729   0.930573    0.50509  0.0696376   0.244374  0.0609875   0.416482  0.0515962   0.571105 0.210869
  0.909823   0.499813   0.919408   0.504174   0.926906   0.510562  0.0593289   0.222688  0.0519755    0.38569  0.0403751   0.516378 0.237486
  0.907599   0.503957   0.917269   0.508621   0.924141   0.514725  0.0508993   0.190383  0.0429632   0.355115  0.0318404    0.47516 0.273024
   0.90642   0.507881   0.914956   0.512977   0.919864   0.519075  0.0430367   0.175118  0.0341073   0.321562  0.0227461   0.409152 0.253341
  0.904804   0.511847    0.91236   0.517175   0.917772    0.52067  0.0350368   0.152661  0.0255265   0.283175  0.0193449   0.376314 0.2417
  0.903363    0.51616   0.909481    0.52118   0.911457   0.524703  0.0263753   0.133465  0.0172873   0.239898  0.0106153   0.276299 0.223212
  0.902109   0.523526   0.906358   0.524999    0.90814   0.527122  0.0117385   0.120637 0.00938369     0.1924 0.00543843    0.22411 0.218641
  0.903109   0.528719   0.903109   0.528719   0.903109   0.528719 0.00165792   0.142703 0.00165792   0.142703 0.00165792   0.142703 0
