75
  0.193898   0.778147   0.193898   0.778147   0.193898   0.778147 0.000344016     0.8783 0.000344016     0.8783 0.000344016     0.8783 0
  0.198378   0.781273   0.198369   0.776988    0.19581   0.768729  0.0132238   0.932312  0.0151775    0.87097  0.0108197     0.7475 0.8
  0.204913   0.782698    0.20277   0.775615   0.199512   0.766077  0.0334622   0.966224  0.0298885   0.860444  0.0238829    0.71722 1
  0.210903   0.782751   0.207062   0.773926    0.20296   0.763817   0.052591   0.979397  0.0443952   0.845169  0.0359566   0.692024 0.981833
  0.215738   0.781541   0.211269   0.772016   0.207242   0.761278  0.0686133   0.972097  0.0587297   0.826542  0.0508236   0.664567 1
  0.219893    0.77967   0.215555    0.77032   0.211715    0.75904   0.082767   0.953926  0.0732212   0.811161   0.066162   0.641801 0.997924
  0.224733   0.778141   0.219966   0.768959   0.215935   0.757342  0.0989502   0.942077  0.0879565   0.800822  0.0804442   0.626251 1
  0.228496   0.776635   0.224405     0.7677   0.221139   0.754869   0.111682   0.928323   0.102733   0.792004  0.0982298   0.601636 0.994014
  0.232153   0.775281   0.228912   0.766704   0.225884   0.753421   0.124001   0.916521   0.117607   0.787075   0.114073   0.590745 1
  0.235928   0.774243   0.233441   0.765793   0.230531   0.752499   0.136554   0.909477    0.13251   0.783427    0.12936   0.587184 1
  0.240098   0.773259   0.237849   0.764455   0.234475   0.751419   0.150344   0.904041   0.147225   0.773407   0.142471   0.579896 1
  0.244903   0.772304   0.242232   0.763017   0.238408   0.750396   0.166151   0.900318   0.161909   0.761916   0.155521   0.573403 1
  0.249696   0.770766   0.246668   0.761752   0.242628    0.74897   0.182189   0.888237   0.176677   0.752998   0.169674   0.561735 1
  0.253864   0.769397   0.251126   0.760576   0.247132   0.747325   0.196151    0.87728   0.191477   0.745402   0.184838   0.547532 1
  0.258291   0.768351   0.255628   0.759542   0.251766   0.746323    0.21079   0.871486   0.206353   0.739929   0.200121   0.542787 1
  0.263191   0.767352   0.260137   0.758534   0.255261   0.745306   0.226924   0.867341   0.221237   0.734839   0.211769   0.535482 1
  0.268406   0.766325   0.264546   0.757235   0.258919    0.74404   0.244074   0.863448   0.235938   0.725397   0.224052   0.524932 1
  0.272386   0.765113   0.268924   0.755751   0.262815    0.74262   0.257361   0.854347   0.250624   0.713216   0.237167   0.512689 1
  0.276321   0.763742    0.27322   0.754037   0.266176   0.741453   0.270581   0.842881   0.265155   0.697595   0.248455   0.502953 1
  0.280728     0.7622   0.277213   0.751762   0.269485   0.740316   0.285385   0.829946   0.278976   0.673317   0.259562   0.493535 1
  0.285053   0.760319   0.281035   0.749171   0.273149   0.738834   0.300085   0.811989   0.292399   0.644161   0.271964   0.479914 1
  0.289868   0.757615   0.284774    0.74646   0.276762   0.736804   0.316736   0.783266    0.30561   0.613102   0.284459   0.458358 1
  0.294158   0.754998   0.288283   0.743473   0.280128   0.734759   0.331664   0.754712   0.318212   0.577629   0.296168   0.436059 1
  0.298972   0.751834   0.291553    0.74022    0.28382     0.7321   0.348523   0.719402   0.330176    0.53786   0.309205   0.405656 1
  0.303468   0.748279   0.294778   0.736917   0.288035   0.729051   0.364546   0.677845   0.342015   0.497279   0.324093   0.370763 1
  0.306956   0.745374   0.298318   0.733956   0.292249   0.725719   0.377045   0.643503   0.354705   0.462247   0.339113   0.331814 1
  0.310877   0.742158   0.302273   0.731578    0.29622   0.722661    0.39107   0.605607   0.368454   0.436407   0.353224   0.296278 1
  0.313901   0.739438   0.306412   0.729522   0.300502   0.718992   0.401999    0.57296    0.38264    0.41556   0.368616   0.252651 1
  0.318043   0.736098   0.310249    0.72699   0.305145   0.715661   0.416789   0.533743   0.396082   0.387278   0.385005   0.214609 1
  0.322151    0.73324   0.313911   0.724164   0.308484   0.713797    0.43125   0.501354   0.409101   0.354423   0.396546   0.194847 1
  0.324694   0.731565   0.317728   0.721579   0.313351   0.710672   0.440156   0.482651   0.422503   0.325335   0.413555    0.16021 1
  0.327769    0.72991   0.321857   0.719534   0.317855   0.708148   0.450756   0.465342   0.436654   0.304629   0.429124   0.133433 1
  0.330854   0.728015   0.326098   0.717688    0.32223   0.705536   0.461497   0.444613   0.451068   0.287006   0.444324   0.105122 1
  0.334354   0.726227   0.330264   0.715718   0.326341    0.70372   0.473516   0.426272   0.465302   0.267439   0.458309  0.0876467 1
  0.338324   0.724433   0.334469   0.713816   0.330543   0.702002   0.487041   0.408835   0.479629    0.24894   0.472542  0.0717639 1
  0.342597   0.722555   0.338767   0.712135   0.334568   0.700372   0.501578   0.390806   0.494153   0.233785   0.486169  0.0567826 1
  0.346391   0.721275   0.343137   0.710655   0.338926   0.698804     0.5143   0.380358   0.508812   0.221661   0.500828  0.0433586 1
  0.349391   0.720164   0.347503   0.709161   0.342777   0.697467   0.524407   0.370664   0.523463   0.209325   0.513764  0.0322178 1
  0.352651   0.719569   0.351883   0.707706   0.347412   0.696167   0.535109   0.368907   0.538143   0.197575   0.529185  0.0232031 1
  0.356658   0.718744   0.356336   0.706501   0.352102   0.695272   0.548304   0.365395   0.552941   0.189553   0.544598   0.020116 1
  0.360485   0.718282   0.360891   0.705764   0.359473   0.694915   0.560755   0.366717   0.567848    0.18844   0.568334  0.0302786 1
  0.365363   0.717984   0.365504     0.7056   0.366614   0.694819   0.576492    0.37255   0.582673   0.195656   0.591214  0.0436916 1
  0.370687   0.718143   0.370098    0.70602   0.372233   0.695518   0.593441   0.385848    0.59717   0.211176   0.608859   0.065324 1
  0.374914    0.71858    0.37462   0.706933   0.377168   0.696345   0.606758   0.400859   0.611207     0.2336   0.624256  0.0873847 1
  0.378746   0.719114   0.379114   0.707987   0.382803   0.697314   0.618764   0.416444   0.625091    0.25799   0.641826   0.112911 1
  0.382316   0.719767   0.383628   0.708946   0.387806   0.698251   0.629878    0.43318    0.63908   0.281062    0.65739   0.136689 1
  0.385273    0.72052   0.388089   0.710124   0.391386   0.699635   0.638986   0.450074   0.652801   0.307149     0.6682   0.163898 1
  0.388078   0.721414   0.392433   0.711679   0.396451   0.701083    0.64754   0.468673   0.665971   0.338392   0.683724   0.195102 0.997691
  0.391445   0.722777   0.396649   0.713554   0.400188   0.702573   0.657675   0.495146   0.678586    0.37396   0.694984   0.224166 0.927159
  0.395553   0.724762   0.400822   0.715525   0.405989     0.7053   0.669893   0.532055   0.691018   0.410804   0.712274   0.275201 0.899846
  0.399712   0.726978   0.404982    0.71752   0.409715   0.707395   0.682169   0.572388   0.703397   0.447969   0.723217   0.312896 0.771567
  0.404222   0.729465   0.409145   0.719512   0.413123   0.709233    0.69544   0.617302   0.715787   0.485083   0.733265   0.346253 0.964981
  0.408115   0.731833   0.413387   0.721325   0.416874   0.711357   0.706793   0.659249   0.728512    0.51982   0.744278   0.384416 0.902101
  0.412558   0.734634   0.417631   0.723134   0.422538   0.714889   0.719703   0.708526   0.741248    0.55449   0.760755   0.446674 0.996148
  0.417523    0.73763    0.42178   0.725161   0.427759    0.71815   0.734192   0.761682   0.753577   0.592083    0.77594    0.50415 0.966456
  0.422035   0.740123    0.42595   0.727129    0.42979    0.71937   0.747468   0.806696      0.766   0.628885   0.781869   0.525811 0.976478
  0.427064   0.742521   0.430202   0.728921   0.433462   0.721217   0.762438   0.851422   0.778766   0.663331   0.792758   0.559844 0.93877
  0.431147   0.744137   0.434499    0.73063   0.436975   0.722971   0.774748   0.883003   0.791716   0.696672   0.803179   0.592221 0.943865
  0.435018   0.745485   0.438724    0.73245   0.439743   0.723693   0.786502   0.910313   0.804386    0.73147   0.811697   0.608283 0.923632
  0.439112   0.746514   0.442865   0.734484   0.443393   0.724757   0.799117   0.933509   0.816686    0.76915   0.822875   0.631067 0.94444
  0.443991   0.747452   0.447046   0.736495   0.446297   0.725366   0.814286   0.957035   0.829125   0.806583   0.831881   0.645791 0.933965
  0.450467   0.747692   0.451511   0.737538   0.450529   0.725725   0.834881   0.973879   0.842918   0.830752   0.845247   0.659689 0.973484
  0.457464   0.747116   0.456113   0.737207   0.453998   0.725183   0.857521   0.980135   0.857789   0.835545   0.856591   0.659118 1
  0.461896   0.745671   0.460495    0.73574   0.457071   0.723999   0.872365   0.968626   0.872479   0.823638   0.866965   0.648537 1
  0.466134   0.743796   0.464651   0.733732   0.459862   0.722522   0.886782   0.950585   0.886701   0.803501   0.876574   0.633196 0.990445
  0.471455   0.740542   0.468744   0.731625   0.462717   0.721019   0.905305   0.915045   0.900761   0.781841     0.8864   0.617605 0.874745
  0.476113   0.737352   0.472885   0.729538   0.465782   0.718779   0.921677   0.879037   0.914971   0.760547   0.897236   0.591893 0.780843
  0.480828   0.733923   0.476785   0.727093   0.469543   0.715931   0.938341   0.839738   0.928573    0.73364   0.910583   0.558938 0.888918
   0.48534   0.729919   0.480247   0.724085   0.471602   0.714132   0.954622    0.79179   0.941036   0.697778      0.918   0.537461 0.839833
  0.488162   0.726094    0.48331   0.720624   0.474222   0.712245   0.965416   0.742915   0.952434    0.65459   0.927251   0.515883 0.553737
  0.492066   0.721954   0.486265   0.717056   0.476731   0.710111   0.979817   0.691761   0.963533   0.609662   0.936261   0.490544 0.531104
  0.494393   0.716242   0.488897    0.71331   0.479932   0.708097   0.989903   0.614854   0.973683   0.561507   0.947429   0.468357 0.23874
  0.495322   0.709538   0.490732   0.709059   0.484774   0.704405   0.995974    0.52085   0.981521    0.50449   0.964622    0.42555 0.436685
  0.495071   0.704955   0.492243   0.704662   0.488431   0.701986   0.997295    0.45475   0.988385   0.444699   0.977434   0.398517 0.397043
  0.493767   0.700339   0.493767   0.700339   0.493767   0.700339   0.995259      0.386   0.995259      0.386   0.995259      0.386 0
