69
  0.635425    0.23516   0.635425    0.23516   0.635425    0.23516 0.00480863   0.424554 0.00480863   0.424554 0.00480863   0.424554 0
  0.635751   0.241987   0.639147   0.238408   0.647319   0.227896 0.00390274   0.536561  0.0154382    0.48312  0.0437252   0.323482 0.416878
  0.636235    0.24614   0.642967   0.241644   0.653243   0.228024  0.0042371   0.605137  0.0263729   0.541649  0.0620567   0.334337 0.827718
  0.640825   0.253221   0.646957   0.244606   0.656261   0.229049  0.0164813   0.727607  0.0379102   0.595932  0.0711281   0.355541 0.928958
    0.6455   0.258213   0.651237   0.247017   0.658374   0.230015  0.0295743   0.816081  0.0505054   0.641666  0.0774059   0.374456 0.902198
  0.650679   0.263413   0.655991   0.248797   0.659926   0.230113   0.044171    0.90869  0.0647432   0.677777  0.0821904   0.378357 0.937589
  0.658181   0.266376   0.660868   0.248793   0.662168   0.229267  0.0665981   0.968197  0.0798673   0.684924  0.0893798   0.367844 0.993935
  0.666758    0.26567   0.665385    0.24672   0.664538    0.22769  0.0933876   0.969362  0.0944533   0.657742  0.0971723   0.345598 0.993348
   0.67182   0.263634   0.669431   0.243829   0.666431    0.22574   0.109656   0.943591   0.107809     0.6165   0.103588   0.316535 0.993472
  0.677331   0.260094   0.673764   0.241421   0.670201   0.222686   0.127737   0.893902   0.121919   0.583576   0.116133   0.272225 0.993322
  0.680993   0.257398   0.678578   0.240086   0.676262    0.22149   0.139845   0.855285   0.137222   0.568883   0.135263   0.261659 0.984001
  0.684525   0.257044   0.683522   0.240115   0.681796   0.222596   0.150896   0.854732   0.152541   0.576666   0.152109   0.287907 0.992132
  0.690538   0.257597   0.688248   0.241667   0.685274   0.223724   0.169385   0.872655   0.166757   0.609016   0.162577   0.311485 0.998603
  0.696229   0.256828   0.693101   0.242782    0.69075   0.223927   0.187245   0.868523    0.18149   0.634411   0.179497   0.322912 0.997359
   0.70068   0.254467   0.697983   0.242074   0.696333   0.221958   0.201707   0.836522   0.196826    0.63007   0.197361   0.298995 1
  0.704297   0.255198   0.702458   0.239885     0.7033   0.221626   0.212717   0.853832   0.211317   0.600935   0.219054   0.303885 1
  0.708138   0.256527   0.706958   0.237744   0.708671   0.220987   0.224252   0.881227   0.225869   0.572619   0.235885   0.301392 1
  0.714775   0.255496   0.711754   0.236539   0.711668   0.219174   0.245121   0.874202   0.241077   0.560026   0.245688   0.276205 0.998534
  0.718587   0.252714    0.71674   0.236513   0.714763   0.217847   0.257719   0.834393   0.256542   0.566985   0.255654   0.259115 1
  0.722479   0.252712   0.721591   0.237513   0.719636   0.216993   0.269787   0.840115   0.271301   0.590489   0.271002   0.252371 1
  0.728003   0.253731   0.726395   0.238842   0.724122   0.217927   0.286628   0.864932   0.285822   0.619316   0.284649   0.274272 1
  0.732968   0.252499   0.731288   0.239632   0.728338   0.218256   0.302366   0.852163   0.300772   0.639463   0.297629   0.285879 1
  0.737629   0.251121   0.736247   0.239303     0.7342   0.218394   0.317205   0.836537    0.31624   0.641429   0.315766   0.296814 0.996693
  0.741956   0.252142   0.741068   0.238086   0.739009   0.218947   0.330334   0.859623    0.33153   0.628681    0.33052    0.31296 1
   0.74811   0.253435   0.745878   0.236858   0.743945   0.219306   0.349053    0.88986   0.346786   0.615727   0.345722   0.326128 1
  0.753045   0.251361    0.75077   0.235973   0.747842   0.218096   0.364935   0.863268   0.362203   0.608519   0.358144   0.312131 1
   0.75677   0.250026   0.755637   0.234982   0.754254   0.217482   0.376859   0.846971    0.37757   0.599532   0.378196    0.31158 1
  0.762049   0.249785   0.760514   0.234032   0.760573   0.217827   0.393294   0.850852   0.392958   0.591223   0.397692   0.326562 1
  0.766026   0.251028   0.765431   0.233325   0.764665   0.217251   0.405276   0.877049   0.408403   0.586941   0.410542   0.323207 1
  0.772466   0.249592   0.770376   0.232836   0.767786   0.215951   0.425647   0.863118   0.423871   0.586282   0.420582   0.306599 1
  0.776332    0.24826   0.775321   0.232343   0.774533   0.215483   0.438005   0.847063   0.439342   0.585533   0.441632   0.308928 1
  0.780889   0.249265   0.780286   0.232213    0.77895   0.216338   0.451852   0.870239   0.454771   0.590764   0.455087   0.329437 1
  0.787808   0.249479   0.785237   0.232683    0.78298   0.216565   0.473244   0.883962   0.469989   0.605769   0.467517    0.33911 1
  0.792437   0.248199   0.790126   0.233495   0.786658   0.215441   0.487955     0.8699   0.484921   0.626262   0.479237   0.326188 1
  0.796703   0.248916   0.795079   0.234098   0.793066   0.215214   0.500982   0.887924   0.500106   0.643438   0.499168   0.331968 1
  0.802236   0.249913   0.800015   0.233765   0.797602    0.21575   0.517856   0.912412   0.515505   0.645319   0.513083   0.347437 1
  0.810025   0.250431    0.80474   0.232201   0.801055   0.216602    0.54186   0.932395   0.530593   0.626747   0.523548   0.366453 1
  0.816354   0.246798   0.809168   0.229957   0.804547   0.216357   0.562502   0.882407   0.544953   0.596646   0.534445   0.367621 0.998244
  0.821653   0.244095   0.813578   0.227661   0.807714   0.215024    0.57969   0.846097   0.559269   0.565654   0.544638   0.350528 0.983039
  0.826118   0.242263   0.817912   0.225239   0.811084   0.213156   0.594048   0.822764   0.573388   0.532502   0.555609   0.325008 1
  0.831406   0.238274   0.821985   0.222401   0.815727   0.210049   0.611564    0.76543   0.586813   0.492165   0.570877   0.281112 1
   0.83385   0.235395   0.826245   0.219821   0.819888   0.206621   0.619949   0.721999   0.600745   0.456329   0.584744   0.231266 1
  0.837622   0.233201   0.830361   0.217062   0.824647   0.202697    0.63226   0.691741   0.614281   0.417335   0.600601   0.174197 1
  0.840139   0.230277    0.83415   0.213835   0.830118   0.198908   0.640887   0.647699   0.626936   0.370218   0.618625   0.120395 1
  0.842325   0.228791   0.838202   0.210954   0.836722   0.195374   0.648081    0.62666   0.640308   0.329158   0.640095  0.0724359 1
  0.846036   0.226753   0.842767   0.209064    0.84107   0.193556   0.660159   0.598852   0.654992   0.305027   0.654085   0.049175 1
  0.848974   0.225156   0.847706   0.208244   0.846334   0.191943   0.669716    0.57711   0.670534   0.298943   0.670857  0.0305999 1
   0.85159   0.224337   0.852646   0.208489   0.852991   0.190823   0.678058   0.567596   0.685783   0.310261   0.691814  0.0221657 1
  0.855377    0.22393   0.857265   0.210251   0.861216   0.191419   0.689912   0.566558    0.69961   0.345876   0.717146  0.0440675 1
  0.858747    0.22443   0.861695   0.212598   0.866071   0.192752   0.700223   0.579706   0.712685   0.390769   0.731824  0.0730318 1
  0.863088   0.227103   0.866192   0.214643   0.871702    0.19635   0.712929   0.629803   0.726051   0.430834   0.748274   0.140144 0.998192
  0.867456   0.230453   0.870847   0.216398   0.875049   0.200316   0.725532   0.690998   0.739992   0.466404   0.757537   0.209883 0.996507
  0.871967   0.233835   0.875491   0.218185   0.879187   0.204743   0.738567   0.752923    0.75389   0.502467   0.769123   0.288334 0.994936
  0.876296   0.237131   0.879998   0.220252    0.88409   0.209296   0.751063   0.813178   0.767282   0.542899   0.783047   0.369973 1
  0.881712   0.240282   0.884428   0.222505   0.887617   0.211339   0.766972   0.872665   0.780383   0.586267   0.793407    0.40857 0.998546
  0.886774   0.242201   0.889025   0.224418   0.890764   0.212394   0.782127   0.911503   0.794099   0.624311   0.802867   0.430455 0.993036
  0.892298   0.243793    0.89382   0.225671    0.89381     0.2131   0.798807   0.945698   0.808614   0.651878   0.812113   0.446503 0.759203
  0.899352   0.244877   0.898758   0.226227    0.89835    0.21345   0.820372   0.973845   0.823769   0.668278   0.826092   0.458934 0.862304
   0.90648   0.244167   0.903738   0.226078   0.902254   0.212978   0.842673   0.972789   0.839251   0.673209   0.838327   0.457004 0.597259
  0.911968   0.243114   0.908514   0.224779   0.905941   0.211512   0.859982   0.963697   0.854425   0.659055   0.850172   0.438501 0.82061
  0.917862   0.240484   0.912821     0.2223   0.908357   0.210092   0.878997   0.929461   0.868472   0.624932   0.858061   0.418878 0.658459
  0.922402   0.236926   0.916837   0.219358   0.911983   0.207769   0.894071    0.87805   0.881751   0.582809   0.869954   0.386289 0.382564
   0.92762    0.23442    0.92125   0.217094     0.9166   0.204776   0.910952   0.844824    0.89607   0.552345    0.88511   0.344224 0.523613
  0.933076    0.22994   0.925862   0.215231   0.921445   0.201802   0.929127   0.779718   0.910891   0.528737   0.900967   0.302807 0.810836
   0.93665   0.228283   0.930448   0.213339   0.925113   0.199671   0.940673   0.757938   0.925641   0.504609   0.912938   0.273434 0.694151
  0.939985   0.226635   0.935075   0.211521   0.931209   0.197979   0.951477   0.735941   0.940496   0.481761   0.932313   0.254799 0.667241
  0.942497   0.225741   0.939922   0.210456   0.937114   0.195257   0.959515   0.725065   0.955823   0.471527   0.951386   0.219077 0.819228
  0.948611   0.210144   0.944882   0.209927     0.9444   0.201316   0.982852   0.479293    0.97135    0.47024   0.972274   0.328839 0.194186
  0.949817   0.209497   0.949817   0.209497   0.949817   0.209497   0.986774   0.470517   0.986774   0.470517   0.986774   0.470517 0
