95
  0.177317   0.432792   0.177317   0.432792   0.177317   0.432792  0.0102528   0.856714  0.0102528   0.856714  0.0102528   0.856714 0
  0.178209   0.427039   0.174057   0.429844   0.172966   0.433259  0.0295308   0.866897  0.0199827   0.815979 0.00851683   0.803004 0.667021
   0.17515    0.42035    0.17064   0.427096   0.165352   0.434476  0.0517838   0.828109  0.0290411   0.773349 0.00414486   0.709062 0.949339
  0.173135    0.41634   0.167009   0.424624   0.161463    0.43347  0.0651148    0.80261  0.0371642   0.728093 0.00735384   0.660839 0.951121
  0.170712   0.412151   0.163401   0.422128   0.156961   0.431244  0.0790305   0.772045  0.0453695   0.683128  0.0146214   0.604859 0.956749
  0.168492   0.408626   0.160004   0.419368    0.15289    0.42862  0.0907327   0.744078  0.0544649   0.640738   0.023237   0.554152 0.954819
  0.166172    0.40479   0.156734   0.416443   0.148894   0.425573   0.103471   0.714837  0.0641216   0.599879  0.0332716   0.504308 0.922648
  0.163997   0.401312   0.153488   0.413478    0.14501   0.422808   0.115019   0.687443  0.0739098   0.559318  0.0423654   0.455894 0.933359
  0.162182   0.398295   0.150217   0.410558   0.141166   0.419489   0.125039   0.664567  0.0835449   0.518457  0.0533153   0.407885 0.903069
  0.160006   0.395044   0.146913    0.40769   0.137104   0.415692   0.135826   0.637189   0.093007   0.477191  0.0658534   0.357121 0.926553
  0.158586   0.392584   0.143626   0.404762   0.133818   0.412556   0.143998   0.619271   0.102672   0.436138  0.0762111   0.316037 0.860293
  0.157485    0.39026   0.140553   0.401609   0.129914   0.408247   0.151728   0.605324   0.113094   0.397687  0.0904709   0.267143 0.951767
  0.155937   0.387611   0.138047   0.398029   0.125232    0.40245   0.160529     0.5858   0.124971   0.366184   0.109675   0.208414 0.959559
   0.15383   0.384821   0.136026   0.394115   0.121506   0.396751   0.169777   0.559348   0.137982    0.34063   0.128588   0.161525 0.945922
  0.151873   0.382728   0.133988   0.390245   0.119205   0.392139   0.176698   0.534844   0.150845   0.314866   0.143926   0.132408 0.922698
  0.151027   0.381603   0.132055   0.386342   0.116906   0.386507    0.18043   0.524223   0.163826   0.290398   0.162672   0.103153 0.913147
  0.151592   0.380908    0.13089   0.382005   0.115809   0.379128   0.182777   0.531108   0.178285   0.275357   0.187308  0.0885152 0.961568
  0.152945   0.380077   0.131215   0.377671   0.117489   0.372213    0.18561   0.547703   0.192793   0.278744   0.210505   0.108273 0.96098
  0.154502   0.379128   0.133648   0.374266   0.120078   0.366578   0.188845    0.56681   0.204279   0.308321   0.229457   0.139442 0.949624
  0.155853   0.378328   0.137569   0.372023   0.124637   0.360417   0.191576   0.583401   0.211939   0.356454   0.250244   0.194891 0.982114
  0.157159   0.377742   0.141813   0.370749   0.130297   0.356755   0.193588   0.599458   0.216367   0.408728   0.262719   0.264324 0.962239
  0.158946   0.377296   0.146059   0.369926   0.135246   0.354412   0.195149   0.621482   0.219288   0.461102   0.270753   0.325157 0.960397
  0.161686   0.376554   0.150332   0.368965   0.141658   0.353503   0.197741   0.655238   0.222674   0.513782   0.274047   0.404292 0.960913
  0.164217   0.375628   0.154552   0.367659   0.147765   0.353355   0.200937   0.686391   0.227209   0.565747   0.274784   0.479753 0.963914
  0.167203   0.374158   0.158622    0.36597   0.150467   0.351985   0.205973   0.723088    0.23302   0.615811   0.279474    0.51296 0.960137
  0.170353   0.372533   0.162534   0.364012   0.153354   0.350469   0.211533   0.761784   0.239726    0.66389    0.28466   0.548415 0.952862
  0.174991   0.369811   0.166307   0.361867   0.156393   0.349456   0.220823   0.818728   0.247049   0.710204   0.288168   0.585833 0.96121
  0.178976   0.366763   0.169961   0.359386   0.158694   0.348866   0.231175   0.867537   0.255493   0.755017   0.290235   0.614197 0.98305
   0.18437    0.36128    0.17328   0.356377   0.159656     0.3477   0.249729   0.933412    0.26569   0.795603   0.294174   0.625911 0.981739
  0.187411   0.356167    0.17541    0.35267   0.160579   0.346126   0.266952   0.970244   0.278173   0.821393   0.299475   0.637097 0.969576
  0.188614   0.347907    0.17583   0.348343   0.161075   0.344859    0.29463   0.983915   0.292665   0.825946    0.30373   0.643045 0.954076
  0.187256   0.340186    0.17492   0.343973   0.161328   0.343686   0.320401   0.965984   0.307243   0.814051   0.307666   0.645996 0.962412
  0.183406   0.333786   0.173052   0.340005   0.161121   0.342136   0.341656   0.917462   0.320442   0.790378   0.312842   0.643208 0.960446
  0.180818   0.331007   0.170398   0.336546   0.159498   0.340191   0.350847   0.885059   0.331906   0.757061   0.319282   0.622858 0.957504
  0.175169   0.325271   0.167157   0.333588   0.157265   0.338103   0.369812   0.814393   0.341672   0.716567   0.326178    0.59495 0.960272
  0.170579   0.321798   0.163593   0.331004   0.155204   0.335933   0.381246    0.75714   0.350176   0.672129   0.333355   0.569155 0.972708
  0.168229   0.319072   0.159953   0.328557   0.152995   0.333702   0.390269   0.727696   0.358213   0.626777   0.340729   0.541516 0.953433
  0.165087    0.31725   0.156452   0.325927   0.150092   0.331365   0.396239   0.688585   0.366874   0.583109   0.348429     0.5053 0.94583
  0.160906   0.314559   0.153057   0.323138     0.1467   0.328765   0.405072   0.636509   0.376066   0.540738   0.356993   0.462979 0.959604
  0.157708   0.310898   0.149542   0.320505   0.142934   0.325881   0.417191   0.596436   0.384734   0.496905   0.366491      0.416 0.959472
  0.154194   0.309312   0.145922   0.318019   0.138913   0.322731   0.422357   0.552765   0.392907   0.451794   0.376865   0.365844 0.975679
  0.152097    0.30666   0.142373   0.315454   0.135932    0.32071   0.431146   0.526452   0.401343   0.407541   0.383508   0.328688 0.97114
  0.148918   0.304287   0.138922   0.312753   0.131028   0.316949   0.438956   0.486814   0.410243   0.364483   0.395894   0.267519 0.972295
  0.144989   0.302123   0.135532   0.309938   0.127223   0.313825   0.446039   0.437926   0.419525   0.322168   0.406192   0.220024 0.985428
  0.143446   0.300217   0.132318   0.306937   0.124305   0.311415   0.452351   0.418575   0.429433      0.282   0.414137   0.183603 0.974704
  0.141998   0.297763   0.129472   0.303633    0.12035   0.307248   0.460503   0.400308   0.440371   0.246327    0.42792   0.134107 0.961517
  0.140765   0.296192   0.127226   0.299889   0.117124   0.303468   0.465708    0.38484   0.452805   0.218022   0.440434   0.093672 0.972277
  0.139762   0.294819   0.125867   0.295651   0.113272   0.296921   0.470264   0.372238   0.466928   0.200595    0.46218  0.0450938 0.97746
  0.138756   0.293294   0.125837   0.291263   0.111122    0.28864   0.475325   0.359583   0.481605   0.199579   0.489794  0.0173035 0.978631
  0.138194   0.292339    0.12746   0.287216    0.11252   0.279909   0.478496   0.352497   0.495204    0.21905   0.519053  0.0332995 0.961551
  0.139483   0.292477   0.130478    0.28412   0.118732   0.274742   0.478085   0.368443   0.505681   0.255911   0.536582   0.109326 0.979273
  0.142588   0.292154   0.134436   0.282244   0.124869   0.272353    0.47929   0.406784   0.512112   0.304557   0.544818   0.184838 0.966315
  0.146286   0.291814   0.138682   0.280847   0.130393   0.271208   0.480572   0.452449   0.516954   0.356837   0.548865   0.252957 0.965759
  0.149937   0.291323   0.142796   0.279372   0.137003   0.270465   0.482359   0.497507   0.522051   0.407482   0.551615   0.334565 0.946183
   0.15358   0.290683   0.146943   0.278059   0.143114    0.26971   0.484644   0.542437   0.526607   0.458547   0.554381   0.409993 0.965943
  0.157411    0.28994    0.15123   0.277043   0.146989    0.26844   0.487282   0.589691   0.530175   0.511395   0.558785   0.457702 0.969654
  0.161091   0.288974   0.155534   0.276092   0.151055   0.267593   0.490658    0.63504   0.533529    0.56446   0.561778   0.507842 0.978103
  0.165518   0.287423   0.159768   0.274989   0.153268   0.266317   0.496024   0.689535   0.537384   0.616632   0.566132   0.535006 0.985433
  0.170354   0.285209   0.163926   0.273601    0.15589   0.264613    0.50362   0.748988   0.542194   0.667824   0.571937   0.567175 0.989287
  0.175785   0.281477   0.167905   0.271743   0.158349    0.26276   0.516318    0.81558   0.548565   0.716746   0.578234   0.597302 0.986502
  0.180307   0.277077   0.171483   0.269185   0.160241   0.260331   0.531216   0.870833   0.557263   0.760598   0.586434   0.620333 0.936318
  0.183875   0.272002   0.174366   0.265876   0.161691    0.25785   0.548332   0.914196   0.568447   0.795745   0.594788    0.63789 0.84628
  0.186605   0.267435   0.176228   0.261944   0.162685   0.255554   0.563717   0.947262   0.581673   0.818189   0.602509   0.649842 0.954731
  0.188224   0.261917   0.177127   0.257627   0.163298   0.253684   0.582237    0.96647   0.596148   0.828664   0.608787   0.657145 0.943183
  0.188993   0.254982    0.17738   0.253225   0.163699   0.251559   0.605467   0.974961   0.610882   0.831144   0.615912   0.661784 0.935368
  0.189781   0.248623   0.177049   0.248872     0.1639   0.248243   0.626768   0.983762   0.625428   0.826424   0.627011   0.663784 0.915704
  0.189088   0.242311    0.17609   0.244596    0.16371   0.244525   0.647853   0.974275   0.639695   0.813931    0.63944   0.660887 0.945751
  0.188521    0.23769   0.174834   0.240367   0.163322   0.240976   0.663286   0.966589    0.65379   0.797784   0.651293   0.655573 0.965009
  0.187749   0.232653   0.173727   0.236134    0.16284   0.237788   0.680102   0.956302   0.667904   0.783487   0.661939   0.649151 0.955012
  0.186359   0.228196    0.17278    0.23186    0.16223    0.23497   0.694955   0.938468   0.682163   0.771149   0.671342   0.641198 0.954821
  0.184561   0.223609   0.171779    0.22756    0.16147   0.232408   0.710229    0.91557   0.696504   0.758147   0.679879   0.631425 0.954128
  0.182425   0.219478   0.170251   0.223478   0.160006   0.229098    0.72396   0.888558   0.710099   0.738657   0.690893   0.612844 0.945364
   0.17992   0.214938   0.167838   0.219832   0.157349    0.22501   0.739049   0.856933   0.722197    0.70829   0.704462   0.579401 0.955554
  0.176781   0.210136   0.164915   0.216502   0.154176   0.221209   0.754983   0.817417   0.733219   0.671672   0.717048   0.539615 0.923365
  0.173794   0.205873   0.161935   0.213288   0.151996   0.218401   0.769127   0.779878   0.743852   0.634362   0.726355   0.512259 0.929966
  0.170604   0.201857   0.159067   0.209996   0.150115   0.216012   0.782431   0.739847    0.75475   0.598427   0.734273   0.488659 0.946848
   0.16756   0.198121   0.156384   0.206513   0.148081   0.213737   0.794809   0.701673   0.766293   0.564754     0.7418   0.463175 0.942855
  0.164899   0.194857   0.153856   0.202914   0.145417   0.211041    0.80562   0.668298    0.77823   0.532979   0.750711   0.429845 0.921988
  0.162523   0.191452   0.151415   0.199279   0.142286   0.207198   0.816915   0.638425   0.790292    0.50227   0.763444   0.390578 0.926687
   0.16007   0.187914   0.148953   0.195648   0.138956    0.20299    0.82865   0.607584   0.802342   0.471297   0.777387   0.348799 0.956218
  0.157845   0.184378   0.146519   0.191984   0.135944   0.198841    0.84039   0.579568   0.814501    0.44068   0.791143   0.310958 0.969166
  0.155604   0.180571   0.144402   0.188149   0.133207   0.194597   0.853034   0.551311   0.827243   0.413941   0.805232   0.276505 0.967917
  0.153588   0.177293   0.142643   0.184129   0.130919   0.190555   0.863919   0.525899   0.840618   0.391608    0.81866   0.247633 0.964005
  0.152177   0.174318   0.140975   0.180066   0.128067   0.185676   0.873816   0.508024   0.854143   0.370392   0.834866   0.211661 0.976285
  0.150838   0.170555   0.139263   0.176028   0.125691   0.180585   0.886348   0.490921   0.867581   0.348637     0.8518   0.181544 0.974996
   0.14943   0.166278   0.137525   0.172003   0.124364    0.17759   0.900598   0.472884   0.880976   0.326561   0.861766   0.164701 0.846676
   0.14838   0.161644   0.135849   0.167951   0.123043   0.173505   0.916057   0.459226   0.894462    0.30525   0.875378   0.147761 0.936017
  0.147819   0.155834   0.134346   0.163827   0.121976   0.169882   0.935467   0.451439   0.908197   0.286066   0.887453   0.134046 0.826788
  0.147036    0.15052   0.132812   0.159719   0.121947   0.164682   0.953211   0.440984   0.921876   0.266507   0.904846   0.132927 0.914025
  0.145397   0.145309   0.130897   0.155778    0.12171    0.15986   0.970576   0.419958   0.934982   0.242256   0.920965   0.129291 0.780588
  0.142695   0.143295   0.128699   0.151966   0.121066   0.156128   0.977206   0.386258   0.947646   0.214526   0.933421   0.120781 0.782411
   0.13828    0.14112   0.126504   0.148164   0.120601   0.151953   0.984306    0.33137   0.960276   0.186828   0.947368   0.114416 0.742405
  0.133836    0.13868   0.124318   0.144368   0.120516   0.146522   0.992291    0.27607   0.972888   0.159248   0.965532   0.112568 0.43997
  0.124827   0.137733   0.122055   0.140609   0.119792   0.140939   0.995101   0.164576   0.985371   0.130734   0.984176   0.102807 0.404352
  0.119738   0.136876   0.119738   0.136876   0.119738   0.136876   0.997764   0.101543   0.997764   0.101543   0.997764   0.101543 0
