81
  0.734013   0.766912   0.734013   0.766912   0.734013   0.766912    1.00022   0.814789    1.00022   0.814789    1.00022   0.814789 0
  0.729359   0.765059    0.72953   0.768623   0.734484   0.779984   0.984449   0.790895   0.980256    0.81585   0.984221   0.905945 0.522191
  0.721837   0.763493   0.725116   0.770491   0.732586   0.785273   0.957024   0.762119   0.960358   0.818164   0.969537   0.937833 1
  0.716105   0.762632   0.720821   0.772615   0.728024   0.787284   0.935665   0.742483   0.940577   0.822515   0.948862   0.940767 0.94951
  0.709411   0.762737   0.716664   0.775008   0.724736   0.788485   0.909213    0.72719    0.92097   0.829054   0.934298   0.941174 0.89364
  0.703811   0.767196   0.712699   0.777707   0.720285   0.790124   0.881112    0.74451     0.9017   0.838154   0.914566   0.941819 0.979006
   0.69977   0.769848   0.708919   0.780661   0.716263   0.792052   0.861606   0.753107    0.88281   0.849463   0.896124   0.945471 0.999711
  0.695955   0.772673   0.705089   0.783539   0.712153   0.794291   0.842756   0.763432   0.863826   0.860115   0.876913   0.951068 0.997
  0.694151   0.773848   0.701105     0.7862   0.707232   0.797564    0.83406   0.767215   0.844533   0.868914   0.853104   0.961836 0.99178
   0.69019   0.775069    0.69704   0.788749   0.702714   0.799866   0.816826    0.76615   0.825074   0.876748   0.832201   0.966884 0.995408
   0.68717   0.778435   0.692867   0.791113   0.698153   0.802287   0.800358   0.782106   0.805446   0.883049   0.810968    0.97265 0.982197
  0.683228   0.780299   0.688536   0.793161    0.69368   0.804344    0.78232   0.785518   0.785627   0.886793    0.79058   0.976115 1
  0.678406   0.781949   0.684042   0.794819   0.687988   0.807388   0.761113   0.785346   0.765697   0.887458   0.764048   0.983461 1
  0.674542   0.783582   0.679465   0.796267   0.683092   0.809644   0.743698   0.787347    0.74573   0.886485   0.741725   0.987292 1
   0.67103   0.785072    0.67492   0.797799   0.678626   0.811997   0.727858   0.789211   0.725773   0.886169    0.72096   0.992816 1
  0.667202   0.786956   0.670358   0.799265   0.674194   0.813802   0.710238   0.793031   0.705842    0.88535   0.701073   0.994644 1
  0.663069   0.788676   0.665733    0.80053   0.669863   0.814855   0.691647   0.794989   0.685936      0.883   0.682611   0.991536 0.999982
  0.658811   0.789766    0.66108   0.801698   0.665029   0.815965   0.673421   0.792311   0.666051   0.879912   0.662098   0.987621 1
  0.655107   0.791921   0.656384   0.802652   0.660939   0.816889   0.655923   0.798292    0.64629    0.87525   0.644757   0.984201 0.999583
  0.650842   0.792502   0.651624   0.803274   0.656385   0.817718   0.638362   0.792095   0.626731   0.868153   0.625725   0.979018 0.999949
  0.647201   0.793413   0.646887   0.803982   0.652021   0.818528   0.622809   0.789657   0.607144   0.861697   0.607467   0.974153 0.999282
  0.643181   0.794031   0.642215   0.805026   0.646434   0.819054   0.606162   0.784301   0.587356   0.857708   0.584791   0.964419 1
  0.638592   0.794559   0.637564   0.806247   0.641281    0.81958   0.587406   0.776957   0.567406   0.854997   0.563816   0.955712 1
  0.633417    0.79447   0.632861   0.807131   0.633851   0.819701   0.567183   0.763967   0.547714   0.849836   0.534447   0.938776 1
  0.628038   0.794212    0.62807   0.807338   0.625968   0.819703   0.546394   0.749329   0.528599   0.839803   0.503459   0.919929 1
  0.623234   0.793911   0.623269   0.807392   0.619751   0.819232   0.527919   0.735763   0.509657   0.828693   0.479667   0.901816 1
  0.619066   0.793533   0.618484   0.807451   0.614421   0.818524   0.512057   0.723187   0.490766   0.817648   0.459682   0.884192 1
   0.61558   0.792988   0.613687   0.807179   0.609399   0.817596   0.499096   0.711099   0.472281   0.804301   0.441207   0.865792 0.999785
   0.61228    0.79218   0.608994   0.806247   0.604505   0.816424    0.48723   0.697639   0.455108   0.786662    0.42357   0.846011 1
  0.609288   0.791306   0.604514   0.804543    0.60008   0.815302    0.47666   0.684464   0.439825   0.764205   0.407708   0.827698 1
   0.60635   0.790133   0.600241    0.80234   0.595128   0.813617   0.466716   0.669355   0.426037   0.738815   0.390547   0.804248 1
  0.602774   0.788589   0.596248   0.799702   0.589367   0.811184   0.454766   0.650173   0.413943   0.711096   0.371221   0.773713 1
  0.599266   0.786992   0.592602   0.796589   0.583227   0.807691   0.443158   0.630778   0.403861   0.680936   0.351855   0.734973 1
  0.596853   0.785769   0.589063   0.793345   0.579259   0.803961   0.435341   0.616586   0.394379   0.650129   0.341351   0.699793 1
  0.594016   0.783595   0.585486   0.790164   0.575462   0.800257   0.427158   0.594827   0.384661   0.619664   0.331484   0.665198 1
  0.589831   0.779514   0.581999   0.786862   0.572672   0.797256   0.416279   0.556712   0.375463    0.58858   0.324612   0.637855 0.999022
  0.586708   0.775569   0.578866   0.783239   0.569059   0.793202   0.409388   0.522074   0.368096   0.556138   0.315946   0.601299 1
  0.584739   0.772349    0.57622   0.779241   0.565033    0.78785   0.406047   0.495185   0.363152   0.522275   0.307426    0.55481 0.999748
  0.582054   0.768157   0.573587   0.775229   0.562641   0.783455   0.401217   0.459891   0.358278   0.488348   0.304025   0.518818 0.998698
  0.579242   0.763567    0.57072    0.77139   0.559775   0.780014   0.396426   0.421557    0.35225   0.455046   0.297455   0.488265 0.999773
  0.576616   0.759161   0.567769   0.767611   0.557303   0.776437    0.39212   0.384928   0.345811   0.421964   0.292624   0.457712 0.995304
  0.574113   0.755041   0.564927   0.763749   0.555145   0.772508   0.387906   0.350565   0.339912   0.388572   0.289505   0.425498 0.996335
  0.572362    0.75199   0.562237   0.759775   0.553271    0.77002   0.385188   0.325364   0.334764   0.354764   0.285535   0.403878 1
  0.569919   0.748206   0.559387   0.755927   0.551128   0.766392   0.380751   0.293462   0.328814   0.321449   0.282065   0.373768 0.99571
  0.565981   0.743001   0.556269   0.752284   0.548415   0.763428   0.372381   0.248198   0.321533   0.288898   0.275447   0.346865 0.999076
  0.560639   0.737312   0.552949    0.74881   0.544727   0.760102   0.359148   0.196238   0.313224   0.257029   0.265492   0.315137 0.997248
  0.554853   0.732527   0.549232   0.745806   0.541158   0.757875   0.342939   0.149443   0.302716    0.22745   0.254502   0.291261 0.995865
  0.549485   0.729729    0.54502   0.743505   0.538745   0.756694   0.325657   0.117335   0.289301    0.20153   0.246629   0.277351 1
  0.543174   0.726415   0.540522   0.741825   0.536476   0.755729   0.305373  0.0794174   0.273913   0.179201   0.239027   0.265282 0.996082
  0.538068   0.724721    0.53589   0.740604   0.534575   0.755148   0.287616  0.0555323   0.257373    0.15971    0.23235   0.256731 1
  0.530925   0.723721    0.53119   0.739714   0.532372   0.754688   0.260904  0.0315604   0.240112   0.142342   0.224321   0.248295 0.996284
  0.521299   0.724168   0.526387   0.739291   0.530263   0.754753   0.222459   0.011614   0.221815   0.127941    0.21594   0.243702 0.990919
  0.514533    0.72651   0.521626   0.739752    0.52857   0.755701   0.192667  0.0115664    0.20247   0.119727   0.207989   0.246179 0.94642
  0.507727   0.730534   0.517301   0.741714   0.527474   0.756816   0.160421  0.0229966   0.182791   0.122893   0.202162   0.251235 0.991221
  0.503272   0.736853   0.513694   0.744957   0.527071   0.757708   0.134282   0.055863   0.164187   0.136602   0.199358   0.256412 0.993482
  0.500918   0.740251   0.511048   0.748948   0.526744   0.758877   0.120391  0.0736343   0.148335   0.157759   0.196479   0.263688 0.993932
  0.497942    0.74438   0.509659   0.753483   0.526411   0.760548   0.103058  0.0949512   0.136688    0.18567    0.19289   0.274395 0.997106
  0.496626   0.751749    0.50931   0.758306   0.526103   0.762826  0.0878258   0.142556   0.128732   0.218054   0.188569   0.289351 0.999725
  0.495587   0.759085     0.5093   0.763103     0.5257   0.765648  0.0737279   0.190591   0.122143   0.251063   0.183131   0.307819 0.991192
   0.49626   0.767335   0.509292   0.767876   0.525452   0.768373  0.0651088   0.249018   0.115596   0.283919   0.178437   0.325993 0.966564
  0.497343   0.772409    0.50933   0.772684   0.525707   0.772634  0.0624393   0.286552   0.109182   0.317119   0.173621   0.355945 0.966056
  0.498302   0.777147   0.509893   0.777444   0.525928   0.777378  0.0597428   0.321482   0.104896    0.35125   0.168013    0.38915 0.996148
  0.498942   0.782606   0.510783   0.782161   0.526622    0.78093  0.0548031   0.360605   0.101954   0.385868   0.165895   0.415273 0.992614
  0.499595   0.788004   0.511341    0.78691   0.527036   0.785249  0.0500021   0.399348  0.0976651   0.419904   0.161626   0.446007 0.999675
  0.501077   0.792662   0.511434   0.791707   0.527363   0.789999  0.0494701    0.43497  0.0914808   0.453166   0.156424   0.479506 0.929849
  0.502024   0.797574   0.511505     0.7965   0.527662   0.794692  0.0464872   0.471063   0.085218   0.486348   0.151193   0.512542 0.939543
  0.502976    0.80239   0.512519   0.801169    0.52807   0.799242  0.0436542   0.506507  0.0828298   0.520926   0.146586   0.544849 0.957401
  0.504072   0.806318   0.513891   0.805797   0.528462   0.803193  0.0425984   0.536186  0.0819047    0.55608   0.142734   0.572999 0.8999
  0.504336   0.812797   0.514522   0.810533   0.529174   0.807541  0.0347899   0.581436  0.0779216   0.590209   0.139597    0.60465 0.932686
  0.505027   0.818159   0.514794    0.81532   0.529432   0.812568  0.0301893   0.620017  0.0724545   0.623828   0.133748   0.639889 0.924893
  0.505906   0.821812   0.515203    0.82009   0.529721   0.817007  0.0286566   0.647277  0.0675504   0.657659   0.128823   0.671148 0.786222
  0.506602   0.826693   0.515943   0.824823   0.529885   0.821912  0.0247267    0.68256  0.0639978   0.692025   0.122771   0.705324 0.805451
  0.507687   0.831653   0.516681   0.829562   0.530132   0.826421  0.0222222   0.719314  0.0604293    0.72643   0.117589   0.736967 0.925707
  0.508897   0.835779   0.517194   0.834331   0.530245   0.830946  0.0213447    0.75062  0.0559343   0.760499   0.111856   0.768405 0.888059
  0.509687    0.84006   0.518071   0.839036   0.530438   0.835339  0.0186075      0.782  0.0529607   0.794997   0.106617   0.799116 0.727404
   0.50972   0.846055   0.519444   0.843644   0.530424   0.840386  0.0105517   0.823363  0.0520645   0.830016   0.099671   0.833845 0.830175
  0.510439    0.85154   0.520965    0.84819   0.530481   0.844686 0.00589298    0.86286  0.0518388   0.864966   0.094025   0.863591 0.624902
  0.512629   0.856205   0.522634   0.852676   0.530963   0.849601 0.00812865   0.900229  0.0522746   0.899854  0.0892126   0.898595 0.844987
  0.517001   0.860099   0.524483   0.857106   0.530398   0.854295  0.0200007   0.937503  0.0534949   0.934784  0.0805826   0.929574 0.659829
  0.522268   0.863379   0.526385   0.861511   0.530154   0.859856   0.036224   0.972689  0.0549565   0.969673  0.0720319    0.96729 0.437543
  0.528282    0.86591   0.528282    0.86591   0.528282    0.86591  0.0564092    1.00451  0.0564092    1.00451  0.0564092    1.00451 0
