41
  0.815435   0.643386   0.815435   0.643386   0.815435   0.643386 -0.00120273   0.617865 -0.00120273   0.617865 -0.00120273   0.617865 0
   0.81404   0.638809   0.813985   0.638156   0.806978   0.640052  0.0196682    0.56986  0.0226899   0.567115  0.0117566   0.371759 0.988106
  0.825993   0.635475   0.812695    0.63289   0.805038   0.638039  0.0387788   0.902896  0.0467948   0.520837  0.0205379   0.313041 0.990413
  0.827308    0.62545   0.811692   0.627553   0.798771   0.629444  0.0858046   0.921789  0.0713195   0.482561  0.0586307   0.119423 0.989785
  0.827825   0.621662   0.811532   0.622121   0.797647    0.62314   0.103578   0.929494  0.0965351   0.468045  0.0876134  0.0759305 0.997276
  0.828088   0.615391   0.811058   0.616737   0.797076   0.617596   0.132829   0.925427   0.121439   0.444706   0.113229  0.0495541 0.994684
  0.828916   0.611898   0.810294   0.611373   0.797223   0.610527   0.149326   0.942507   0.146157   0.413161   0.146154  0.0407386 0.992769
  0.829997   0.607768   0.810432   0.605933   0.797764   0.604309   0.168861   0.965599   0.171505   0.407082    0.17524  0.0446655 0.994701
  0.830552   0.603011   0.810417    0.60051    0.79802   0.596638   0.191154   0.972607   0.196725   0.396697   0.210998  0.0378322 0.998359
  0.830838   0.596828   0.810411   0.595085    0.79975   0.593306   0.220002   0.969345   0.221955   0.386563   0.227021  0.0807772 0.993687
  0.830535   0.590976   0.810411   0.589657   0.799862    0.58831    0.24713   0.949984   0.247202   0.376567    0.25029  0.0747899 0.998714
    0.8309   0.586244   0.810803    0.58425   0.800958   0.583902   0.269252   0.951653   0.272474   0.377762   0.271125  0.0977725 1
  0.831278   0.581022    0.81153   0.578868   0.801809   0.578999   0.293655   0.952785   0.297723   0.388511   0.294189    0.11293 1
  0.831744   0.575535   0.812599    0.57356   0.802852   0.574453   0.319319   0.955931   0.322738    0.40909   0.315648   0.134156 1
  0.831406   0.569696   0.814153   0.568335   0.803646   0.570024   0.346373   0.935598    0.34751   0.443584   0.336488   0.148547 0.9971
  0.830831   0.563521   0.814606   0.562942    0.80369   0.562256   0.374927   0.907933   0.372731   0.446528   0.372633   0.135524 0.992238
  0.831539   0.558884   0.815302   0.557562   0.804026   0.555502   0.396709   0.919501   0.397967   0.456367   0.404153   0.132661 0.997765
  0.832073   0.553938    0.81572   0.552156   0.804842   0.551186   0.419875   0.925567   0.423239   0.458316   0.424473   0.147879 0.934487
  0.832464   0.548495   0.816623   0.546807   0.805413   0.546316   0.445311    0.92667    0.44839   0.474108   0.447295   0.155127 0.87128
  0.832015   0.543406   0.816814   0.541382   0.806079    0.54232   0.468844   0.904566   0.473683   0.469559   0.466083   0.166687 0.6462
   0.83176   0.536232   0.818069   0.536107   0.805731   0.536404   0.502137   0.884166   0.498595   0.495453   0.493498   0.145922 0.781696
  0.831409    0.53069   0.818812   0.530734   0.805735   0.528889   0.527811   0.864028   0.523814   0.506675   0.528456   0.132239 0.928948
  0.830974   0.526757   0.818744   0.525309   0.805448   0.523509   0.545973   0.844457   0.549028   0.494786   0.553392   0.114212 0.65949
  0.831993   0.520773   0.818724   0.519884   0.804754   0.517541   0.574116   0.862375   0.574253   0.484244   0.580943  0.0835443 0.943537
  0.832903   0.515584   0.819388   0.514499   0.804549    0.51011   0.598525   0.878643   0.599502   0.493195   0.615446  0.0640827 0.964554
  0.833545   0.511937   0.819991   0.509105   0.805228   0.504548   0.615685   0.890154   0.624774   0.500382   0.641521  0.0731219 0.988467
  0.834339   0.507427   0.820707   0.503732   0.805982   0.499447   0.636903   0.904406   0.649979   0.510811   0.665477  0.0851569 0.941244
   0.83465   0.500834   0.822101   0.498479   0.806886    0.49437   0.667662   0.901107   0.674836    0.54071   0.689365   0.101457 0.86486
  0.834883   0.494745   0.822866   0.493118   0.808269   0.488139   0.696054   0.896525   0.700003   0.552585   0.718764   0.129265 0.368726
   0.83554   0.489237   0.823308   0.487735    0.80976   0.484215   0.721871   0.905069   0.725173   0.555215   0.737467   0.164352 0.696066
  0.835926   0.483337   0.824622   0.482456   0.811006   0.479064   0.749431    0.90516   0.750125   0.582801   0.761803   0.190243 0.605397
  0.836413   0.477575   0.825099   0.477046   0.812374   0.473901    0.77638   0.908406   0.775435    0.58641    0.78623   0.219556 0.245529
  0.837139   0.473029   0.825812   0.471699   0.813689   0.470147   0.797743   0.920648   0.800518   0.596821   0.804089   0.249978 0.237725
  0.838293   0.469046   0.827956    0.46665   0.814577   0.464714   0.816619    0.94606    0.82465   0.648359   0.829627   0.265198 0.242968
  0.838981   0.463775   0.829109   0.461429   0.815732   0.459677   0.841346   0.955894   0.849281   0.671491   0.853403   0.288717 0.188972
  0.839683   0.458686    0.82975   0.456036   0.816358   0.452857   0.865227   0.966481   0.874563   0.679759   0.885315   0.293946 0.299896
   0.84024   0.452983   0.831079    0.45077   0.817244   0.447474   0.891922   0.971801   0.899454   0.707783   0.910621   0.309185 0.200588
  0.840734   0.447176   0.832257   0.445477   0.818738   0.442088   0.919083   0.975128    0.92443   0.731495   0.936121    0.34169 0.277784
  0.840812   0.440901   0.833418   0.440176    0.82026   0.436951   0.948292   0.965828   0.949439   0.754699   0.960477   0.375417 0.205654
  0.839043    0.43455   0.834606   0.434883   0.823354   0.432589   0.977303   0.903948   0.974419   0.778666   0.981698     0.4552 0.0692704
  0.835804   0.429591   0.835804   0.429591   0.835804   0.429591   0.999394    0.80294   0.999394    0.80294   0.999394    0.80294 0
