82
  0.712877   0.190537   0.712877   0.190537   0.712877   0.190537   0.093476   0.993206   0.093476   0.993206   0.093476   0.993206 0
  0.719582   0.181329   0.710659    0.18622   0.703299   0.190009   0.125398   0.919785  0.0880946   0.949627  0.0574966   0.971983 0.869633
  0.719613   0.176313   0.708356   0.181976   0.698517   0.187348   0.129042   0.873612  0.0823389   0.906581   0.041219   0.939292 0.917155
  0.718067    0.17107   0.705954   0.177795   0.694129   0.184931   0.126861   0.822642  0.0761609   0.863942  0.0262655   0.909521 0.936715
  0.717492   0.167399    0.70358   0.173539    0.69002   0.180554   0.127259   0.787833  0.0701434   0.820664  0.0137506   0.862168 0.949184
  0.716874   0.163667    0.70176   0.169066   0.687446   0.175099   0.127539   0.752381   0.066383   0.776333 0.00781747   0.807495 0.961161
  0.716547   0.159923   0.701001   0.164309   0.685984   0.170109    0.12893    0.71731  0.0668464   0.731189 0.00577625   0.759005 1
  0.716928   0.156477   0.700912    0.15945   0.685005   0.163442   0.132801   0.686199  0.0699267   0.686252 0.00675018   0.695878 1
  0.717581   0.153669   0.701027   0.154616   0.684995    0.15524   0.137252    0.66144  0.0737608   0.641895  0.0124779   0.620268 1
  0.718454   0.150294   0.701063   0.149786   0.685879   0.148353   0.142937   0.631819  0.0772944   0.597436  0.0206788   0.558304 0.991014
  0.719454   0.147179   0.700962   0.144941   0.686982   0.142986   0.148925   0.604814   0.080318    0.55261  0.0286386   0.510718 0.99927
  0.720451   0.144159   0.700898   0.140088   0.688131   0.137723   0.154833   0.578685  0.0834878   0.507773  0.0366997   0.464176 1
  0.721664   0.141462   0.701411   0.135289   0.689357   0.132531   0.161332   0.555898  0.0888077   0.464421  0.0450013   0.418413 0.999109
  0.722708   0.138558   0.702814   0.130665   0.691183   0.126594   0.167336   0.530913  0.0973863   0.424199  0.0561066   0.366809 0.994513
  0.723447   0.134603   0.705015   0.126354   0.693348    0.12124   0.172921   0.495731   0.108769   0.388224  0.0680887   0.321166 0.997321
  0.725003   0.131007   0.707501   0.122189   0.696769   0.114909   0.181354   0.465236   0.121135   0.354076  0.0855208   0.268658 0.999273
  0.725699   0.128009   0.709812    0.11795   0.699305   0.110056   0.186103   0.438801   0.132885    0.31896   0.098558   0.228252 1
  0.726832    0.12508   0.712153   0.113703   0.702936   0.104219   0.192463   0.413737   0.144756   0.283807   0.116446   0.180661 1
  0.728607   0.122094   0.714902    0.10972   0.706095   0.100358     0.2013   0.389243    0.15799   0.251793   0.131148   0.150467 1
  0.730532    0.12059    0.71843    0.10642   0.710802  0.0950412   0.209663   0.378672   0.173699   0.227408   0.152751   0.109502 1
  0.733279    0.11833   0.722623   0.103995   0.714889   0.089664   0.221679   0.362531   0.191317    0.21221   0.172042  0.0669211 0.994124
  0.735175   0.116591   0.727182   0.102382   0.719011  0.0875761   0.230097   0.349744   0.209751   0.205133   0.189152   0.054715 1
  0.737318   0.115477   0.731871   0.101163    0.72442   0.084561   0.239012   0.343133   0.228406   0.201907   0.211802  0.0361636 1
  0.739785    0.11409   0.736577   0.100046   0.729467  0.0819664   0.249349   0.334566    0.24705   0.199649    0.23278  0.0208681 0.997332
  0.742266    0.11306   0.741296  0.0989635   0.736186  0.0801146   0.259489   0.329308    0.26572   0.197726   0.259583  0.0152749 1
  0.745424   0.112489   0.746062  0.0981231   0.744966  0.0795294   0.271876   0.329438   0.284398   0.198119   0.293315  0.0248748 0.998095
  0.750532   0.112651   0.750889  0.0977675   0.751689  0.0804602    0.29115   0.339652   0.302968   0.203085   0.318173  0.0449324 0.99739
  0.755019   0.113165   0.755722  0.0979821   0.756484  0.0815741   0.307817    0.35205   0.321158   0.213316   0.335588  0.0633875 0.998317
  0.759609     0.1136   0.760503  0.0987396   0.762863  0.0823412   0.324931   0.363901   0.338773   0.228462   0.359258  0.0813516 1
  0.763918   0.114184   0.765195  0.0999233    0.76971  0.0830273   0.340872   0.376637   0.355745   0.247384   0.384761  0.0993676 1
  0.767496   0.114829   0.769815   0.101371   0.775033  0.0839917   0.353998   0.388699    0.37226   0.268612   0.404286   0.117347 1
   0.77065    0.11568   0.774427   0.102831   0.780772  0.0849566   0.365368   0.401924    0.38874   0.289947   0.425388    0.13604 1
  0.773917   0.116791   0.779138   0.103952   0.785481   0.086365   0.376988   0.417748    0.40583   0.308324   0.442268   0.157063 0.998993
  0.777865   0.118403   0.783859   0.105026   0.789975  0.0882988   0.390835   0.439342   0.422992   0.326285   0.457963    0.18256 0.994415
  0.782125   0.120442   0.788391   0.106698   0.794503  0.0898675   0.405569   0.465415   0.439015   0.349433   0.474045   0.204751 0.992454
  0.786694   0.121543   0.792746   0.108824   0.798841  0.0915619   0.422134   0.483361   0.454046   0.376466   0.489316   0.227776 0.987196
  0.790908   0.123731   0.797067   0.110983   0.803314  0.0933778   0.436591   0.510726    0.46893   0.403743   0.505016   0.252151 0.996988
  0.795788   0.126116   0.801583   0.112752   0.808945  0.0966045   0.453434   0.541037   0.484824   0.427764   0.524118   0.291507 1
   0.80019    0.12854   0.806079   0.114548   0.812872   0.100335   0.468435   0.570895   0.500623   0.451992   0.536398   0.332595 0.998048
  0.803951   0.131176   0.810169   0.117101   0.814965   0.102043   0.480857   0.601614   0.514348   0.482507    0.54314   0.351911 0.996041
   0.80908   0.134931   0.814091   0.119965   0.818632   0.103804   0.497678   0.644987   0.527219   0.515605   0.555819   0.374404 0.992376
  0.814453   0.137468   0.818139   0.122606    0.82291   0.105668   0.516287    0.67754   0.540725    0.54686   0.570742   0.398889 0.989317
  0.819422    0.13975   0.822418   0.124855   0.826688   0.107531   0.533539   0.707059   0.555385   0.574897   0.583769   0.422515 0.995713
  0.824431   0.142029   0.826928   0.126631   0.829746   0.109042   0.550947   0.736621    0.57125   0.598961   0.594314   0.441659 0.989525
  0.829734   0.143482   0.831612   0.127842    0.83231   0.109881   0.570052   0.759067   0.588177   0.618126   0.603457   0.453769 1
  0.837446   0.144479   0.836433   0.128238   0.834635   0.110445    0.59862   0.781422   0.606194   0.630007   0.611881   0.462941 1
  0.846273   0.144842    0.84125   0.127653   0.836955   0.110741   0.631863   0.799848   0.624887   0.632837   0.620481    0.46963 1
  0.852834   0.143152   0.845805   0.126118   0.839447   0.110826    0.65795   0.795472   0.643252    0.62647   0.629875   0.474669 1
  0.859985   0.138942   0.850121   0.123888   0.842023   0.110651    0.68805   0.768878   0.661202   0.613283   0.639775   0.477456 1
  0.867007   0.132554   0.854152   0.121136   0.844026   0.109947   0.719193   0.721999   0.678433   0.594802   0.647871    0.47439 1
  0.871052   0.125615    0.85707   0.117399   0.845066    0.10825   0.739421   0.664944   0.692138   0.565347   0.653012   0.460527 1
  0.873424   0.120277    0.85858   0.112734   0.845437   0.105296   0.752176   0.619802   0.701149   0.524927   0.656496   0.433925 1
  0.874363   0.112918   0.859242   0.107944   0.845824   0.101815   0.760918   0.553573   0.707026   0.481912   0.660415   0.402504 1
  0.874292    0.10675   0.859448   0.103152    0.84566   0.098134   0.764983   0.496607    0.71118   0.438101    0.66238     0.3683 0.993555
  0.873276   0.102445   0.859438  0.0982372   0.845293  0.0918433   0.764156    0.45519   0.714596    0.39278   0.665408   0.309693 0.998716
  0.872101  0.0983398   0.859317  0.0934457   0.845328  0.0830679   0.762583    0.41535   0.717508   0.348412   0.671714   0.228873 1
  0.871193  0.0951209   0.859162  0.0886937   0.846457  0.0763544   0.761401   0.384132   0.720258   0.304348   0.680721   0.168925 1
  0.870055  0.0921758   0.859203  0.0836303   0.850305  0.0699423   0.759153   0.355045   0.723974    0.25775   0.699832   0.116397 1
  0.869507  0.0900297   0.860916  0.0793225   0.854404  0.0662869    0.75858   0.334328   0.733505   0.220971    0.71796  0.0897065 1
  0.870116  0.0892174   0.865198  0.0771666   0.862241  0.0630894   0.761464   0.327881   0.751273   0.208414   0.749948   0.073617 0.998877
  0.871875  0.0895356   0.870006  0.0776637   0.870847  0.0643326   0.767915   0.333818   0.769171   0.221207   0.781736  0.0997729 0.947804
  0.874436  0.0908824   0.874252   0.080082   0.875502  0.0674055   0.776687   0.350604   0.783583   0.250745   0.797243   0.136044 0.836656
  0.877128  0.0927314    0.87828   0.082789   0.880403  0.0715163   0.785603   0.372243   0.796969   0.282575   0.812949   0.182301 0.811092
  0.879676  0.0945536   0.882194  0.0855738    0.88449  0.0761064   0.793993   0.393389   0.809863   0.314925   0.825235   0.231587 0.772554
  0.882214  0.0966562   0.885863  0.0887544   0.887735  0.0815449   0.802145   0.417102   0.821552   0.350505   0.833726   0.287254 0.683025
  0.883821  0.0983152   0.888939  0.0924777   0.890609  0.0862416   0.807079   0.435137   0.830607   0.390075    0.84133    0.33545 0.690867
  0.886123   0.101072   0.891647  0.0964945   0.894065  0.0906861   0.813876   0.464476    0.83806    0.43172   0.851319   0.382315 0.694102
  0.888653   0.104066   0.894672   0.100275   0.898157  0.0950263   0.821371   0.496389   0.846883   0.471734   0.863797   0.429305 0.66681
  0.892149   0.107892   0.898127   0.103663   0.901771  0.0982717   0.831951   0.537626   0.857613   0.508858   0.875231   0.465389 0.534384
  0.896331   0.112415   0.901866   0.106732   0.905428   0.101959   0.844642    0.58645   0.869645   0.543527   0.886517    0.50562 0.417621
   0.90015   0.116735   0.905656   0.109747   0.908341   0.105706   0.856096   0.632788   0.881909    0.57779   0.894937   0.545129 0.41314
  0.903484   0.120451   0.909307    0.11292   0.911688   0.109427   0.866139   0.672739   0.893534   0.613273   0.905023   0.585138 0.40296
  0.905957   0.123045   0.912709   0.116361    0.91599   0.112995   0.873697   0.700865   0.904022   0.650795   0.918842   0.625367 0.436478
  0.908489   0.125803   0.915921   0.119986   0.919798   0.117181   0.881368   0.730606   0.913665   0.689691   0.930349   0.670459 0.483354
  0.913029   0.130128   0.919067   0.123663   0.922543    0.12062   0.895557   0.778222   0.923019   0.728947    0.93835   0.706838 0.547342
  0.916463   0.133249   0.922275   0.127284   0.926092   0.123873   0.906396   0.812858   0.932649   0.767806   0.949531   0.742886 0.60048
  0.920553   0.136696   0.925583   0.130819   0.929462   0.126638   0.919495   0.851613   0.942717    0.80603   0.960377   0.774121 0.515875
  0.923666   0.139273    0.92895   0.134295   0.933104   0.130305   0.929496   0.880678   0.953051   0.843822   0.971621   0.814137 0.520995
  0.927387   0.142228   0.932302   0.137785   0.936745   0.135119   0.941541   0.914266   0.963318   0.881715   0.982055   0.864731 0.524919
  0.931656   0.145155   0.935604   0.141324   0.939128   0.138791   0.955685   0.948532   0.973361   0.919971   0.988516   0.902638 0.378952
  0.936294   0.147501     0.9389   0.144869   0.941562   0.142757   0.971636   0.978075   0.983376    0.95827   0.994965   0.943348 0.446539
  0.942204   0.148405   0.942204   0.148405   0.942204   0.148405   0.993431     0.9965   0.993431     0.9965   0.993431     0.9965 0
