89
  0.448503    0.38201   0.448503    0.38201   0.448503    0.38201   0.985441  0.0605296   0.985441  0.0605296   0.985441  0.0605296 0
  0.449849   0.370667   0.444645    0.37958   0.439955   0.387728   0.949312  0.0122869   0.973117  0.0892121   0.994957   0.158901 0.87244
  0.446773    0.36669   0.440693   0.377325   0.434891   0.388575   0.932721  0.0287617   0.961271   0.119327   0.992166   0.209209 0.989857
  0.442538   0.363509   0.436593   0.375358   0.430941   0.388366    0.91749  0.0586373   0.950213   0.151742   0.987109    0.24572 0.989051
  0.436925   0.360645   0.432374   0.373648   0.427038   0.387548   0.901787    0.10247   0.939878   0.186074    0.98008   0.279886 0.973387
  0.432398   0.359343   0.428076   0.372138   0.422486   0.384813   0.892463   0.140977    0.93012   0.221777   0.965976   0.314135 0.997256
   0.42835   0.357952   0.423738   0.370753   0.419003   0.383544   0.883374   0.174704    0.92073   0.258258   0.957918   0.342926 0.998022
  0.424729    0.35619   0.419422    0.36931   0.415233   0.382018   0.873527   0.203252   0.911174   0.294344    0.94869   0.373615 1
  0.420616   0.354303    0.41519   0.367617   0.411049   0.380582   0.862721   0.236035   0.900879   0.328847   0.939302   0.408487 0.997375
    0.4163   0.352846   0.410951   0.365955   0.407251   0.379418   0.853119   0.272075   0.890681    0.36353   0.931243   0.440572 1
  0.412005   0.351316   0.406594   0.364656   0.402216   0.378092   0.843296   0.307693   0.881558   0.400455   0.921279   0.483792 1
  0.407604   0.349848     0.4022   0.363466   0.397571   0.376683   0.833563   0.344503   0.872752   0.438061   0.911471   0.523083 0.999716
  0.403666   0.348584   0.397845    0.36215   0.393387    0.37556   0.825018   0.377588   0.863575    0.47492   0.903119    0.55892 0.998171
  0.399865   0.347261   0.393496   0.360807   0.388564   0.374775   0.816429   0.409207   0.854313    0.51163   0.895185    0.60185 1
  0.394969   0.345276   0.389148   0.359455   0.383907   0.373772    0.80443   0.449054   0.845021   0.548299   0.886711   0.642518 0.994223
  0.391633    0.34401   0.384843   0.357971   0.378753   0.372355   0.796546   0.476473   0.835341    0.58415   0.876313   0.686571 0.990486
  0.388492   0.342569   0.380623   0.356269   0.373228   0.368997   0.788292   0.501509    0.82503   0.618518   0.859069   0.728031 1
  0.385636   0.341456   0.376535    0.35428   0.367991   0.365745   0.781445   0.524889   0.813916   0.650747   0.842492   0.767109 0.996951
  0.383559   0.339178   0.372677   0.351862   0.363132   0.363134   0.771596   0.537288   0.801631   0.679471   0.828463    0.80464 0.996951
  0.381772   0.337961   0.369195   0.348884    0.35851   0.359071   0.765583   0.550283   0.787904   0.702891   0.809876   0.835383 1
  0.380848   0.336945   0.366341    0.34537   0.353275   0.352514   0.761192   0.555795   0.773096   0.718725   0.782344    0.86408 1
  0.380442   0.335973   0.364216   0.341395   0.350074   0.346037   0.757518   0.556569   0.757562   0.726252   0.757324   0.873881 0.999644
  0.381105     0.3351   0.362599   0.337062    0.34823    0.34004   0.755357    0.54759   0.741406   0.727877   0.735397   0.872425 0.975915
  0.382141   0.333155   0.361753    0.33256   0.348341   0.331663   0.750051   0.531737   0.725537   0.721716   0.707739   0.845103 0.991374
  0.382502   0.331832   0.362464   0.328163   0.350387   0.324806   0.746062   0.524191   0.711743   0.701238   0.687259   0.804344 1
  0.383429   0.331263    0.36463   0.324133   0.353238   0.320044   0.745199   0.513687    0.70077   0.668215   0.674616   0.762587 0.989807
  0.386006   0.329824    0.36758   0.320657   0.357903   0.314504   0.743276   0.484919   0.692503   0.629549     0.6614   0.701313 1
  0.388526   0.326995   0.370926   0.317574   0.361345   0.311196   0.736679   0.452339   0.685978   0.588402   0.654235   0.658549 0.977772
  0.389952   0.324769   0.374427   0.314644   0.365108   0.307837   0.730876   0.431935   0.680133   0.546267   0.647255   0.612608 0.993329
  0.393706   0.322158   0.377978   0.311804   0.369106   0.304339   0.726365   0.388422   0.674639   0.503947   0.640073   0.564015 1
  0.398353   0.317769   0.381514   0.308976   0.371826   0.302048   0.716946   0.330936   0.669168   0.461797   0.635483   0.531234 1
  0.403002   0.312296   0.384986    0.30598   0.373742   0.300135   0.703933   0.270025    0.66307   0.419734   0.631256   0.507202 0.997769
  0.406974   0.304554   0.387989   0.302543   0.374886   0.298895   0.682648   0.208367   0.654992   0.380701   0.628408   0.492549 1
  0.409941   0.297345   0.389754   0.298362   0.375824   0.297129   0.662019   0.157832   0.643075   0.350973   0.623587    0.47818 1
  0.410699   0.286799   0.389749   0.293844   0.376853   0.295462   0.627883   0.117624   0.628088   0.336851   0.619197   0.463269 1
  0.408244   0.279075   0.387749   0.289789   0.376768    0.29493   0.599551   0.116498   0.612428   0.342955   0.617338   0.462403 0.997767
  0.401555   0.272434   0.384381   0.286624   0.375985   0.294492    0.57013   0.158611   0.598206   0.364713   0.615018   0.468397 0.998797
  0.395416   0.269476   0.380434   0.284436   0.374015   0.294256   0.553537   0.207092   0.586588   0.394998   0.612059   0.486198 1
  0.389444   0.267558   0.376233   0.282689   0.370958   0.294023   0.540571   0.257273   0.576149   0.429043   0.607907   0.514228 1
  0.383758   0.266438   0.371922   0.281139   0.368026   0.293703   0.530572   0.307263   0.566244   0.464746   0.603605   0.540815 1
  0.375245   0.265864    0.36748   0.280267   0.363882   0.293601   0.519258   0.385568   0.558442   0.503806   0.598684   0.579487 1
  0.368173   0.265552   0.362932   0.280132   0.358323   0.293623   0.510405   0.451132   0.552963   0.546181   0.592612   0.631862 0.997701
  0.362374   0.264988    0.35836   0.280277   0.352312   0.293567   0.502123   0.503929   0.548391   0.589656    0.58578   0.688253 1
  0.357906   0.264468    0.35382   0.280184   0.346806   0.293223    0.49546   0.544343   0.543064   0.632083   0.578553   0.738979 1
  0.352635   0.263801   0.349347   0.279413   0.342264   0.292495   0.487421   0.591845   0.535563   0.671756   0.571117    0.77943 1
  0.348089   0.263665    0.34497   0.278097   0.337038   0.291817   0.481944   0.634194   0.526359   0.708817   0.563092    0.82648 0.952462
  0.345634   0.263093   0.340723   0.276458   0.332138   0.290532   0.477331   0.655501   0.516229   0.743636   0.553412   0.868563 0.979687
  0.343966   0.262462   0.336665   0.274416   0.325921   0.287719   0.473397    0.66922   0.504971   0.775411    0.53721   0.918233 0.95226
  0.342726   0.261667   0.332883   0.271877   0.321078   0.283109   0.469389   0.678394   0.492368   0.803043   0.516569   0.949345 0.999687
  0.342463   0.260774   0.329499   0.268819   0.316608   0.278724   0.466136    0.67807   0.478485   0.825288   0.497084   0.977656 0.992342
   0.34305   0.259275   0.326683   0.265248   0.314451   0.273355   0.461813   0.667844   0.463527   0.840586   0.476892   0.981113 0.96565
  0.344151   0.257086    0.32463   0.261198   0.312002   0.267449   0.455768    0.65062   0.447828   0.847197   0.454599    0.98563 0.993935
  0.345325    0.25483   0.323445   0.256793   0.311964   0.258019   0.449586    0.63249   0.431907   0.844533   0.423283   0.956414 0.976514
  0.346218    0.25307   0.323205   0.252225   0.313162    0.25184   0.444735   0.618575   0.416492   0.832464   0.404113   0.925761 0.959949
  0.346739    0.25177   0.324135   0.247807   0.314277   0.245976   0.441002    0.60959   0.402869   0.809856   0.385899   0.896874 0.954065
  0.347173   0.250701   0.326311   0.243814   0.315462   0.240327   0.437936   0.602154   0.392032   0.776854   0.368472   0.868007 0.965565
  0.348263    0.24941   0.329267   0.240308   0.316954   0.235317   0.434858   0.587851   0.383669   0.738048   0.353508   0.838248 0.96151
   0.35021    0.24752   0.332598   0.237229   0.321033   0.230008   0.430743   0.563597   0.377143   0.697049   0.340409   0.783223 0.971109
  0.352119   0.245866   0.336149   0.234389   0.324896   0.225013   0.427367   0.540448    0.37165   0.654729   0.328113   0.731197 0.97651
  0.354317   0.244156   0.339738   0.231573   0.329007   0.221388   0.424127   0.514403   0.366277   0.612119   0.320634   0.681149 0.97627
   0.35755   0.240969   0.343161   0.228573   0.333009   0.217597   0.417129   0.473989   0.360113   0.570497   0.312488   0.631602 0.994337
  0.359997   0.237593   0.346389   0.225367   0.335762   0.215064   0.408638   0.440372   0.353049   0.530068   0.307131   0.597753 0.985566
  0.363421   0.234976   0.349498   0.222041    0.34027   0.212049   0.403745   0.399943   0.345453   0.490379   0.302114   0.545873 0.980811
  0.367731   0.231684   0.352621   0.218727   0.344803   0.209609   0.397592   0.349069   0.337916   0.450599   0.299034   0.495569 0.97951
  0.371746   0.228519   0.355837   0.215504    0.34763   0.207398   0.391535   0.301358   0.330782   0.410229   0.294826   0.462029 0.984001
  0.376274   0.224307   0.359039   0.212266   0.350618   0.205295    0.38257   0.245543   0.323584   0.369952   0.291153    0.42732 0.980153
  0.381084   0.218814   0.362092   0.208892    0.35348   0.202934    0.36967    0.18305   0.315768   0.330639   0.286487   0.392979 0.992991
  0.382688   0.213469   0.364868   0.205279   0.356968   0.200232   0.353717   0.151196   0.306853   0.293187   0.281384   0.351692 0.984293
  0.386302   0.208615   0.367204   0.201372   0.359346   0.198128   0.341613   0.101961   0.296479   0.258944   0.277035   0.322717 1
  0.388618   0.203454   0.368938   0.197168    0.35915    0.19464   0.327056   0.063981   0.284455   0.229445   0.265248    0.31362 0.98973
  0.389135    0.19492   0.370129   0.192766    0.35847   0.191507   0.299327  0.0323456   0.271171   0.204433   0.254106   0.310195 0.996133
  0.388137   0.188164   0.370892   0.188286   0.357773    0.18866   0.275818  0.0205506   0.257156   0.183196   0.243894   0.307817 0.99681
  0.387049   0.183156   0.371084   0.183735   0.357067   0.186027   0.258005  0.0150749   0.242276   0.167122   0.234381   0.306205 0.99237
   0.38533   0.177287   0.370459   0.179202    0.35634   0.183494   0.236638  0.0128486   0.226551    0.15878   0.225176   0.305099 0.994205
  0.382113   0.170808   0.368721   0.175048   0.355585   0.180976   0.211597  0.0227978   0.210854   0.162107   0.215991   0.304305 0.993314
  0.378707   0.165138   0.365975   0.171404   0.354635   0.178233   0.189026  0.0370615    0.19573    0.17652   0.205844   0.304637 0.997731
  0.376713   0.161208   0.362892   0.168009   0.352636   0.174326   0.173787  0.0434917   0.181063   0.194878   0.190676   0.311196 0.995728
  0.374027   0.156346   0.359922   0.164588   0.349988   0.169812   0.154694  0.0535265   0.166436   0.212099   0.172779   0.321955 1
  0.371242   0.152488    0.35725    0.16092   0.347509   0.165837   0.138818  0.0676267   0.151315   0.225732   0.156854   0.332812 1
  0.367697   0.148855   0.354738   0.157101   0.345368   0.162581   0.122852  0.0895866   0.135875   0.237394   0.143688   0.342745 0.980291
  0.363074   0.145887   0.352118   0.153368   0.343461   0.160124   0.107898   0.123781   0.120595   0.250336   0.133434   0.352985 0.96516
  0.358817   0.142851   0.349226   0.149868   0.341166   0.156995  0.0931218   0.154315   0.105793   0.266574   0.120517   0.364767 0.721214
  0.354361   0.139702   0.345993   0.146674   0.338563   0.153233  0.0777514    0.18637  0.0916254   0.286976   0.105165   0.377461 0.362328
  0.350714   0.136149   0.342514   0.143717   0.336463   0.148809  0.0619396   0.209536  0.0779713   0.310439  0.0881698   0.383338 0.279897
  0.347325   0.132721   0.339045    0.14076   0.333756    0.14414  0.0468227   0.230677  0.0643297     0.3338  0.0696907   0.394171 0.145767
  0.344849   0.130445   0.336013    0.13739   0.331788   0.140521  0.0365355   0.246833  0.0498011   0.351761  0.0555151   0.401336 0.22458
  0.342181    0.12818   0.333556   0.133547   0.329167    0.13536  0.0260764   0.264832  0.0343403   0.362826  0.0355012   0.409817 0.0437483
  0.339135   0.126156   0.331565    0.12945    0.32878   0.129816  0.0159953   0.287152  0.0185502   0.368712  0.0166856   0.396065 0.0273322
  0.329828   0.125243   0.329828   0.125243   0.329828   0.125243 0.00267967   0.371862 0.00267967   0.371862 0.00267967   0.371862 0
