47
  0.175891   0.647741   0.175891   0.647741   0.175891   0.647741   0.999169   0.324853   0.999169   0.324853   0.999169   0.324853 0
  0.178605   0.641579   0.174299   0.643221   0.162414   0.648124   0.969588   0.262658   0.973719   0.335783    0.98707   0.538782 0.835393
  0.178845   0.635795   0.172506   0.638772   0.158761    0.64626   0.939406   0.240694   0.948431   0.350113    0.97344   0.590591 0.886942
  0.178496   0.627973   0.170065   0.634653   0.157578   0.644656   0.897882   0.221633   0.924205   0.375697   0.963762   0.604222 0.928128
  0.174537   0.621185    0.16642   0.631553   0.157008   0.643748   0.858021   0.262804   0.904077     0.4235   0.958388   0.610377 0.932611
  0.172024   0.617924   0.162432   0.628923   0.153607    0.63948   0.838233   0.292227   0.886063    0.47819   0.932369   0.650644 0.94673
   0.16943   0.614966    0.15912    0.62544   0.148899   0.634966   0.819953   0.323886   0.864266   0.519534    0.90369   0.710786 0.961588
  0.166463   0.611529   0.155827   0.621948   0.145937    0.63207   0.798763   0.359924   0.842449   0.560541   0.885352   0.748448 0.961073
  0.163409   0.608172   0.152972   0.618134   0.142681   0.628593   0.777902   0.397582   0.819393   0.593619   0.863647   0.788915 0.966167
  0.161177   0.605561   0.150602   0.613949   0.138569   0.624019   0.761826   0.424611   0.794889   0.617882   0.835275   0.839455 0.968367
  0.159005    0.60153   0.147662   0.610177   0.134165   0.618661   0.738343   0.446235   0.771963   0.652453    0.80247   0.892143 0.963757
  0.157793   0.599107    0.14463   0.606462   0.130443   0.612806   0.724326   0.457768   0.749245   0.688639   0.767768   0.932512 0.954418
  0.155064   0.595454   0.141917   0.602513   0.127723   0.607149   0.702244   0.489369   0.725625   0.719058   0.735156   0.957678 0.971114
   0.15377   0.592526   0.139135   0.598605   0.126003   0.602696   0.685483   0.500596   0.702148   0.750702   0.709924    0.97084 0.961966
  0.153015   0.590378   0.137064   0.594287   0.124687   0.598688   0.673393   0.505756    0.67726   0.769821   0.687457   0.979021 0.976435
  0.152308   0.588065   0.136301   0.589563   0.123162   0.592923   0.660483    0.50965   0.651608   0.767034    0.65553    0.98498 0.968318
  0.152049   0.584734   0.136574   0.584753   0.122556   0.585652   0.642684   0.503274   0.626581   0.747607   0.616637   0.971705 0.975047
  0.152139   0.580202   0.136259   0.579985   0.121429   0.579597   0.618936   0.487626   0.601166   0.737614   0.583597   0.970487 0.976934
  0.152494     0.5765   0.137007   0.575252   0.122146   0.572321   0.599826   0.470401   0.577044   0.710931   0.546065   0.936309 0.968947
  0.153036    0.57359   0.139037   0.570895   0.123099   0.566107   0.585084   0.452701   0.556244   0.665203   0.514368   0.901743 0.961005
  0.154279   0.570608   0.140859    0.56648   0.125532   0.561408   0.570695   0.423704   0.534923   0.622584   0.492188    0.84858 0.973486
  0.156163   0.567144   0.142863   0.562114   0.127822    0.55727   0.554439   0.383091   0.514051   0.577236   0.472817   0.799431 0.985415
  0.158239   0.563814   0.145373   0.558036   0.130012   0.552895   0.539093   0.339856   0.495222   0.524808   0.452087   0.751123 0.955052
  0.161332    0.55943   0.147195   0.553605   0.132104   0.549457   0.519266   0.277276   0.473817   0.482122   0.436187   0.707308 0.965635
  0.164583   0.554885   0.148561   0.549011   0.134841   0.544379   0.498754   0.211682   0.451075   0.446131   0.412337   0.648154 0.97479
  0.167666   0.548612   0.150834   0.544789   0.137766   0.540166   0.468978   0.143306   0.431239   0.396994   0.393228   0.588752 0.982426
     0.169   0.544732   0.153102   0.540574    0.13912   0.536973   0.449958   0.110067   0.411436   0.347946   0.377846   0.557339 0.984784
  0.170043   0.539526   0.154844   0.536102   0.139814   0.534795    0.42366   0.077253    0.38973   0.306412   0.367118   0.539543 0.961245
  0.170539    0.53193   0.156103   0.531489   0.140159    0.53177    0.38421  0.0455632   0.366776   0.272047   0.351559   0.524598 0.983126
  0.169996   0.524342   0.156274   0.526683   0.140165   0.526613   0.343716  0.0302929   0.341665   0.254255   0.324433   0.508308 0.969289
   0.16902   0.518547   0.156433   0.521925   0.139859   0.523013   0.312202   0.027499     0.3168   0.236799    0.30517   0.501835 0.967111
  0.167091   0.511796   0.154531   0.517456   0.139456   0.520102   0.274666  0.0367405   0.291292   0.252782    0.28943   0.499045 0.973948
   0.16535   0.507197   0.152441   0.513196   0.138652   0.517512   0.248644   0.049777    0.26669   0.272381   0.274961   0.503611 0.982293
  0.163798   0.501605   0.150408   0.508841    0.13789   0.514879   0.217595  0.0567089    0.24165   0.290795    0.26031   0.507353 0.950582
  0.159652   0.497533   0.147375   0.505127   0.136699   0.511891   0.191826   0.109371    0.21893   0.327006   0.243342   0.516771 0.962809
  0.154787   0.491931   0.143947   0.501781   0.135199   0.508855   0.157258    0.16856   0.197734   0.370608   0.225796   0.530915 0.959176
  0.150541   0.487877   0.140683   0.498265   0.132997   0.505712   0.131481   0.222856    0.17582   0.411086   0.206954   0.555796 0.953177
  0.145545   0.484377   0.137239   0.494952   0.130815   0.503209   0.107836   0.290714   0.154778   0.455049     0.1915   0.582386 0.939297
  0.140291   0.481937   0.133275   0.492254   0.128426   0.500987  0.0894951   0.365991   0.136434   0.509134   0.177307    0.61312 0.949162
  0.135671   0.480508   0.129164   0.489748   0.124476   0.497986  0.0771402   0.434422   0.118942   0.566163   0.157379   0.666035 0.946405
  0.130794   0.478497    0.12568   0.486491   0.121617   0.495472  0.0614552   0.505087  0.0981598   0.610922   0.141162   0.703267 0.912424
  0.125359   0.475753   0.121966   0.483504    0.11863   0.493164  0.0413266   0.582263  0.0785544   0.660169   0.125887   0.743175 0.958431
  0.120316   0.473423    0.11744   0.481914   0.115183    0.49047  0.0237851   0.654541  0.0654508    0.72661   0.108108   0.789116 0.931023
  0.115071   0.472487   0.112808   0.480684   0.111133   0.487309  0.0133671   0.734402  0.0541299   0.795876  0.0872337   0.843114 0.967201
   0.10959   0.473637   0.108164   0.479497   0.107123   0.484736  0.0136829   0.824523  0.0430203   0.865448  0.0694943   0.898326 0.957551
   0.10392    0.47372   0.103504   0.478381   0.102858   0.480971 0.00817866   0.914294  0.0322722   0.935491  0.0452234   0.953823 0.429986
 0.0988421   0.477265  0.0988421   0.477265  0.0988421   0.477265  0.0215177    1.00558  0.0215177    1.00558  0.0215177    1.00558 0
