85
  0.477388   0.672622   0.477388   0.672622   0.477388   0.672622 0.000729999   0.133543 0.000729999   0.133543 0.000729999   0.133543 0
  0.480039   0.678553   0.481974   0.674898   0.484676   0.669339 0.00717847   0.238442   0.011682   0.173131  0.0179607  0.0738387 0.625616
  0.484666   0.682108   0.486687   0.676963   0.490016   0.668725  0.0182627   0.300735  0.0229323   0.208931   0.030634  0.0619077 0.982198
  0.487243   0.684525   0.491594   0.678523   0.494003   0.668114  0.0244465   0.343201  0.0346301   0.235713  0.0400912  0.0502983 0.83949
  0.496305   0.689102   0.496652   0.679178   0.496695   0.667934  0.0460926   0.422805  0.0466641   0.246394  0.0464817  0.0465862 0.995131
  0.500928   0.690068   0.501795    0.67916   0.503123   0.667439  0.0571001   0.439101  0.0588848   0.245097  0.0617429  0.0365673 0.988598
  0.505969   0.690931   0.506947   0.679203   0.509456   0.666914  0.0690989    0.45347   0.071126   0.244883  0.0767744  0.0260414 0.952817
  0.510293   0.691934   0.512012   0.679857   0.515162   0.668259  0.0793993   0.470475   0.083175   0.255556  0.0903668  0.0488609 0.867684
  0.514799   0.692992   0.516937   0.681307   0.520428   0.669015  0.0901304   0.488428  0.0949154   0.280389   0.102897  0.0612983 0.955389
  0.519626    0.69392   0.521808   0.682981   0.525796    0.66996   0.101624   0.504002   0.106529   0.309199   0.115675  0.0770704 0.95165
  0.524419   0.695292   0.526715    0.68443   0.530097   0.671413   0.113045   0.527469   0.118226   0.334031    0.12593    0.10207 0.977457
  0.529137   0.696728   0.531726    0.68555   0.534911    0.67265   0.124291   0.552105   0.130159    0.35298   0.137399   0.123145 0.98141
  0.533535   0.697955   0.536752   0.686636   0.540341   0.673518   0.134771   0.573065   0.142129   0.371316   0.150323   0.137531 0.978514
   0.53757   0.699273   0.541666   0.688077   0.544673    0.67457   0.144391   0.595728    0.15384   0.395994   0.160642   0.155404 0.998629
  0.543762   0.700466   0.546516    0.68977   0.550084   0.675431   0.159133   0.615742   0.165406   0.425167   0.173521   0.169687 0.986053
  0.549265   0.700599     0.5514   0.691377    0.55413   0.676904   0.172212    0.61706   0.177052   0.452794    0.18317   0.195092 0.99602
  0.553935   0.701676   0.556416   0.692404   0.560326   0.677387   0.183335   0.635318   0.188995   0.470095   0.197904   0.202494 0.998244
  0.559229   0.702551   0.561516   0.693059   0.566051   0.678281   0.195935   0.649858   0.201127   0.480766   0.211528   0.217297 0.994774
  0.564903   0.704512   0.566559   0.694003   0.570209   0.679487   0.209466   0.683641   0.213135   0.496569   0.221438   0.237947 0.999485
  0.568839   0.706039   0.571587   0.695015   0.574684    0.68084   0.218857   0.710025   0.225105    0.51361   0.232105   0.261131 0.998906
  0.573276   0.707488   0.576664   0.695762   0.579223    0.68186   0.229433   0.734926   0.237186   0.525914   0.242915   0.278404 0.991578
  0.578646   0.708303   0.581744   0.696492   0.583739   0.682777   0.242215   0.748389   0.249276   0.537929   0.253666   0.293843 0.997237
  0.583526   0.709099   0.586788   0.697423   0.588167   0.683815   0.253829   0.761605   0.261283   0.553508   0.264214   0.311437 0.996702
  0.588837   0.709913   0.591785   0.698595   0.592468   0.684823   0.266467   0.775066   0.273183   0.573398   0.274457   0.328547 0.995871
  0.595875   0.710385   0.596762    0.69986   0.598356   0.685562   0.283202   0.782132   0.285043   0.594929   0.288467   0.340561 0.996072
  0.602102   0.710679   0.601767   0.700999   0.605596   0.686123   0.298004   0.786176   0.296961   0.614229   0.305682   0.349156 0.992779
  0.606381   0.712374   0.606812   0.701938   0.610236   0.687154   0.308212   0.815484   0.308972   0.629951   0.316732   0.366596 0.996004
  0.610887   0.713505   0.611901   0.702605   0.614333   0.689398   0.318948   0.834718   0.321081    0.64083   0.326523   0.405691 0.99664
  0.616461   0.713475   0.617025   0.702892   0.617285   0.690193   0.332189   0.833128   0.333262   0.644973   0.333557   0.419254 0.997751
  0.619349   0.714843   0.622158   0.703046   0.624206   0.690251   0.339085   0.856893   0.345461    0.64672   0.350004   0.418967 1
  0.624609   0.715563   0.627264   0.703532   0.629649    0.69149   0.351603    0.86869   0.357605   0.654391   0.362965   0.439963 0.991483
  0.629024   0.716631   0.632328   0.704379   0.633717   0.692809   0.362118   0.886828   0.369657    0.66849   0.372664   0.462633 1
   0.63453   0.717426   0.637361   0.705385   0.637916   0.694984   0.375221   0.899913   0.381641   0.685403   0.382695   0.500478 1
  0.638872   0.718765   0.642428   0.706197   0.641714   0.697142   0.385571   0.922875   0.393701   0.698882   0.391773   0.538106 0.998289
  0.643535   0.719734   0.647523   0.706854   0.647842   0.697475   0.396673   0.939211   0.405822   0.709586   0.406343   0.542854 0.998373
  0.649212   0.720289   0.652555   0.707832    0.65362   0.698558   0.410176   0.948011   0.417802   0.726012   0.420099    0.56101 0.996626
  0.655068   0.720704    0.65754   0.709065   0.657463   0.699361   0.424099   0.954269   0.429678   0.746977    0.42925   0.574556 0.998126
  0.660855   0.721221   0.662548   0.710198   0.662074   0.699933   0.437863   0.962352   0.441606   0.766156    0.44022   0.583844 0.9996
  0.665754   0.721671    0.66761   0.711021   0.668291   0.699745   0.449513   0.969422   0.453652    0.77983   0.454985   0.579317 1
  0.671147   0.722019   0.672719   0.711527   0.673328   0.700424   0.462336   0.974586   0.465805   0.787854    0.46697   0.590429 1
   0.67588   0.721901   0.677834   0.711981   0.678127    0.70084   0.473578   0.971597   0.477969   0.794942   0.478382   0.596906 1
  0.680704   0.722346   0.682948   0.712391   0.683504   0.700547    0.48505   0.978586   0.490128   0.801259    0.49115   0.590683 0.993482
  0.687042   0.722408   0.688079    0.71255   0.688805   0.700033    0.50011   0.978478   0.502325   0.803105   0.503731    0.58055 0.989995
  0.693385   0.722393   0.693208   0.712359   0.693915   0.700009    0.51518   0.977022   0.514507   0.798738   0.515872   0.579154 0.998201
  0.698571   0.722598   0.698314   0.711842   0.698985   0.700306   0.527507   0.979683   0.526623   0.788596   0.527926   0.583477 1
  0.704396   0.722693   0.703412    0.71123   0.702342   0.700546    0.54135   0.980255    0.53872   0.776755   0.535906     0.5871 0.99745
  0.709521   0.722918   0.708518   0.710725   0.708075   0.699998   0.553532   0.983286    0.55084   0.766809   0.549513   0.576268 1
  0.715696   0.723003   0.713641   0.710427   0.712959   0.700527   0.568205   0.983624   0.563004   0.760547   0.561132    0.58475 1
  0.721939   0.722896   0.718767    0.71015   0.719727   0.700495   0.583034   0.980535   0.575176   0.754638   0.577211   0.582889 1
   0.72652   0.722369   0.723879   0.709684    0.72471   0.700061   0.593907   0.970308    0.58731     0.7454    0.58904   0.574233 1
  0.730548   0.721765      0.729   0.709386   0.728929    0.69938   0.603461   0.958801   0.599468   0.739122   0.599045   0.561332 1
  0.735355   0.721265   0.734136   0.709373    0.73387   0.698618   0.614868   0.949007   0.611671   0.737929   0.610767   0.546852 0.991428
  0.740789   0.720788    0.73926   0.709137   0.738206   0.697789   0.627768   0.939506   0.623839    0.73276   0.621047     0.5313 0.965633
  0.746732   0.720177   0.744371   0.708653   0.743046   0.697151   0.641871   0.927527    0.63597   0.723191   0.632531   0.519058 0.9912
  0.751963   0.719587   0.749492   0.708272    0.74876   0.696509   0.654285   0.916048   0.648128   0.715444    0.64609   0.506567 0.982514
  0.755675   0.718501   0.754604   0.707834   0.753504   0.695822   0.663076   0.896045   0.660262   0.706692   0.657344   0.493446 0.999256
  0.761183   0.718303   0.759684    0.70711   0.758157   0.695051   0.676159   0.891476   0.672313   0.692863   0.668379   0.478867 0.972329
  0.767438   0.717636   0.764741   0.706213   0.764175   0.694643   0.691003   0.878449   0.684306   0.675966   0.682669   0.470482 0.938977
  0.771711   0.716525   0.769801   0.705359   0.768932   0.693816   0.701127    0.85789   0.696306   0.659842   0.693949   0.454878 0.993708
  0.777015   0.715719   0.774898   0.704784   0.773049   0.692944   0.713707   0.842557   0.708401   0.648652   0.703709   0.438599 0.912899
  0.780827   0.714375   0.780014   0.704331    0.77811   0.692252   0.722732   0.817957   0.720545   0.639625   0.715716   0.425344 1
  0.785983   0.713653   0.785106   0.703682   0.783013   0.691301   0.734963    0.80415   0.732627    0.62714   0.727339   0.407517 1
  0.791541   0.713377   0.790157   0.702777   0.788482    0.69066   0.748161   0.798181   0.744604   0.610086   0.740319   0.395099 1
  0.796226   0.712484   0.795171   0.701677   0.793408   0.689943   0.759269   0.781432   0.756489   0.589586   0.752004   0.381417 1
  0.800967   0.711806   0.800179   0.700552    0.79879    0.68935   0.770517   0.768483    0.76836   0.568652   0.764775   0.369857 1
  0.807949   0.711543   0.805208   0.699535   0.803173   0.688461     0.7871   0.762484   0.780282   0.549625   0.775167   0.353229 1
  0.814287   0.710652   0.810269   0.698673   0.808044   0.687727   0.802134   0.745449   0.792285   0.533349   0.786721    0.33926 1
  0.817472   0.709229   0.815316   0.697743   0.812931   0.686681   0.809666   0.719569   0.804252   0.515862   0.798305   0.319749 0.911182
  0.823747   0.709068   0.820308   0.696549   0.817791   0.685984   0.824572   0.715506   0.816082    0.49371   0.809834   0.306444 0.853132
  0.828611    0.70801   0.825273    0.69524    0.82238   0.684868   0.836101   0.695785   0.827846   0.469504    0.82071    0.28575 0.772145
  0.833669   0.706904    0.83023   0.693913   0.827422   0.684021   0.848091   0.675184   0.839591   0.444977   0.832668    0.26974 0.775245
  0.838992   0.705645   0.835173   0.692535    0.83227    0.68276   0.860705   0.651799   0.851299   0.419563   0.844154   0.246399 0.749196
  0.842767   0.704776   0.840083   0.691041   0.837938   0.681754   0.869652   0.635637   0.862928   0.392078   0.857595   0.227462 0.833575
   0.84884   0.704298   0.844957   0.689414   0.842672   0.680578   0.884069   0.625989   0.874464   0.362235   0.868813   0.205659 0.648292
  0.853735   0.703093   0.849858   0.687897   0.849042   0.680081   0.895668   0.603654   0.886072   0.334357   0.883934   0.195627 0.747287
  0.857892   0.701948   0.854836    0.68667   0.854377   0.679374   0.905516   0.582514   0.897868   0.311614   0.896592   0.182054 0.813794
  0.863215   0.700904   0.859875   0.685682   0.858575   0.678312   0.918137   0.562949   0.909816   0.293097   0.906539   0.162379 0.789507
  0.870059   0.700267   0.864947   0.684865   0.864959   0.677635    0.93438   0.550331   0.921845    0.27761    0.92169   0.149134 0.77427
   0.87595   0.699207   0.870022   0.684147   0.869304   0.676705    0.94835   0.530382   0.933883   0.263899   0.931989   0.131783 0.605092
  0.880536   0.698123   0.875103   0.683408    0.87349   0.675632   0.959219   0.510247   0.945938   0.249801   0.941909   0.111928 0.401269
  0.884156   0.697011   0.880143   0.682397   0.877968   0.674533   0.967792   0.489809   0.957885   0.230883   0.952518   0.091544 0.227861
  0.891021   0.693133   0.884914   0.680595   0.881899    0.67356   0.984003     0.4196   0.969176   0.197962   0.961835  0.0735162 0.458122
  0.895024   0.686502   0.889347   0.677959   0.885548   0.672472   0.993347   0.301005   0.979641   0.150267   0.970477  0.0534951 0.300705
  0.896834   0.677528   0.893587   0.675035   0.892513   0.670972   0.997419   0.141186   0.989643   0.097508   0.986987  0.0255137 0.0503538
  0.897746   0.672065   0.897746   0.672065   0.897746   0.672065   0.999448  0.0439512   0.999448  0.0439512   0.999448  0.0439512 0
