52
  0.557497   0.390731   0.557497   0.390731   0.557497   0.390731 -0.00178685   0.512981 -0.00178685   0.512981 -0.00178685   0.512981 0
  0.554972   0.386441   0.556076   0.385783   0.551902   0.386961  0.0120115   0.428368  0.0148309   0.456076 0.00875341   0.346559 0.696153
  0.554972   0.386441   0.554052    0.37989   0.544493   0.380475  0.0120115   0.428368  0.0344652   0.379254  0.0279282   0.120734 0.998909
  0.569271    0.37913   0.555195   0.374494   0.542902    0.37123  0.0442728   0.791502   0.053852   0.390617  0.0594757  0.0434151 0.99453
  0.571638    0.37379   0.557244   0.369232   0.544166   0.364872  0.0640383   0.836444  0.0731958   0.427202  0.0822835  0.0545639 1
  0.573283   0.369574    0.55849   0.363747   0.545237   0.360924  0.0795403   0.865831   0.092942   0.441043  0.0965775  0.0692761 1
  0.574728   0.363917   0.559804   0.358256    0.54611   0.356903  0.0999793   0.884502   0.112743   0.456738   0.111033  0.0783435 1
   0.57676   0.358012   0.560434    0.35267   0.547235   0.351924   0.121565   0.918242   0.132554   0.453443   0.128955  0.0907522 1
  0.577969   0.352347   0.561061   0.347072   0.548097   0.346261   0.141921   0.930428   0.152404   0.449979   0.149143  0.0934904 1
  0.579376   0.346361   0.562292   0.341577   0.548685   0.340692   0.163495    0.94685   0.172177   0.463401   0.168873  0.0891012 1
  0.580259   0.340777   0.563524   0.336082   0.549265   0.335094   0.183415   0.950432   0.191954   0.476836   0.188703  0.0843747 1
  0.581226   0.335637    0.56483   0.330604   0.549586   0.328604   0.201824   0.957959   0.211701   0.492348   0.211524  0.0693215 1
  0.581992   0.330222   0.566054   0.325108   0.550004   0.322343   0.221102   0.958969   0.231478   0.505585   0.233593  0.0577349 0.996015
  0.582567    0.32381   0.566764   0.319522   0.551375   0.317552   0.243773   0.951125   0.251325   0.504431   0.250975  0.0775487 0.999512
  0.582582   0.315301   0.567258   0.313911   0.551708   0.311213   0.273505   0.920321   0.271157   0.497334   0.273276  0.0633733 1
  0.582767   0.308177   0.567906   0.308316   0.551943   0.304278   0.298475   0.899245   0.291007   0.494485   0.297611  0.0443431 1
  0.581621   0.303579   0.568479   0.302714   0.552679   0.298955   0.314001   0.851116   0.310845   0.489547   0.316551  0.0448763 0.997935
   0.58164   0.298406   0.569037    0.29711   0.553582   0.294577   0.332079   0.832648   0.330686   0.484203   0.332271  0.0534623 1
  0.582003    0.29179    0.56972   0.291518    0.55444    0.28949   0.355362   0.818288    0.35054   0.482307   0.350442  0.0581737 1
  0.582488   0.286545   0.569858   0.285896   0.555086   0.283499   0.373913   0.812258   0.370244   0.465451   0.371678  0.0538088 1
  0.583238   0.282066    0.56976   0.280259   0.556103   0.278726   0.389914   0.816285   0.389891   0.442092   0.388829  0.0640353 1
  0.583904   0.276858   0.569798   0.274632   0.557513   0.274254    0.40842   0.815331   0.409567   0.422492   0.405111  0.0860843 0.995243
  0.583758   0.270733   0.569738   0.268995    0.55826    0.26897   0.429746   0.788886   0.429228   0.400183   0.423921  0.0870842 0.996428
  0.583785   0.263244   0.570608   0.263432   0.559407   0.264082    0.45592   0.762139   0.449071   0.403504   0.441537   0.100412 0.999665
  0.584545   0.257828   0.571899    0.25795   0.559855   0.257878   0.475198   0.762994   0.468827   0.418586   0.463421  0.0898718 1
  0.585476   0.253906    0.57309   0.252446   0.560297   0.250459   0.489335   0.774003   0.488616   0.430887   0.489545  0.0747281 1
  0.586362   0.249262   0.574363    0.24696   0.560946   0.245119   0.505975   0.781124   0.508379   0.445451   0.508503  0.0728332 0.999665
  0.586692   0.242309   0.575061   0.241372    0.56195   0.239016    0.53042   0.764621   0.528226   0.444003   0.530295  0.0778212 1
   0.58673   0.236287   0.574997    0.23574   0.562949   0.234116   0.551474   0.743553    0.54787   0.421599   0.547883  0.0870723 0.993201
  0.585886   0.232265   0.574955    0.23011   0.564268    0.22887   0.565127   0.705803   0.567519   0.399792   0.566827     0.1038 1
  0.586115   0.226197   0.575878   0.224549   0.564958   0.222719   0.586432   0.689782   0.587379   0.404574   0.588639   0.100047 0.997855
  0.586743   0.220872   0.577004   0.219045   0.565704   0.216982   0.605331   0.687358   0.607137   0.415085   0.609031  0.0993589 0.999433
  0.587282   0.215035   0.577062   0.213398    0.56703   0.211591   0.625974   0.680655    0.62689   0.395944   0.628488   0.115746 0.99744
  0.586786    0.20911   0.577758   0.207812   0.568236   0.207024   0.646439   0.645383   0.646729   0.394425    0.64501   0.131875 1
   0.58691   0.203733   0.578887     0.2023   0.569039   0.201805   0.665279    0.62904   0.666516   0.404983   0.663616   0.134617 0.985912
  0.587121   0.197592   0.579848   0.196744   0.570132   0.197233   0.686833    0.61228   0.686378   0.410817   0.680104    0.14766 0.994095
  0.588291   0.193107   0.580201   0.191129   0.570851   0.191266   0.703049   0.627713   0.706157   0.399858   0.701283    0.14537 0.996428
  0.588457   0.185611   0.580278   0.185496   0.570978   0.183544   0.729314   0.604739   0.725873   0.381282   0.728321   0.120515 0.975432
  0.587887   0.180392   0.580721   0.179882   0.571895   0.177994   0.747276   0.570053    0.74569   0.372755    0.74814   0.125158 0.865208
  0.588142   0.174574   0.581461   0.174299   0.573727   0.172478   0.767722   0.555655   0.765541   0.372461   0.768271   0.154877 0.814518
  0.588371   0.168134   0.582432   0.168749   0.575153   0.168915   0.790326    0.53827   0.785385   0.378573   0.781386   0.180701 0.886988
  0.589032   0.161979   0.583144    0.16317   0.575774   0.163019   0.812137   0.533717    0.80521   0.377532   0.802275   0.175987 0.740866
  0.589621   0.157338   0.583353   0.157537    0.57644   0.157401   0.828628   0.532772   0.824988   0.362574   0.822212   0.173541 0.760154
  0.590224   0.151727   0.583776   0.151925   0.577104   0.151746   0.848513   0.528635   0.844791     0.3535   0.842279   0.170906 0.757537
    0.5897   0.145787    0.58432   0.146318   0.577856   0.146599   0.869014    0.49254   0.864631   0.347771   0.860612   0.172526 0.645492
  0.589077   0.141211   0.584418   0.140686   0.578491   0.140771   0.884709   0.458764   0.884352   0.329781   0.881271   0.168466 0.727194
  0.589128    0.13371    0.58444   0.135056   0.579023   0.134855   0.910935   0.432629    0.90403   0.309724   0.902186    0.16126 0.800084
  0.588755   0.128814   0.584679   0.129427   0.579718   0.129609   0.927865   0.404514   0.923807   0.295609   0.920838    0.16099 0.527474
  0.589286    0.12437   0.584948   0.123804   0.580397     0.1237   0.943639    0.40267   0.943576   0.282291   0.941802   0.157809 0.560466
  0.589928   0.117532   0.585346   0.118184   0.581686   0.117342   0.967826   0.395104   0.963397   0.272547   0.964618    0.16964 0.50191
  0.590194   0.112118   0.585705   0.112567   0.583385   0.111902   0.986865   0.382479   0.983185   0.261738   0.984419   0.196028 0.314895
  0.586156    0.10695   0.586156    0.10695   0.586156    0.10695    1.00302   0.253411    1.00302   0.253411    1.00302   0.253411 0
