89
  0.313289   0.655163   0.313289   0.655163   0.313289   0.655163  0.0185537   0.971842  0.0185537   0.971842  0.0185537   0.971842 0
  0.317924   0.653809   0.314961   0.650994   0.312111   0.650779  0.0342119   0.963732  0.0259597   0.924414  0.0168334   0.916729 0.587514
  0.322597   0.648992   0.316652   0.646826   0.309569   0.643893  0.0516497   0.913823  0.0334296   0.877027  0.0118901   0.828932 0.921734
  0.324978   0.645827   0.318438   0.642694   0.309237   0.638581  0.0608719   0.879796  0.0411869   0.830247  0.0133522   0.764107 0.984393
  0.327749   0.642501   0.320508   0.638708   0.309813   0.633072  0.0714369   0.844518  0.0497958   0.785752  0.0178474   0.698531 1
  0.330008   0.640208   0.322929   0.634922   0.315572   0.629282  0.0798454   0.820825  0.0594448   0.744281   0.038309   0.662973 0.883584
  0.332691   0.637886    0.32559   0.631297   0.317875   0.626805  0.0896454   0.797532  0.0697945   0.705192  0.0469526   0.637131 0.822543
  0.336055   0.634528   0.328413   0.627797   0.320379   0.623365   0.102146   0.762921  0.0806075   0.667905  0.0567058        0.6 0.906474
   0.33926   0.630776   0.331358   0.624398   0.324002   0.619769   0.114315   0.723272  0.0917701   0.632065  0.0701563   0.562979 0.813295
  0.341595   0.628237   0.334443    0.62113   0.327439   0.615905   0.123093   0.696733   0.103323   0.598043  0.0831351   0.522379 0.821272
  0.344977    0.62635   0.337694   0.618027   0.330253   0.612379   0.134948   0.679944   0.115333   0.566324  0.0939325   0.484766 0.842196
  0.348144   0.623935   0.341086   0.615071   0.332933   0.608871   0.146359   0.656399    0.12773   0.536634   0.104287   0.447124 0.934451
  0.351619   0.620898   0.344611   0.612276   0.337105   0.605774   0.159064   0.625876   0.140482   0.509121    0.11928    0.41712 0.957688
  0.355361   0.617329   0.348318   0.609743   0.341365   0.602822   0.172887   0.589389   0.153701   0.485109   0.134485   0.389016 0.803468
  0.358548   0.614975    0.35217   0.607424   0.345488   0.598677   0.184332   0.566612   0.167281   0.463929   0.149818   0.346256 0.849249
  0.362059    0.61258    0.35601   0.605076   0.349366   0.595265   0.196849   0.543911   0.180841   0.442392   0.164008   0.311908 0.86578
  0.365613   0.609942    0.35971   0.602526   0.353867   0.592164   0.209621   0.518345   0.194043   0.418156   0.180066    0.28244 0.744971
  0.368506   0.607493   0.363196   0.599695    0.35683    0.58939   0.220158   0.493894   0.206686    0.39014   0.190989   0.254181 0.969133
  0.371868   0.605645    0.36662   0.596775   0.360175    0.58667    0.23193   0.477546    0.21917   0.360942   0.203123   0.227264 0.803468
   0.37554   0.603714   0.370169   0.594005   0.364583   0.584642   0.244746   0.460745   0.231985   0.333767   0.218367   0.210592 0.915723
  0.379151   0.601486   0.373825   0.591397   0.368736   0.582273   0.257505   0.440239   0.245073   0.308754   0.232947   0.189363 0.928439
  0.382741   0.599221   0.377565   0.588929   0.373529   0.578365   0.270212   0.419257   0.258366    0.28558   0.250338   0.150646 0.767514
  0.385658    0.59769   0.381432   0.586603    0.37782   0.573813   0.280394   0.405942      0.272   0.264355   0.266412   0.103259 0.818035
  0.388591   0.596369   0.385395   0.584422    0.38327   0.570262   0.290522   0.395204   0.285877    0.24505   0.285759  0.0700459 0.693064
  0.391413   0.595119   0.389355   0.582399   0.387948   0.567205    0.30026   0.385119   0.299668   0.227649    0.30237  0.0414163 0.987861
  0.394005   0.594136   0.393498   0.580745   0.398729   0.566874   0.309123   0.377851   0.313877   0.215029   0.337444  0.0566457 0.84763
  0.396259   0.593369    0.39806   0.579877   0.406424   0.570957    0.31679     0.3726   0.329068    0.21267   0.360417   0.119726 0.976069
  0.398041   0.593225   0.402386   0.580683   0.412925   0.577147   0.322632   0.374038   0.342693   0.230134   0.378516   0.206173 0.911561
  0.398861   0.593709    0.40556   0.583744   0.414772   0.587547   0.325055   0.381355   0.351512   0.272805    0.37953   0.335216 0.989133
  0.398981   0.595425   0.406954   0.588026   0.414127   0.600491   0.324625   0.402312   0.353979   0.327065   0.371258   0.490575 0.928092
  0.398414   0.598095    0.40659   0.592529   0.411344   0.610035   0.321514   0.433585    0.35065   0.380865   0.357688   0.601015 0.990751
  0.397144   0.601573   0.405584    0.59695   0.414188   0.609519   0.315738    0.47337   0.345281   0.432522   0.367146   0.599844 0.990751
  0.396201   0.606055   0.404709   0.601299   0.417882   0.605466   0.310542   0.525893   0.340372    0.48355   0.381046    0.55743 0.910636
  0.394772   0.610896   0.404221   0.605813   0.419776    0.60276   0.303604   0.581877   0.336633   0.537265   0.388472   0.528082 0.8
  0.393935   0.617482   0.404142   0.610364   0.421669     0.6004   0.297747   0.660015   0.334206   0.592153   0.395729   0.502926 0.836532
  0.395036   0.624949    0.40444   0.614683   0.423589   0.598724   0.297746   0.752262   0.333107   0.644911    0.40275   0.486086 0.723353
  0.396948   0.631384   0.405487   0.619083   0.425012   0.597659   0.300866   0.833489   0.334395    0.69997   0.407865   0.475741 0.552601
  0.401975   0.636518   0.407691   0.623414   0.425873   0.597011   0.314694   0.904521   0.339467   0.756271   0.410964   0.469439 0.713179
   0.40906   0.638815   0.411109   0.625447   0.426379   0.596596   0.336544   0.944938   0.349567   0.786955     0.4128    0.46533 0.998381
  0.418117   0.638898   0.415252   0.624117    0.42673   0.596284    0.36584   0.962093    0.36362   0.778254   0.414086   0.462174 0.988208
  0.423094   0.635972    0.41884     0.6211   0.427069   0.595962   0.383355   0.935584   0.376679   0.748174   0.415339   0.458896 0.923931
  0.428258   0.632159   0.421718   0.617718   0.427489   0.595544   0.401901    0.89869   0.387618   0.712412   0.416898   0.454583 0.900116
   0.43329   0.627612   0.424891   0.614587   0.428037   0.594979   0.420372    0.85268   0.399389   0.680211   0.418943    0.44873 0.785318
  0.438153   0.624276   0.428488   0.611797   0.428743    0.59427   0.437714   0.821017    0.41237   0.652882   0.421568   0.441412 0.864509
  0.440034   0.621364    0.43213   0.609147   0.429801   0.593292   0.445198   0.789149   0.425434    0.62734   0.425461   0.431474 0.899769
  0.441866   0.619307   0.435717   0.606487   0.431714   0.591677   0.452114    0.76755   0.438321   0.601571    0.43243    0.41536 0.758266
  0.445292   0.617396   0.439261   0.603736   0.435038   0.589394   0.464122   0.750552   0.451112   0.574627   0.444284    0.39368 0.841272
  0.449624   0.613894   0.442832   0.600971   0.439303   0.587528   0.479825   0.715929      0.464   0.547558   0.458991   0.378727 0.945896
  0.452975   0.612327   0.446435   0.598239   0.442128   0.586024   0.491427   0.702953   0.476972   0.520949   0.468858    0.36557 0.921734
  0.455608   0.610956   0.449952   0.595501   0.446261   0.582404    0.50061    0.69108   0.489671   0.494119   0.483974   0.329179 0.848902
   0.45818   0.609672   0.453557   0.592889   0.451505   0.577774   0.509551   0.680138   0.502597   0.468962   0.503169   0.282537 0.846705
  0.461013   0.608407   0.457656   0.590758   0.457609    0.57517   0.519333   0.669897   0.516888   0.450507   0.524182    0.26194 0.745896
  0.463855   0.607522   0.462043   0.589968   0.464875   0.577874   0.528959   0.664259   0.531475   0.448777   0.546424   0.307588 0.733179
  0.466542   0.607544   0.466174    0.59138   0.469931   0.580175   0.537651   0.669314    0.54418   0.473217   0.561698   0.344427 0.950983
  0.468444   0.608475   0.469554   0.594436   0.474329   0.582962   0.543367    0.68397   0.553666   0.516188   0.574611   0.385971 0.767514
  0.470362   0.610484   0.471961   0.598251   0.477883   0.586538   0.548619   0.711674   0.559641   0.566608   0.584416   0.435549 0.961503
  0.472609   0.612832   0.473892   0.602302   0.480359   0.590416   0.554775   0.744071    0.56396   0.619041   0.590582   0.486845 0.998381
  0.473995   0.615584   0.475909   0.606281   0.482431   0.594254   0.557949   0.779823   0.568593   0.670749    0.59546   0.536958 0.971676
  0.475524   0.620059    0.47848   0.610083   0.484448   0.599278   0.560764   0.836653   0.575102   0.721302   0.599594   0.601297 0.995838
  0.478067   0.623431   0.481878   0.612947   0.485526   0.603268    0.56739   0.881967   0.584741   0.761994   0.601178   0.651463 0.959884
  0.482899   0.626407   0.486138   0.613653   0.486358   0.604609   0.581619   0.926567     0.5982   0.778119   0.603234   0.669166 0.97133
  0.490454   0.627316   0.490635   0.612462   0.488881   0.603311   0.605653   0.951026   0.613333   0.771737   0.612023   0.657969 0.979306
  0.497459   0.625007   0.494607   0.610359   0.492045   0.601054   0.629445   0.935596   0.627202    0.75339   0.623351   0.636315 0.820925
  0.503333   0.621203     0.4983   0.607913   0.495561   0.598359   0.650285   0.900074   0.640333   0.730408   0.636023   0.609998 0.928439
    0.5079   0.618398   0.502104   0.605476   0.499313   0.595789   0.666418   0.874299   0.653816   0.707726   0.649406   0.585611 0.945896
  0.512544   0.616015   0.505985   0.603154   0.502803     0.5935   0.682596   0.853771   0.667496   0.686571   0.661801   0.564161 0.914451
  0.516574   0.613929   0.509898   0.600973   0.506598   0.591226   0.696645   0.835735   0.681209   0.667163   0.675176   0.543434 0.918844
   0.52007   0.611337   0.513874   0.598894    0.50976   0.589439   0.709206    0.81063   0.695081   0.649125   0.686272   0.527462 0.899769
  0.524332   0.609647   0.517915   0.596901    0.51244   0.587667   0.723817   0.797792   0.709119   0.632224   0.695799   0.510816 0.958266
  0.527844   0.608015   0.521984   0.594985   0.515947   0.585649   0.735972   0.784315   0.723216   0.616318   0.708122   0.492671 0.776069
  0.532079   0.606933   0.526052   0.593083   0.520422   0.582623   0.750205   0.778781     0.7373   0.600572   0.724059   0.464056 0.8963
  0.536387   0.605299     0.5301   0.591126   0.524969   0.579933   0.764937   0.766704   0.751343   0.584128   0.740071   0.439644 0.882312
  0.540755   0.604112   0.534146    0.58916   0.529607   0.577623   0.779649   0.760144   0.765387   0.567567   0.756197   0.419976 0.669595
  0.544646   0.602784   0.538201   0.587216   0.534082   0.574843   0.792888   0.751032   0.779448   0.551291   0.772018   0.394342 0.825665
    0.5492   0.601237   0.542224   0.585213    0.53819   0.573268   0.808374   0.740442   0.793433   0.534252   0.786075   0.382628 0.936069
  0.552878   0.599596   0.546211   0.583139   0.541333   0.571581   0.821072    0.72716   0.807338    0.51628    0.79706   0.367824 0.802775
  0.556432    0.59758   0.550224   0.581101   0.545385   0.569069   0.833545   0.709123   0.821309   0.498797   0.811383    0.34468 0.772254
   0.56016   0.596347   0.554331   0.579277   0.548589   0.567058   0.846206   0.700854   0.835482   0.484056    0.82272   0.326073 0.68578
   0.56436   0.595384    0.55859   0.577855   0.552096   0.564948    0.86027   0.696694   0.849953   0.474461   0.835085   0.306812 0.689595
  0.569131   0.594855   0.562954   0.576751   0.557347   0.563545   0.875974    0.69881   0.864617   0.468896   0.852763   0.299211 0.848555
  0.572572   0.593027   0.567339   0.575748   0.562778   0.563956   0.887994   0.682839   0.879296    0.46459   0.870157   0.313874 0.833642
  0.574367   0.591434   0.571691    0.57464   0.568003   0.564409   0.894566   0.666779   0.893922    0.45895   0.886863   0.328663 0.892139
  0.577899   0.589901   0.576005   0.573373   0.573788   0.564234   0.906738   0.654543     0.9085   0.451318   0.905684   0.336868 0.778613
  0.581753   0.588161   0.580362   0.572242     0.5792   0.563948   0.920054   0.640383   0.923149   0.445416    0.92335   0.343049 0.422196
   0.58606   0.586759   0.584799   0.571531   0.584452   0.564326   0.934672   0.631104    0.93786   0.444729   0.940178   0.356987 0.631098
  0.588981   0.585345   0.589282   0.571419   0.587926   0.564193   0.944809   0.619211   0.952434    0.45137   0.951491   0.361579 0.598035
  0.592474   0.583542   0.593772   0.571802   0.594618   0.564013   0.956981   0.603647   0.966793   0.464003   0.973254   0.371332 0.651445
  0.596434   0.582447   0.598237   0.572378   0.598987   0.567361   0.970329   0.597459   0.980978   0.478924   0.985803   0.419609 0.330636
   0.60268   0.573011    0.60268   0.573011    0.60268   0.573011   0.995065   0.494506   0.995065   0.494506   0.995065   0.494506 0.158959
