52
  0.716796   0.671361   0.716796   0.671361   0.716796   0.671361  0.0921137  0.0105458  0.0921137  0.0105458  0.0921137  0.0105458 0
  0.710711   0.676917   0.718093   0.676061   0.723114   0.675191  0.0522762  0.0535811   0.100606  0.0469506   0.133485  0.0402106 0.612023
  0.710719    0.68126   0.718283   0.680861   0.732701   0.681106  0.0523275  0.0872227   0.101854  0.0841344   0.196256  0.0860303 0.994566
  0.710684   0.685162   0.717934   0.685675   0.731692   0.687526  0.0520968   0.117452  0.0995651   0.121423   0.189651   0.135768 1
  0.710222   0.689668   0.717261   0.690453   0.728396   0.693088  0.0490715   0.152361  0.0951596   0.158442   0.168068    0.17885 0.962775
  0.709646   0.694445    0.71608   0.695136   0.727491   0.697204  0.0453037   0.189359   0.087431   0.194714   0.162142   0.210735 0.934798
  0.709146   0.699265   0.715174   0.699872   0.727908   0.701793    0.04203   0.226702  0.0814936   0.231404   0.164875   0.246285 0.869595
  0.708351   0.703514   0.714649   0.704669   0.726646   0.706586   0.036822   0.259613  0.0780621   0.268565   0.156612   0.283412 0.8
  0.708011   0.709044    0.71413   0.709468   0.725576   0.709876  0.0345989   0.302457  0.0746616   0.305739   0.149605   0.308897 0.909017
  0.707239   0.714043   0.713844   0.714283   0.725498   0.715776  0.0295403   0.341175  0.0727862    0.34304   0.149097     0.3546 0.964971
  0.707698   0.718908    0.71384    0.71911   0.723269   0.719266  0.0325445   0.378864  0.0727601   0.380427   0.134499   0.381639 0.972948
  0.707999   0.723445    0.71386   0.723935   0.722861   0.722652  0.0345194   0.414014  0.0728909   0.417808   0.131831   0.407869 0.811445
   0.70675   0.728166   0.713807    0.72876   0.723201   0.727729  0.0263392   0.450583  0.0725443   0.455187   0.134052   0.447199 0.899191
  0.706644   0.734021   0.713974   0.733583   0.723355   0.733477   0.025646   0.495936  0.0736378   0.492546   0.135065    0.49172 1
  0.706118    0.73841   0.714602   0.738366   0.723729   0.738679  0.0222026   0.529935   0.077753   0.529593   0.137511   0.532024 0.873064
   0.70571   0.743773   0.715316   0.743141   0.723851    0.74357  0.0195265   0.571482  0.0824283   0.566585   0.138312   0.569906 0.836532
  0.705713   0.750091   0.715702   0.747948    0.72331   0.747415  0.0195472   0.620422  0.0849558   0.603823   0.134767   0.599693 0.961156
  0.706155   0.755772   0.716009   0.752766   0.723777   0.752522  0.0224424   0.664433  0.0869642   0.641144   0.137824   0.639252 0.956069
  0.705733   0.761377   0.716519   0.757566   0.723822   0.758326  0.0196809   0.707848  0.0903062   0.678325   0.138123   0.684217 0.808208
  0.705701   0.769029   0.716785   0.762375   0.724394   0.761765  0.0194706   0.767125  0.0920421   0.715581   0.141862   0.710855 0.881618
  0.706986   0.775732   0.716862   0.767219   0.725073   0.765593  0.0278822   0.819048  0.0925471   0.753101   0.146312   0.740513 0.933757
  0.708621   0.780699   0.717548   0.771969   0.726127   0.766792   0.038592   0.857531  0.0970434     0.7899   0.153215   0.749794 0.860694
  0.710471    0.78615   0.719137   0.776547   0.729997   0.766536  0.0507053   0.899754   0.107445   0.825363    0.17855   0.747813 0.839306
  0.712984   0.789855   0.723102   0.779242   0.733616   0.766212  0.0671587   0.928456   0.133409   0.846239    0.20225   0.745304 0.871792
  0.718481   0.794975   0.727878   0.779976   0.737464   0.766194   0.103151   0.968118   0.164678   0.851924    0.22744   0.745168 0.871792
  0.726446   0.796581   0.732605   0.780938   0.740347   0.765999   0.155303   0.980556   0.195629   0.859378   0.246318   0.743652 0.986936
   0.73505   0.796259   0.737377   0.781664   0.742742   0.765433   0.211635   0.978062   0.226876      0.865   0.262004   0.739269 0.929017
  0.739896   0.794289   0.742168   0.782222   0.745626   0.764707   0.243368   0.962806   0.258245   0.869327   0.280887   0.733649 0.664855
  0.745072   0.793282   0.746997   0.782258   0.749033   0.764155   0.277255   0.954999   0.289861   0.869608   0.303189    0.72937 0.874335
  0.750579    0.79295    0.75182   0.782238   0.753102   0.763918   0.313317   0.952432   0.321441   0.869449   0.329837   0.727531 0.736994
   0.75608   0.793409   0.756648   0.782223   0.756967   0.763653   0.349335   0.955985   0.353051   0.869329   0.355139   0.725484 0.781156
  0.759342    0.79488   0.761471   0.782226   0.760842   0.763086   0.370693   0.967381   0.384632   0.869356   0.380512    0.72109 0.684509
  0.765907   0.794977     0.7663    0.78223   0.765588   0.762916   0.413676   0.968132   0.416247   0.869389   0.411591   0.719772 0.632717
  0.769938   0.794034   0.771121   0.782253   0.770023   0.762148   0.440073   0.960824   0.447819   0.869563    0.44063   0.713819 0.553526
  0.774736   0.794026   0.775951   0.782251   0.775502   0.762096   0.471485   0.960765   0.479444   0.869547     0.4765    0.71342 0.626011
   0.78033   0.794014   0.780756   0.781826    0.78021   0.762543   0.508116   0.960673   0.510903   0.866261   0.507324   0.716884 0.900347
  0.785416   0.793877   0.785558   0.781352   0.784663   0.762228   0.541415   0.959609   0.542341   0.862585   0.536486   0.714444 0.87526
  0.790826   0.794286   0.790382   0.781215   0.789903   0.761601   0.576836   0.962776   0.573931   0.861527   0.570796   0.709586 0.954798
   0.79691   0.794274   0.795201   0.780993   0.795583   0.761755   0.616674   0.962689   0.605481   0.859804   0.607981   0.710775 0.539538
  0.802956   0.794261   0.800006   0.780534   0.799226   0.763669   0.656257   0.962588   0.636942   0.856252   0.631835   0.725604 0.933179
  0.807361   0.793382   0.804786   0.779878   0.802652   0.764517     0.6851   0.955775    0.66824   0.851164   0.654271   0.732176 0.893757
  0.811557   0.792899   0.809506   0.778874   0.807541   0.764825   0.712573   0.952037   0.699144    0.84339   0.686278   0.734559 0.968786
  0.817219   0.792635   0.814193   0.777726   0.811104   0.764008   0.749648   0.949992   0.729833   0.834495   0.709613   0.728233 0.879422
  0.822628   0.792455   0.818892   0.776629    0.81424   0.762904   0.785065   0.948594   0.760603   0.825999    0.73014   0.719681 0.915723
  0.828568   0.792283    0.82359   0.775525   0.819844   0.762548   0.823957   0.947261   0.791362   0.817451   0.766837    0.71692 0.772601
   0.83355   0.791506   0.828293   0.774444   0.824752   0.761756   0.856576   0.941243   0.822154   0.809072   0.798972   0.710788 0.851445
  0.838883   0.790959    0.83301    0.77343   0.829725   0.761409   0.891494   0.937003   0.853044   0.801216   0.831532   0.708101 0.494682
  0.843367   0.788843   0.837728   0.772408   0.833367   0.760225   0.920852   0.920612   0.883933   0.793305   0.855378   0.698923 0.679075
  0.848364   0.781424   0.842206   0.770638   0.835626   0.759257   0.953575    0.86314   0.913252    0.77959   0.870173   0.691426 0.44763
  0.851004   0.773036   0.846062   0.767697   0.837518   0.758448   0.970862   0.798167   0.938503   0.756806   0.882559    0.68516 0.198381
  0.852527   0.767255   0.849453   0.764342   0.843484   0.757934    0.98083   0.753384   0.960705   0.730822   0.921621   0.681182 0.433642
    0.8528   0.760811     0.8528   0.760811     0.8528   0.760811   0.982622   0.703465   0.982622   0.703465   0.982622   0.703465 0
