132
  0.468657   0.327518   0.468657   0.327518   0.468657   0.327518 0.00778536   0.206199 0.00778536   0.206199 0.00778536   0.206199 0
  0.473738   0.333009   0.473118   0.326996   0.472795   0.323132  0.0284969   0.240949  0.0252232   0.201747  0.0234165    0.17654 0.526474
  0.478828   0.334712    0.47758   0.326508   0.476634   0.319495   0.048719   0.250909  0.0426764   0.197512  0.0379824   0.151843 0.774451
  0.480972   0.335037   0.482049   0.326085   0.481181   0.316507  0.0571823   0.252535  0.0601606   0.193708  0.0554164   0.131238 0.748786
  0.486875   0.335107   0.486524   0.325739   0.485788   0.314305  0.0803682   0.251621  0.0776811   0.190405  0.0731994   0.115757 0.975491
  0.491953   0.334524   0.491003   0.325446   0.490452   0.313755   0.100225   0.246623  0.0952279   0.187446  0.0914339   0.111075 0.757688
  0.496193   0.333709   0.495486   0.325177   0.495142    0.31346   0.116756   0.240304   0.112789   0.184642   0.109805   0.108048 0.923931
  0.500415   0.333433   0.499966   0.324882   0.499605   0.313058   0.133295   0.237516   0.130337   0.181671   0.127269   0.104383 0.985318
  0.505755   0.333746   0.504438   0.324499   0.503588   0.312327   0.154304   0.238325    0.14784   0.178122   0.142807  0.0986725 0.990751
  0.510757   0.333275   0.508896   0.323985   0.507537   0.311367   0.173875   0.234077   0.165274   0.173722   0.158175  0.0914709 0.798035
  0.514372   0.332323   0.513347   0.323391   0.512339   0.310786   0.187936   0.227007   0.182665   0.168798   0.176949  0.0865567 0.917919
  0.518503   0.331638   0.517797    0.32279   0.517477   0.310439   0.204057   0.221564   0.200051   0.163834   0.197072  0.0830916 0.707746
  0.522605   0.331248    0.52225   0.322229   0.521974   0.310005    0.22011   0.218062   0.217456   0.159125   0.214667  0.0792029 0.921387
  0.527058   0.331995   0.526707   0.321704   0.525607   0.309114   0.237697    0.22191   0.234883   0.154656   0.228806  0.0725264 0.851098
   0.53231   0.332266    0.53117    0.32121   0.530545   0.308486   0.258354   0.222463   0.252333   0.150382   0.248104   0.067272 0.801503
  0.536541   0.331684   0.535636   0.320742   0.534668   0.307891   0.274884    0.21767   0.269802   0.146284   0.264211  0.0624176 0.647283
   0.54041   0.331783   0.540104     0.3203   0.538628     0.3068   0.290089   0.217416   0.287282   0.142353   0.279604  0.0543589 0.937341
  0.544282   0.332465   0.544573    0.31989   0.543179   0.306117   0.305385   0.220979   0.304771   0.138631   0.297376  0.0488314 0.881965
  0.548907   0.333025   0.549047   0.319549   0.548249   0.306363   0.323623   0.223572   0.322289   0.135358   0.317319  0.0492566 0.961503
  0.553412    0.33343   0.553531   0.319322   0.552853   0.306628   0.341365   0.225169   0.339862   0.132831   0.335429  0.0499253 0.916647
  0.557866   0.333169   0.558024   0.319248   0.555816   0.305469   0.358815   0.222425   0.357492   0.131299     0.3469  0.0416476 0.833642
  0.561918   0.332577   0.562514    0.31935   0.559992   0.304037   0.374643   0.217612   0.375134    0.13092   0.363096  0.0313065 0.61711
  0.565684   0.332944   0.566988   0.319647   0.565786   0.303833   0.389479   0.219139   0.392743   0.131827   0.385816  0.0286279 0.717919
   0.57007   0.333107   0.571447   0.320121   0.571594   0.303908   0.406722   0.219186   0.410313   0.133887   0.408628  0.0277685 0.934451
  0.574365   0.333283   0.575896    0.32072   0.577169   0.303915   0.423609   0.219339   0.427867   0.136772   0.430519  0.0265155 0.870173
  0.578741   0.334042   0.580345   0.321388   0.582206   0.303742   0.440894   0.223288   0.445424   0.140113   0.450268  0.0242098 0.844393
  0.583255    0.33475   0.584793   0.322044   0.586788     0.3038   0.458715   0.226869   0.462981   0.143371   0.468265  0.0235261 0.881387
  0.587642   0.335267   0.589242   0.322597   0.591264   0.304189    0.47601   0.229233   0.480525   0.145954   0.485896  0.0250281 0.877803
  0.592532   0.335598   0.593697    0.32299   0.595931    0.30413   0.495257   0.230259   0.498069   0.147485   0.504208  0.0235599 0.740462
   0.59775   0.335709   0.598171   0.323223   0.600389   0.304389   0.515756   0.229771   0.515669   0.147972   0.521747   0.024215 0.985665
  0.602288   0.336061   0.602679   0.323309   0.603859   0.305154   0.533622   0.231019    0.53338   0.147485   0.535478  0.0284163 0.845087
  0.606621   0.336506   0.607202   0.323292   0.608056   0.305114   0.550696   0.232923   0.551133   0.146322    0.55195   0.027176 0.861965
  0.610674   0.336983   0.611694   0.323244   0.613093   0.305145   0.566676     0.2351   0.568764   0.144963    0.57173  0.0262072 0.771908
   0.61474   0.337426   0.616129   0.323226    0.61735   0.305926   0.582702   0.237052   0.586172   0.143812   0.588554  0.0303309 0.954451
  0.618703   0.337765   0.620563   0.323238   0.621821   0.306573   0.598307   0.238349   0.603584   0.142861   0.606198  0.0335212 0.880694
  0.622136   0.338141   0.625083   0.323263   0.626261   0.307398   0.611839   0.240015   0.621331   0.141971   0.623746  0.0378891 0.826011
  0.625161   0.338544   0.629693   0.323325   0.630352   0.308509   0.623773   0.241947   0.639439   0.141308   0.639962   0.044206 0.764277
  0.627876   0.338866   0.634243   0.323537   0.635432   0.309003   0.634476   0.243421   0.657334   0.141635   0.659975  0.0462563 0.826936
  0.630035   0.339073    0.63858   0.324006   0.642117   0.309554    0.64298   0.244276   0.674427   0.143696   0.686295  0.0483088 0.870173
  0.631527   0.339241   0.642808   0.324625   0.648537   0.310346   0.648861   0.245026   0.691113   0.146761   0.711614  0.0519983 0.797341
  0.632422   0.339419   0.647245   0.325106   0.656962   0.311018   0.652401   0.245986   0.708599   0.148877   0.744782  0.0544354 0.730289
  0.632907   0.339597   0.652098   0.325286   0.665074   0.312055   0.654331   0.247034   0.727679   0.148927   0.776775  0.0593333 0.715954
  0.633161   0.339751   0.656948   0.325706   0.676929   0.313671   0.655347   0.247984   0.746779   0.150551   0.823546   0.067152 0.797688
  0.633291   0.339879    0.66116   0.327143   0.686103   0.316942   0.655877   0.248789   0.763517   0.158975   0.860022  0.0864199 0.703584
  0.633358   0.339989   0.664077   0.329907   0.690088   0.325878   0.656155   0.249493   0.775353   0.176379   0.876913   0.143966 0.942659
  0.633389   0.340094    0.66499   0.333333   0.692161   0.336073   0.656292   0.250178   0.779415   0.198586   0.886474   0.210193 0.984393
  0.633389   0.340214   0.663245    0.33666    0.69088     0.3469   0.656308   0.250961   0.773032   0.220759   0.882956   0.281341 0.836532
   0.63334   0.340369   0.659315   0.339542   0.679844      0.349   0.656137   0.251986   0.758002   0.240536    0.83992   0.297647 0.952832
  0.633189   0.340587    0.65465   0.342003   0.670061    0.34759   0.655574    0.25345   0.740032   0.257721   0.801315   0.290698 0.909942
  0.632825   0.340908   0.650512   0.344097   0.660946   0.349509   0.654191   0.255634   0.724078   0.272383   0.765795    0.30537 0.708092
  0.632054   0.341389   0.646854   0.346002    0.65463   0.352851    0.65123   0.258961   0.709981   0.285701   0.741466   0.328709 0.859075
  0.630612   0.342112   0.643159   0.347941   0.648632   0.356055   0.645671   0.264025   0.695745   0.299247   0.718365   0.351072 0.967514
  0.628475   0.343135   0.639136   0.350047   0.644122   0.358206   0.637424   0.271218   0.680245   0.313969   0.700958   0.366194 0.914104
  0.625957   0.344453   0.634992   0.352263   0.639752    0.36012   0.627721   0.280429   0.664284   0.329428   0.684066   0.379735 0.777688
  0.623088   0.345959   0.630989   0.354503   0.635479   0.362535   0.616668   0.290946   0.648881   0.345019   0.667628   0.396533 0.944624
   0.61996   0.347594   0.627171   0.356727   0.631495   0.364147   0.604616   0.302372   0.634201   0.360463   0.652212   0.408006 0.856879
  0.616697   0.349222   0.623381   0.358934   0.629505   0.366641    0.59203   0.313787   0.619628   0.375783   0.644748   0.424788 0.98948
  0.612971   0.350941    0.61948   0.361123   0.626995   0.369965   0.577644   0.325902    0.60462   0.391015   0.635356    0.44712 0.853642
  0.608825     0.3532   0.615496     0.3633   0.622753   0.372722    0.56168   0.341648   0.589282   0.406188   0.619087   0.466148 0.775144
  0.604514   0.355299   0.611518   0.365473   0.617903   0.375655   0.545048   0.356387   0.573965   0.421329   0.600455   0.486469 0.915376
  0.600194   0.356981   0.607596   0.367642   0.613902   0.378934   0.528324   0.368397   0.558869   0.436437   0.585205   0.508859 0.886127
  0.596436   0.359476   0.603691   0.369797   0.610206   0.381986   0.513917   0.385597   0.543839   0.451443   0.571119   0.529685 0.892139
  0.593716   0.361493   0.599754   0.371924   0.606243   0.384111   0.503516   0.399425    0.52868   0.466277   0.555857   0.544514 0.672139
  0.590073   0.362642   0.595782   0.374035   0.603223   0.386895   0.489374   0.407791   0.513379   0.481017   0.544387   0.563431 0.830405
  0.585551   0.364548   0.591814   0.376166   0.598977   0.389463   0.471886   0.421315   0.498098   0.495883   0.528076   0.581224 0.964971
  0.581996   0.366647   0.587885   0.378345   0.595152   0.390976   0.458224   0.435878   0.482978   0.511056   0.513269   0.592013 0.792948
  0.578404   0.368102   0.583983   0.380552   0.590985   0.392448   0.444324   0.446237   0.467964   0.526404   0.497117   0.602616 0.797688
  0.574092   0.369983   0.580074   0.382746   0.586596   0.393629   0.427656   0.459548   0.452922   0.541666   0.480049   0.611362 0.910289
  0.569593   0.372236   0.576136   0.384899    0.58147   0.394692    0.41031   0.475331   0.437765   0.556674   0.460071   0.619515 0.748439
  0.564805    0.37454   0.572177   0.387022    0.57712    0.39707   0.391831   0.491525   0.422518   0.571484   0.443324   0.636084 0.760809
  0.561249   0.376594   0.568207   0.389127   0.574025   0.400306   0.378159   0.505791   0.407223   0.586181   0.431624   0.657982 0.799653
  0.557822   0.378435   0.564225   0.391206   0.570679   0.402862    0.36496   0.518638    0.39188   0.600711   0.418846   0.675486 0.628208
  0.554068   0.380246    0.56022   0.393229   0.567149   0.405205   0.350473   0.531356   0.376437   0.614883   0.405314   0.691633 0.780231
  0.549882   0.381761   0.556183   0.395176   0.564306   0.407183   0.334252   0.542248   0.360859   0.628559   0.394426   0.705237 0.753526
  0.545721   0.383919   0.552129   0.397089   0.562204   0.408477   0.318215   0.557333   0.345212   0.642022   0.386358   0.714196 0.815144
  0.541222   0.386828   0.548084   0.399041   0.560144   0.409395   0.300958   0.577418   0.329604   0.655738   0.378397   0.720679 0.653064
  0.536003    0.38931   0.544081     0.4011   0.557936   0.410081   0.280814   0.594869   0.314174    0.67014   0.369822   0.725685 0.725202
  0.531905   0.391485    0.54017   0.403321   0.555986   0.410563   0.265029   0.610054    0.29913    0.68558   0.362234   0.729291 0.808786
  0.527525   0.393886   0.536402   0.405751   0.554704   0.410958   0.248166   0.626784   0.284674   0.702359   0.357258   0.732176 0.871792
  0.522709   0.396169   0.532708    0.40828   0.554025   0.411278   0.229579   0.642844   0.270524   0.719769   0.354635   0.734429 0.85815
  0.516942   0.399144   0.528893   0.410627   0.553714     0.4115    0.20735   0.663651   0.255872   0.736011   0.353444   0.735949 0.972601
  0.509943    0.40291   0.524812   0.412589    0.55359    0.41164   0.180395   0.689922   0.240125   0.749801   0.352977   0.736898 0.777688
  0.502848   0.408468   0.520752   0.414635    0.55355   0.411728   0.153317   0.727943   0.224471   0.764133   0.352832   0.737481 0.773179
  0.496467   0.413944   0.517195   0.417535   0.553543   0.411784   0.129031   0.765258   0.210912   0.783936   0.352813   0.737847 0.846358
  0.489995   0.421466   0.514698   0.421565   0.553548   0.411821   0.104669   0.815982    0.20167   0.810887    0.35284   0.738093 0.864162
  0.486588   0.433551   0.514022   0.425622   0.553559    0.41185  0.0929787   0.895851   0.199581   0.837587   0.352887   0.738279 0.909942
  0.492367   0.441367   0.515928   0.428391   0.553575   0.411876   0.116758   0.945656    0.20745   0.855263   0.352951   0.738443 0.935954
  0.501421   0.446596   0.520147   0.429389   0.553599   0.411904   0.153034   0.977762   0.224156   0.860815    0.35305   0.738621 0.895954
  0.512087   0.445631   0.525235   0.429082   0.553642    0.41194   0.194776   0.968966   0.244089   0.857624   0.353225   0.738844 0.84
  0.519999   0.444087   0.529842   0.427987   0.553728   0.411987   0.225625   0.957027   0.262023   0.849385   0.353569   0.739135 0.952254
  0.527472    0.44311   0.533905   0.426612   0.553903   0.412047   0.254829   0.948895    0.27778   0.839445   0.354265   0.739485 0.818381
   0.53552   0.442908   0.537976   0.425465   0.554252   0.412111   0.286397   0.945698   0.293605   0.830988   0.355642   0.739825 0.975491
  0.543037    0.44281   0.542429   0.424881   0.554906   0.412158   0.315895   0.943312   0.311006   0.826137   0.358218    0.73998 0.762428
  0.548671   0.442252   0.547088   0.424703   0.556039    0.41215   0.337936   0.938352   0.329275   0.823884   0.362664   0.739662 0.666358
  0.552498   0.441169   0.551685    0.42468   0.557815   0.412045   0.352811    0.93037   0.347317   0.822668   0.369621   0.738561 0.904856
  0.555721   0.440412   0.556122   0.424678   0.560301   0.411859   0.365361   0.924672    0.36474    0.82162   0.379358    0.73677 0.750636
  0.559932   0.440007   0.560517   0.424695     0.5634   0.411694   0.381835    0.92104   0.381996   0.820709     0.3915   0.734965 0.908324
  0.564414   0.439806   0.564982   0.424736    0.56705   0.411606   0.399406   0.918681   0.399532   0.819938   0.405818   0.733546 0.985318
  0.568796   0.440083   0.569513   0.424784   0.571141   0.411612   0.416648   0.919474   0.417327     0.8192   0.421881   0.732631 0.727746
  0.573146   0.440419   0.574044   0.424813   0.575367   0.411711   0.433772   0.920664    0.43512   0.818334   0.438487   0.732298 0.811676
  0.577518   0.440337   0.578531   0.424805   0.579454   0.411933   0.450928   0.919108   0.452735   0.817238   0.454564   0.732797 0.761503
  0.582283   0.440182   0.582994   0.424776   0.583847   0.412061   0.469614   0.916987   0.470255    0.81601   0.471828   0.732617 0.66289
    0.5874   0.440129   0.587469   0.424747   0.588653   0.412203   0.489695   0.915451   0.487817   0.814785   0.490716   0.732422 0.841272
  0.592167   0.440283   0.591965   0.424744    0.59329    0.41262   0.508432   0.915346    0.50547   0.813719   0.508981   0.734078 0.741734
  0.596308   0.440797   0.596467   0.424793   0.597839   0.413037   0.524763   0.917748   0.523153   0.812993   0.526898   0.735745 0.643468
  0.600384   0.441373   0.600958   0.424921   0.602412   0.413383   0.540844   0.920567   0.540804   0.812782   0.544899   0.736949 0.831445
  0.604684   0.441705   0.605437   0.425142   0.606648   0.413859   0.557772   0.921741   0.558417   0.813185   0.561597   0.739078 0.691792
  0.608817   0.442065   0.609908   0.425465   0.611128   0.414459    0.57405   0.923136   0.576016   0.814262   0.579269   0.741962 0.796763
  0.612912   0.442473   0.614376   0.425895    0.61556   0.415379   0.590183   0.924856   0.593617   0.816033   0.596798   0.746946 0.861965
  0.617223   0.442903   0.618838   0.426414   0.620441   0.415845    0.60717   0.926667    0.61121   0.818392   0.616029   0.748864 0.84763
  0.621281   0.443805   0.623292   0.427002   0.625643   0.416124   0.623227   0.931621    0.62878   0.821208   0.636491   0.749482 0.888324
  0.625407   0.444844   0.627732   0.427669   0.630434   0.417111   0.639573   0.937464   0.646304   0.824539   0.655439   0.754821 0.880347
  0.629268   0.445444   0.632148   0.428462   0.633984   0.418747   0.654812   0.940489    0.66375   0.828699   0.669603   0.764703 0.940462
  0.632541   0.446411   0.636531   0.429422   0.637649   0.419674     0.6678   0.946056   0.681092    0.83396   0.684121   0.769915 0.787514
  0.636649    0.44726    0.64089   0.430501   0.642605   0.419882   0.684046   0.950654   0.698358   0.840011   0.703608   0.770126 0.786936
  0.641481   0.447232   0.645245   0.431604   0.647768   0.420109   0.703011   0.949353   0.715608    0.84621   0.723912   0.770409 0.931561
  0.646396   0.446856   0.649609   0.432652   0.652862   0.420392   0.722259   0.945743   0.732891   0.852055   0.743951   0.771074 0.778266
   0.65091   0.446749   0.653985   0.433646   0.657107   0.420939   0.739964   0.943997    0.75021   0.857539   0.760694   0.773665 0.98948
  0.655701   0.447257    0.65837   0.434601   0.661187   0.421433   0.758846   0.946203   0.767558   0.862771    0.77678   0.775949 0.884855
  0.661037    0.44762   0.662759   0.435541   0.665311   0.421978   0.779845   0.947338   0.784922   0.867903   0.793048   0.778558 0.900347
  0.666312   0.447692   0.667146     0.4365   0.669396   0.422529   0.800564   0.946586   0.802277   0.873156   0.809162   0.781214 0.815491
   0.67149    0.44689   0.671523   0.437501   0.673421   0.423054   0.820782    0.94013   0.819604   0.878689   0.825039   0.783713 0.726474
  0.676062   0.446759   0.675906   0.438462   0.677425    0.42353   0.838714   0.938211   0.836946   0.883955   0.840824   0.785892 0.819653
  0.680384   0.447845   0.680321   0.439235   0.681326   0.423992   0.855834   0.944312   0.854386   0.887987   0.856205   0.788013 0.858728
  0.684808    0.44944   0.684784   0.439709   0.685213    0.42439   0.873426   0.953722   0.871974   0.890048    0.87152   0.789709 0.580231
    0.6892   0.450766   0.689277   0.439904   0.689135   0.424723   0.890855   0.961376   0.889643   0.890285   0.886966    0.79098 0.785318
  0.693089   0.452702   0.693775   0.439875    0.69305   0.425029   0.906393   0.973142   0.907297   0.889048    0.90238   0.792067 0.924624
  0.699076   0.453947   0.698255   0.439637   0.696969   0.425311   0.930072   0.979892   0.924855   0.886445   0.917805   0.793005 0.602775
  0.704717   0.453184   0.702707   0.439148   0.701123   0.425633   0.952112   0.973589   0.942263   0.882211   0.934161   0.794145 0.834913
  0.709338   0.448415   0.707119   0.438372    0.70516   0.425939   0.969592   0.941308   0.959476   0.876107   0.950052   0.795209 0.794566
  0.712978   0.443459   0.711497   0.437365   0.708413    0.42616   0.983191    0.90803   0.976527     0.8685   0.962852   0.795897 0.291214
  0.715859   0.436242   0.715859   0.436242   0.715859   0.436242   0.993496   0.860138   0.993496   0.860138   0.993496   0.860138 0
