53
   0.83119   0.706395    0.83119   0.706395    0.83119   0.706395  0.0127846    0.92664  0.0127846    0.92664  0.0127846    0.92664 0
  0.832458   0.713873   0.835412   0.709103   0.838624   0.703903  0.0476731    0.95821  0.0368296   0.909747  0.0249835   0.856974 0.66289
  0.834913   0.719438    0.83953   0.711554   0.844213   0.703027  0.0782149   0.970321   0.059487   0.892217  0.0382884   0.810084 0.978035
  0.839958    0.72341   0.843901   0.713957   0.847733    0.70299   0.109997   0.954182  0.0827144   0.872528  0.0488096   0.783385 0.875954
  0.847245   0.726727   0.848699   0.714869   0.849663   0.702824   0.145855    0.91757   0.101043   0.841423  0.0539712   0.767941 0.967514
  0.852379    0.72702   0.853623   0.715138   0.854086   0.702346   0.162639   0.880528    0.11709   0.805833  0.0653951   0.732018 0.884162
   0.85795   0.726999   0.858509   0.715711    0.85931   0.702081   0.179442   0.838481   0.134284   0.772203  0.0801342   0.691237 0.713757
   0.86355   0.727001    0.86339   0.716361   0.864595   0.702069   0.196428   0.796326    0.15178   0.739035   0.096107   0.651385 0.906474
  0.869268   0.726981   0.868297    0.71675   0.868832   0.700857    0.21368   0.753178   0.168269   0.704238    0.10392   0.612821 0.889595
  0.873926   0.727275   0.873218    0.71687   0.872628    0.70012   0.229024   0.719726   0.183685   0.667852    0.11237   0.580193 0.791329
  0.878509   0.727875   0.878142   0.716854   0.877822   0.699797   0.245408    0.68853   0.198549   0.630695   0.126774    0.53932 0.607283
  0.883494   0.728105   0.883048   0.716507   0.882421   0.700362   0.261476   0.652262   0.211982   0.591855   0.143064     0.5078 0.750289
   0.88784   0.728702   0.887899   0.715642    0.88682   0.700759   0.277131   0.622829   0.223095   0.550581   0.158047   0.476866 0.792948
  0.892407   0.729173   0.892757   0.714893   0.891606   0.700445    0.29293    0.59104   0.234717   0.509888   0.171255   0.439115 0.261965
  0.897931   0.729264   0.897687   0.714784   0.896776    0.70047   0.310055   0.549957   0.249211   0.472181   0.187034   0.400338 0.827283
  0.902641    0.72949   0.902603   0.714832    0.90172   0.700739    0.32527   0.515743   0.264314    0.43544   0.203136   0.364593 0.732485
  0.907585   0.729723    0.90753   0.714842   0.907707   0.700727   0.341231   0.479803   0.279292   0.398404   0.221238   0.319462 0.848902
  0.911522   0.730101   0.912449   0.714848   0.913902   0.700709   0.354735   0.452241    0.29423   0.361399   0.239946   0.272728 0.549364
  0.915505   0.730616   0.917374   0.714849   0.919592   0.701123   0.368948   0.425091   0.309166    0.32433   0.258916   0.232168 0.796069
   0.91937   0.730957   0.922294   0.714851   0.926071   0.701182    0.38208   0.397867   0.324088   0.287309   0.278802   0.183723 0.756994
  0.923714     0.7311   0.927223   0.714795   0.933278   0.701274   0.395842   0.365958   0.338802    0.24989   0.301035   0.129974 0.730289
  0.927919    0.73107   0.932122   0.714665   0.938937   0.702216   0.408466   0.334138   0.353115   0.212296   0.322102  0.0925462 0.583699
  0.930849   0.731377     0.9371   0.714908   0.944674   0.703291   0.418626    0.31377   0.369216   0.176162   0.343957  0.0552689 0.782775
  0.933778   0.731891   0.940987   0.717762   0.950837   0.707949   0.429638   0.294548   0.392846   0.162592   0.381976  0.0344897 0.796763
  0.937209   0.731822    0.94317   0.722194   0.953745    0.71403   0.439755   0.268334   0.417863   0.170528   0.416031  0.0460296 0.840347
  0.938176   0.732959    0.94461   0.726898   0.954458   0.720805   0.447405   0.267309   0.441752   0.185554   0.446318  0.0779118 0.993295
  0.937949   0.736496   0.944926   0.731798   0.954078   0.728202   0.461399   0.288467    0.46305   0.210108    0.47587   0.121443 0.986936
    0.9376   0.740041   0.944288   0.736693   0.952886   0.733373   0.475055   0.310587   0.481434   0.241831    0.49372   0.158847 1
  0.937272   0.743689    0.94368    0.74157   0.952417   0.739177   0.489205   0.333113   0.499837    0.27322   0.516391   0.194292 0.889595
  0.936825   0.747483   0.943331   0.746482   0.951987   0.744618   0.503598   0.357341   0.519167   0.302859   0.537672   0.227451 0.759884
  0.936616   0.752193   0.943375   0.751405      0.952   0.750811   0.522516   0.384809   0.539735   0.329588   0.563419   0.261396 0.985318
  0.936229   0.756665   0.943157   0.756321   0.952009   0.756773   0.539904    0.41231   0.559482   0.358264   0.588192   0.294105 0.956416
   0.93587   0.761307    0.94263   0.761217   0.951598   0.761683   0.558084   0.440528   0.578204   0.389149   0.607329   0.324203 0.831098
  0.935382   0.765979   0.942344    0.76613   0.951135   0.766071   0.575997   0.469894   0.597731   0.418313   0.624139   0.351814 0.813642
  0.934747   0.770966   0.942382   0.771052   0.951092   0.771158   0.594775   0.502093   0.618281    0.44509   0.645122   0.380105 0.984046
  0.934364   0.776179   0.942422   0.775977   0.951043   0.776487   0.615252   0.533637   0.638843   0.471871   0.667097   0.409776 0.80948
  0.934292   0.780752   0.942159   0.780888   0.950628   0.780751   0.634015   0.559326    0.65843   0.500856   0.683537   0.436344 0.789133
  0.933101   0.784449   0.941625   0.785784   0.950635    0.78584   0.645752   0.588618   0.677133   0.531788   0.704683    0.46427 1
  0.932983   0.790343   0.941098   0.790677   0.950637   0.790989   0.669857   0.621914   0.695847   0.562657   0.726059   0.492569 0.777341
  0.932568   0.795561   0.940581   0.795573   0.950636   0.796067   0.690261   0.653723   0.714602    0.59347   0.747137   0.520495 0.927399
  0.932209   0.800795   0.940038   0.800464   0.950639   0.801102   0.710895   0.685205    0.73326    0.62445   0.768048   0.548154 0.876879
  0.932429   0.806466   0.939558   0.805365    0.95061    0.80609   0.735103   0.714729   0.752146   0.655008   0.788663   0.575801 0.888671
  0.933092   0.810233   0.939407   0.810283   0.950198   0.810148   0.752751   0.730447   0.772103   0.683189   0.804256   0.601212 0.679769
  0.932221   0.813758   0.939442   0.815207   0.950178   0.814847   0.764741   0.756392   0.792645   0.709998   0.823702   0.627195 0.916647
  0.931624   0.819454   0.939446   0.820129   0.950182   0.819809   0.786576   0.792201   0.813089   0.737031   0.844313   0.654449 0.802197
  0.931368   0.824562   0.939412   0.825052   0.950182   0.824745   0.807003   0.822212   0.833422   0.764349   0.864798   0.681589 0.889942
  0.930786   0.829355   0.939474   0.829974   0.950182   0.829684   0.825131   0.852944   0.854041   0.790943   0.885301   0.708748 0.802775
  0.930571   0.834719   0.939896   0.834877   0.950182   0.834626   0.846744    0.88406   0.875675   0.814728   0.905817    0.73592 0.960809
   0.93038   0.839977   0.940425   0.839771   0.950204    0.83961   0.867993   0.914402   0.897593   0.837659   0.926569   0.763157 0.906474
  0.930732   0.844805   0.940484   0.844695   0.949441   0.845518   0.889099   0.938304   0.918211   0.864285   0.948783   0.801381 0.628208
  0.930732   0.848235   0.940005   0.849591   0.948348   0.851106   0.903339   0.957165   0.937082   0.894809   0.968662   0.840339 0.661272
  0.931872   0.852781    0.93903   0.854425   0.946074   0.855995   0.925664   0.973577   0.954192   0.928728   0.982065   0.884332 0.487052
  0.937956   0.859223   0.937956   0.859223   0.937956   0.859223   0.970848    0.96319   0.970848    0.96319   0.970848    0.96319 0
