56
  0.332929  0.0367446   0.332929  0.0367446   0.332929  0.0367446   0.945243 -2.80079e-005   0.945243 -2.80079e-005   0.945243 -2.80079e-005 0
  0.335406  0.0459989   0.337532   0.037965   0.337398  0.0334337   0.900748  0.0373304   0.941484  0.0518781   0.963802  0.0454367 0.387248
  0.338704  0.0505814   0.342212    0.03904   0.341515   0.030898   0.879737  0.0785791    0.93848   0.104469   0.978358  0.0878819 0.746716
  0.341341  0.0536407   0.346692  0.0406784   0.350786  0.0293152   0.865924   0.110908   0.932596   0.155478   0.990748   0.187983 0.839992
  0.345159  0.0571048   0.351141   0.042427    0.35627  0.0289857   0.850694   0.156638   0.926151   0.206257   0.995079   0.247866 0.856816
  0.348421  0.0599343   0.355533  0.0442996    0.36197  0.0298784   0.838324   0.195576   0.919066   0.256557   0.993479   0.311457 0.875415
  0.351038  0.0630835   0.359699  0.0466388   0.367108  0.0309223   0.824058   0.227781   0.909564   0.304892   0.990856   0.369041 0.86004
  0.354043  0.0665929   0.363821   0.049052   0.371386  0.0324514   0.808203   0.264633   0.899675    0.35281   0.985411   0.417711 0.845943
  0.356718  0.0697214   0.367988  0.0513835   0.377224  0.0353059   0.794067   0.297447   0.890212   0.401147   0.974188   0.484976 0.859344
  0.359051   0.072289   0.371943  0.0540756   0.382708  0.0376236   0.782534   0.325891   0.878863   0.447538   0.965443   0.547759 0.857946
   0.36033  0.0740957    0.37571  0.0570017   0.388244   0.040256   0.774239    0.34192   0.866266   0.492132   0.955168   0.611455 0.904846
  0.360614  0.0774717   0.379115  0.0603638   0.394325   0.043995   0.757702   0.348748   0.851336   0.533215   0.939696   0.682352 0.903222
  0.360955   0.080754   0.382668  0.0635522    0.40002   0.049293   0.741656   0.356088   0.837337   0.575741   0.916332   0.750718 0.855802
  0.362384   0.083836    0.38633  0.0666255   0.404847  0.0547093   0.727135   0.375166    0.82396   0.619341   0.891955   0.809687 0.852589
  0.362781  0.0856011   0.389534  0.0701681    0.41012  0.0613941   0.718611   0.381457    0.80804   0.658414   0.861533   0.874934 0.866535
  0.362582  0.0876037   0.391792  0.0743706   0.414556  0.0682768   0.708621   0.381469   0.788393    0.68783   0.829719   0.931207 0.916415
  0.362256  0.0890995   0.393178  0.0789507   0.417544  0.0752635   0.701071   0.379525   0.766451   0.708073   0.796679   0.971689 0.932307
  0.361995  0.0904534   0.394119  0.0836325    0.41778  0.0830453   0.694254   0.378143   0.743787   0.723547   0.758353   0.982816 0.927219
   0.36169  0.0914616   0.394506  0.0883858   0.416242  0.0914685   0.689123   0.375896   0.720496   0.733003   0.715985   0.975161 0.887581
  0.361303  0.0927567   0.393622  0.0930998   0.414276  0.0967395   0.682535   0.373071   0.696774   0.728463   0.688977   0.959335 0.881674
   0.36091  0.0944317   0.391262  0.0972353    0.41156   0.103451   0.674067   0.370591   0.675181   0.707077   0.654482   0.936863 0.884408
  0.360574  0.0965221   0.388689   0.101266   0.409012   0.108548   0.663574   0.369189      0.654   0.683233   0.628047   0.914463 0.881707
  0.360083  0.0982602   0.386325   0.105419   0.406078    0.11396   0.654746   0.365697   0.632322   0.661812   0.599865   0.888161 0.881093
  0.359385   0.100895    0.38371   0.109414   0.402611   0.119326   0.641387    0.36092   0.611296   0.637471   0.571647   0.855964 0.873636
  0.358264   0.102935   0.380896   0.113279   0.398498   0.124707   0.630754    0.35084   0.590817     0.6108   0.543041   0.816676 0.883134
  0.355703   0.106376    0.37811   0.117157   0.394975   0.128888   0.612496   0.326483   0.570284   0.584439   0.520651   0.782569 0.896705
  0.354636   0.109471   0.375193   0.120942   0.392058   0.133183   0.596681   0.318156   0.550146   0.556546   0.497992   0.755231 0.87956
  0.353528   0.112477    0.37216   0.124634   0.389072   0.136996   0.581284   0.309276   0.530417   0.527281   0.477686   0.726608 0.874057
  0.351279   0.116723   0.369139   0.128336   0.386864   0.139813   0.559202   0.289227    0.51064   0.498153   0.462681   0.705448 0.909102
  0.348746    0.12126   0.366657   0.132416   0.384592   0.142823   0.535537   0.266385   0.489261   0.475358    0.44669   0.683787 0.912844
  0.345118   0.126318   0.364121   0.136467   0.380383   0.147003   0.508762   0.232073   0.467996   0.451942   0.423966   0.642136 0.921542
  0.342765   0.130698   0.361458   0.140431   0.376522   0.150824   0.485968   0.211026   0.447101   0.427039   0.403187    0.60391 0.881356
  0.341036   0.134097   0.358617   0.144275   0.373319   0.154637   0.468325   0.195759    0.42671   0.400045   0.382774   0.572901 0.872042
  0.339717   0.137948    0.35594   0.148229   0.370077   0.158837    0.44865   0.185495   0.405859   0.374974   0.360428   0.541899 0.887678
  0.336825   0.141847   0.353443   0.152304   0.367379   0.162646   0.427964   0.158003     0.3845   0.352012   0.340281   0.516432 0.881705
  0.334678   0.144567   0.350721    0.15623   0.364909   0.166788   0.413466   0.137402   0.363762   0.326411   0.318603   0.493842 0.859583
  0.332395   0.150586   0.347967   0.160134   0.362967   0.170026   0.382608   0.118916    0.34312   0.300447   0.301647   0.476067 0.854576
  0.330065   0.156524   0.345072   0.163939   0.361894   0.172787   0.352123  0.0998296   0.322897   0.272811   0.287482   0.467304 0.843209
  0.328547   0.161054   0.342419   0.167907   0.360238    0.17652   0.328999  0.0881238   0.301987   0.248017   0.268223     0.4532 0.848016
  0.325598   0.167582   0.339956   0.172001    0.35933   0.179069   0.295299  0.0628875   0.280548   0.225454   0.255181   0.446029 0.83837
  0.324025   0.172614   0.337804   0.176271   0.358097   0.182207   0.269664  0.0511244   0.258392   0.206499   0.239074   0.435921 0.835135
  0.321751   0.178075   0.336349   0.180803   0.356041   0.183551   0.241567  0.0321338   0.235289   0.195479    0.23142   0.414808 0.828157
  0.320429   0.185506   0.335506   0.185542   0.356241   0.185406   0.204203  0.0257549   0.211461   0.191422   0.222354   0.419035 0.774669
  0.319564   0.193795   0.336019   0.190237      0.356   0.188717   0.162833  0.0253405   0.188521   0.202199   0.205879   0.420017 0.762072
  0.322786   0.200903   0.338777   0.194163   0.356671   0.191565   0.129308  0.0685313   0.170485   0.236798   0.192141    0.43051 0.751549
  0.326579   0.207003   0.342494   0.197177   0.357712   0.194487   0.101044   0.116882   0.157428   0.280936   0.178222   0.445156 0.723968
  0.333011   0.210747   0.345664   0.200734   0.358549   0.196705  0.0857174   0.191642   0.141422   0.319655   0.167679   0.456784 0.703861
   0.33937   0.214064   0.348624   0.204481   0.359471   0.199548  0.0724688   0.265132   0.124368   0.356276   0.154085    0.47002 0.677576
  0.341439    0.21694   0.352031   0.207836   0.362463   0.200987  0.0592785   0.291008   0.109474   0.397379   0.148456   0.504469 0.648379
  0.346052   0.220504   0.355374    0.21125   0.364585   0.204307  0.0439503   0.345596  0.0942605   0.437852   0.133101   0.531422 0.579527
  0.351303   0.223744   0.358752   0.214625   0.367227   0.206803  0.0305328   0.406829  0.0792537   0.478659   0.122072   0.563178 0.516102
  0.355668   0.225845   0.362336   0.217789    0.36906   0.210149  0.0223069   0.457076  0.0653924   0.521494   0.106448   0.586981 0.4956
  0.359877     0.2274   0.365899   0.220968   0.372278   0.214369  0.0167002   0.505022  0.0514416   0.564122   0.087187   0.626961 0.343414
  0.365095    0.22897   0.369384    0.22424   0.374484   0.218956  0.0115175   0.564063  0.0369991   0.605985  0.0656127   0.656224 0.268813
  0.370162   0.230152    0.37288   0.227493   0.377354    0.22233 0.00817681   0.621021  0.0226525   0.647958  0.0503596   0.691441 0.114546
  0.376335   0.230795   0.376335   0.230795   0.376335   0.230795 0.00804359   0.689533 0.00804359   0.689533 0.00804359   0.689533 0
