84
 0.0475256   0.960074  0.0475256   0.960074  0.0475256   0.960074  0.0307835   0.962328  0.0307835   0.962328  0.0307835   0.962328 0
 0.0633192   0.963496  0.0498543   0.955826  0.0438339   0.952515  0.0747796   0.989203  0.0368763   0.922966  0.0199389   0.894428 0.567907
 0.0706268   0.962285  0.0521402   0.951523  0.0405726    0.94569  0.0949047   0.976173  0.0428463   0.883117  0.0103462   0.833107 1
  0.075719   0.961925  0.0545369   0.947274   0.038576   0.936472   0.108969   0.971495  0.0491273   0.843734 0.00405572   0.749631 1
 0.0780993   0.961607  0.0574779   0.943426  0.0389484   0.928873    0.11553   0.967947  0.0569479   0.807853 0.00445617   0.680256 1
 0.0813712   0.960604  0.0607581   0.939831  0.0409858   0.923336   0.124503   0.957913  0.0657284   0.774189 0.00963565   0.629227 1
 0.0853902   0.958485  0.0638144   0.936062   0.045246   0.917074   0.135451     0.9375  0.0738748   0.739001  0.0209075   0.570981 1
 0.0893184   0.956027  0.0667941   0.932227  0.0502696   0.911244   0.146119   0.914018  0.0818039   0.703228  0.0343278   0.516471 1
  0.093386   0.953075  0.0700277   0.928611  0.0532741   0.908083   0.157132   0.886004  0.0904536   0.669378  0.0423814   0.486836 1
 0.0971472   0.950547   0.073731   0.925488  0.0562295   0.904537   0.167333   0.861928   0.100444   0.639897  0.0502671   0.453707 1
  0.101545   0.947161   0.077783   0.922763  0.0588338    0.90223   0.179223   0.829866   0.111433   0.613956  0.0572837    0.43196 1
  0.105077   0.943518  0.0818158   0.920051  0.0636239   0.900129   0.188698   0.795688    0.12237   0.588132  0.0703672   0.411503 1
  0.106581   0.939865  0.0857928   0.917276  0.0674396   0.896091   0.192556   0.761982   0.133147   0.561753  0.0805929   0.373651 1
  0.107511    0.93589   0.089738   0.914428  0.0723557   0.891487   0.194802   0.725487    0.14383   0.534711  0.0938177   0.330341 1
  0.109187   0.933673  0.0934776   0.911325  0.0763309   0.888832   0.199256   0.704822   0.153923   0.505401     0.1046   0.305052 1
  0.111529   0.930492  0.0970193   0.907993  0.0806482   0.886804   0.205473   0.675186   0.163449   0.474068   0.116381   0.285386 0.999657
  0.115246   0.927245   0.100603   0.904716  0.0836188   0.883211   0.215492   0.644575   0.173095   0.443212   0.124304   0.251825 0.993036
  0.119015   0.924208   0.104366   0.901645  0.0900622   0.878912   0.225671   0.615864   0.183255   0.414192   0.141781   0.210876 0.98977
  0.122815   0.921543   0.108373   0.898877  0.0952466   0.875002   0.235968    0.59053   0.194116   0.387867   0.155806   0.173818 0.956255
  0.125573   0.919392   0.112635   0.896554  0.0993072   0.871042   0.243425   0.570171   0.205719   0.365526   0.166716   0.136608 0.952859
  0.128487   0.917819   0.117092   0.894629   0.105014   0.867228   0.251359   0.555033   0.217896   0.346764   0.182194   0.100286 0.965967
  0.131017   0.916413   0.121611   0.892814   0.112158   0.864949   0.258243   0.541531   0.230253   0.328982   0.201779  0.0775627 0.951921
  0.133199   0.915605   0.126201   0.891225   0.118495   0.864524   0.264215   0.533568   0.242826   0.313246   0.219282   0.071955 0.965348
  0.136143   0.914404   0.130934   0.890149   0.125673   0.863036   0.272265   0.521813   0.255836   0.302142   0.239026  0.0564305 0.935096
  0.138552   0.912738   0.135747   0.889441   0.130819   0.860685   0.278793   0.505971   0.269097   0.294371   0.253073  0.0335985 0.926239
  0.141002   0.911986   0.140577   0.888919   0.137915   0.858859   0.285513   0.498448   0.282422   0.288295   0.272561  0.0150142 0.916336
  0.144488   0.912302   0.145425    0.88855   0.145979   0.860286   0.295188   0.500371    0.29581   0.283606   0.295001  0.0258163 0.925126
  0.147593   0.913122   0.150282   0.888478   0.155369   0.860884   0.303848   0.506997   0.309247    0.28162   0.321039  0.0286994 0.903337
   0.15122   0.914538   0.155121   0.888933   0.161659   0.862108   0.314005   0.518922   0.322678   0.284447   0.338548  0.0381437 0.888649
  0.156147   0.914685   0.159882   0.889921   0.167183    0.86372   0.327653   0.518915   0.335936   0.292154   0.353971  0.0513296 0.839988
  0.159527   0.913745   0.164537   0.891306   0.172167   0.865509   0.336931   0.509422   0.348935    0.30351   0.367915  0.0662723 0.835437
  0.162421   0.914487   0.169158   0.892818   0.177383   0.867527   0.345003   0.515393   0.361851   0.316033   0.382517  0.0832447 0.800904
  0.165609   0.916858    0.17377   0.894353   0.182837   0.869519   0.354021   0.536131   0.374744   0.328764   0.397777  0.0999073 0.809411
  0.169308   0.919182   0.178348   0.895976   0.188092   0.871964   0.364454   0.556311   0.387548   0.342306   0.412527   0.120763 0.835286
  0.172535   0.921319   0.182897   0.897689   0.192743     0.8753    0.37356   0.574904   0.400281   0.356676   0.425674   0.149906 0.861314
  0.175626   0.923796   0.187404   0.899523   0.196942   0.877987   0.382323   0.596643   0.412906   0.372161   0.437521   0.173251 0.889061
  0.178848   0.925548   0.191758   0.901666    0.20167   0.879788   0.391384   0.611727   0.425136   0.390506   0.450755   0.188371 0.875524
  0.181739   0.928249   0.195961   0.904106   0.207087   0.883245   0.399611   0.635567   0.436971   0.411603   0.466035   0.218407 0.846297
  0.184504   0.931882   0.200142   0.906597   0.211502   0.886037   0.407566    0.66792    0.44875   0.433166   0.478485    0.24265 0.871429
  0.187415   0.934113   0.204215    0.90924   0.217328   0.888472   0.415807   0.687468   0.460241   0.456151   0.494812   0.263256 0.863776
  0.191476   0.937083   0.208045   0.912226    0.22225   0.891597   0.427292   0.713429    0.47109   0.482323   0.508695   0.290392 0.871691
  0.195365   0.939927   0.211767   0.915362    0.22633   0.896003   0.438292   0.738287   0.481651   0.509885   0.520353   0.329447 0.876369
  0.198911   0.943115   0.215553   0.918405   0.228159   0.899776    0.44837   0.766378   0.492382   0.536595   0.525729   0.363335 0.911014
  0.203892    0.94615   0.219527   0.921197   0.231404   0.903276   0.462408    0.79269   0.503612   0.560959      0.535   0.394356 0.933244
  0.208638    0.95063   0.223595   0.923864    0.23608   0.904682   0.475916   0.832229   0.515093   0.584161   0.548056   0.405894 0.941694
  0.213357   0.955127   0.227582   0.926641    0.23987   0.908193   0.489349   0.871935   0.526358   0.608378   0.558838   0.436862 0.923629
  0.218433   0.957085   0.231591   0.929386   0.242019   0.910677   0.503561   0.888393   0.537683    0.63231   0.564991   0.458916 0.925281
  0.222759   0.959296   0.235752   0.931903   0.245856   0.913515   0.515719   0.907363   0.549408   0.654113   0.575847   0.483743 0.863922
  0.226573   0.962395   0.240087   0.934092   0.248879    0.91555   0.526531   0.934576   0.561587   0.672883   0.584384   0.501468 0.816112
  0.230804   0.963696   0.244535   0.936051   0.252352   0.917599   0.538348   0.945273   0.574061   0.689524   0.594165   0.519192 0.791175
  0.237645   0.965773   0.248996    0.93799   0.255342   0.918948   0.557456   0.962343   0.586569   0.705982   0.602551   0.530675 0.828029
  0.241664   0.967689    0.25347   0.939885   0.258574   0.918635    0.56874   0.978711   0.599109   0.722039   0.611473   0.526937 0.840318
   0.25038   0.969213   0.258008   0.941603    0.26243    0.91791   0.592989    0.99022   0.611811   0.736453   0.622085   0.519275 0.803883
   0.26177    0.96903   0.262689   0.942947   0.266091   0.917414   0.624499   0.985443   0.624879   0.747432   0.632177   0.513757 0.7266
  0.268139   0.967653   0.267501   0.943657   0.270415   0.917521   0.642012    0.97115   0.638256   0.752586   0.644152   0.513552 0.696612
  0.275607   0.966517   0.272341   0.943486    0.27348   0.919399   0.662585   0.958754   0.651636   0.749702   0.652792   0.529828 0.71746
  0.281707   0.964554   0.277162   0.942777    0.27552   0.920378   0.679308   0.939194   0.664922   0.741925   0.658518   0.538198 0.709434
  0.285821   0.962534   0.281956   0.941989   0.278572   0.919785   0.690527   0.919658   0.678125   0.733433   0.666916   0.531954 0.7161
  0.290285   0.960623   0.286737   0.941124   0.282191   0.918011   0.702723   0.901015   0.691285    0.72424   0.676787   0.514793 0.684709
  0.296191   0.958826   0.291453   0.939978   0.286637   0.916369   0.718919   0.883018   0.704242   0.712503   0.688956   0.498613 0.695236
  0.301023   0.957139   0.295987   0.938258    0.29027   0.915463   0.732154   0.866322    0.71665   0.695587   0.698935   0.489361 0.67415
  0.307032    0.95489   0.300456   0.936319   0.293338   0.914184   0.748598   0.844179   0.728857   0.676694   0.707321   0.476866 0.651847
   0.31142   0.953173   0.305019   0.934643   0.296216   0.912949     0.7606   0.827335   0.741346   0.660174   0.715184   0.464822 0.647324
  0.316417   0.950001   0.309503   0.932798   0.299821   0.910482   0.774169   0.797056   0.753604   0.642125   0.724956   0.441347 0.657115
  0.321258   0.947096   0.313818   0.930546   0.303613   0.908593   0.787326   0.769245   0.765361   0.620415   0.735296     0.4231 0.616113
  0.325464   0.944866   0.318125   0.928281   0.307793   0.906765   0.798781    0.74777   0.777093   0.598598   0.746712   0.405289 0.580779
  0.328282   0.942446   0.322503   0.926183   0.312095   0.904439   0.806379   0.724943   0.789036   0.578273   0.758425   0.382914 0.573168
  0.333156   0.938853   0.326951   0.924223   0.316195   0.901939   0.819572   0.690856   0.801185   0.559194   0.769566   0.359003 0.515551
  0.338357   0.935889   0.331423   0.922314   0.319862   0.899682   0.833721   0.662425   0.813403   0.540576   0.779529    0.33743 0.450894
  0.342012   0.933811   0.335862   0.920348    0.32482   0.897433   0.843665   0.642481   0.825527   0.521436   0.793065   0.315578 0.397715
  0.347342   0.931477   0.340225   0.918207   0.329672    0.89645   0.858223   0.619752   0.837425   0.500732   0.806412   0.305287 0.351459
   0.35174   0.928603   0.344496   0.915875   0.332542    0.89455   0.870158   0.592349   0.849051   0.478309   0.814199   0.287186 0.333596
  0.355513   0.926037   0.348676   0.913404   0.337011    0.89328   0.880388   0.567925   0.860417   0.454642   0.826462    0.27439 0.331335
  0.359936    0.92419   0.352737   0.910744   0.341462   0.891938   0.892475   0.549884   0.871435    0.42928    0.83867   0.260935 0.303731
  0.365158   0.921741   0.356719   0.907949    0.34639   0.889545   0.906727   0.526133   0.882225   0.402722   0.852109   0.237775 0.304163
  0.368689   0.919129   0.360866   0.905426   0.351412   0.888369   0.916283   0.501359   0.893492   0.378584   0.865913   0.225688 0.347766
  0.372686   0.917286   0.365227   0.903269   0.356989   0.887054   0.927193   0.483471   0.905385   0.357732   0.881238   0.212179 0.320266
  0.375323    0.91622    0.36963   0.901207   0.362713    0.88627   0.934402   0.473031   0.917401   0.337737   0.897016    0.20347 0.381313
  0.379907   0.915196   0.374027   0.899146   0.366312   0.885395   0.947005   0.462446   0.929398   0.317744   0.906906   0.194505 0.247562
  0.385665   0.912718    0.37843   0.897085   0.372279   0.884772   0.962735   0.438284   0.941413   0.297757   0.923367   0.187194 0.17599
  0.389583   0.911086   0.382837   0.895032   0.377694   0.884785   0.973443   0.422333   0.953441   0.277841   0.938358   0.185842 0.099653
  0.394231   0.908281   0.387247   0.892992   0.383546   0.885125   0.986077   0.395494   0.965477    0.25804   0.954583   0.187339 0.0521929
  0.397708   0.902861   0.391663   0.890965    0.38961   0.886599   0.995249   0.345141   0.977532   0.238351   0.971489   0.199118 0.0142112
  0.396084   0.888944   0.396084   0.888944   0.396084   0.888944   0.989601   0.218727   0.989601   0.218727   0.989601   0.218727 0
