49
 0.0436888   0.607462  0.0436888   0.607462  0.0436888   0.607462  0.0474404   0.948909  0.0474404   0.948909  0.0474404   0.948909 0
 0.0573786   0.610743  0.0469417   0.602925  0.0350891   0.595606   0.108821   0.986889  0.0635208    0.90901  0.0116372   0.834914 0.54452
 0.0660021   0.609039  0.0500006   0.598284  0.0332094   0.587869   0.148547   0.976111  0.0787476   0.868044 0.00525848   0.762654 0.978823
 0.0734198   0.604747  0.0528144   0.593472  0.0333835   0.584168   0.183513   0.940833  0.0929072   0.825359 0.00709198   0.728695 0.994578
  0.079632   0.597432  0.0548757   0.588298  0.0337202   0.580877   0.213842    0.87706   0.103743   0.778925 0.00955018     0.6986 0.999189
 0.0821166   0.595778  0.0566141   0.583018  0.0371608   0.573015   0.225616   0.863243   0.113141   0.731319  0.0274203    0.62821 0.998181
 0.0843159   0.594231  0.0595943   0.578272  0.0399533   0.567442    0.23606   0.850264   0.128038   0.689344  0.0416967   0.578511 0.999747
   0.08774   0.592173  0.0626449   0.573662  0.0424531   0.561365   0.252222   0.833274   0.143219   0.648653  0.0547827   0.524015 1
 0.0911504   0.589349  0.0650268   0.568568  0.0453405    0.55456   0.268538   0.809221   0.155492   0.603135  0.0698382   0.463033 1
 0.0947001   0.586632  0.0683435   0.564168  0.0486831   0.547306   0.285457   0.786239   0.171825   0.564528   0.087091   0.398179 1
  0.096793   0.585248  0.0726147     0.5605  0.0535349    0.54038   0.295371   0.774698   0.192295   0.533209    0.11112   0.337205 1
  0.100343   0.581944  0.0768107    0.55691  0.0592843   0.536843   0.312456   0.746306   0.212401   0.502554   0.138281   0.307931 1
  0.103102   0.578749  0.0813581   0.553618  0.0625013   0.533208   0.325913    0.71848   0.234022   0.474854   0.153944   0.276306 0.999928
  0.105928   0.575136  0.0858626    0.55042  0.0680306   0.526238   0.339792   0.686842   0.255423   0.447982    0.18107   0.215312 1
  0.108426    0.57341  0.0908632   0.547846  0.0738765   0.521824   0.351642   0.672377   0.278905   0.427145   0.208916   0.178023 1
   0.11311   0.571143  0.0954629    0.54475  0.0795316   0.517656   0.373599    0.65418   0.300709   0.401271   0.235826   0.142878 1
  0.116389   0.567348   0.100049   0.541556  0.0850953   0.514311   0.389591   0.621119   0.322479   0.374485   0.262087   0.115269 1
  0.118428   0.565074    0.10489   0.538865  0.0923371   0.511178   0.399507   0.601353   0.345267   0.352478   0.295927  0.0905565 1
  0.121512   0.563497   0.109907   0.536392  0.0999618    0.51051   0.413988   0.588602   0.368795   0.332572   0.330815  0.0887439 0.995196
  0.124606   0.561633   0.114762   0.533685   0.108015   0.510086   0.428594   0.573201   0.391655   0.310423   0.367585  0.0894177 0.993148
  0.128221   0.560403   0.120186   0.532315   0.114337   0.510282   0.445393   0.563938   0.416723     0.3009   0.396303  0.0948224 0.996101
  0.130994   0.559597   0.125604   0.531097   0.120103   0.505676    0.45824     0.5581   0.441724    0.29277   0.423842  0.0557122 0.950669
  0.134775   0.559689   0.131125   0.530273   0.126858   0.502888   0.475419   0.561103   0.467083   0.288332   0.455365  0.0339034 0.951854
  0.139777   0.559351   0.136663   0.529716    0.13343   0.501546    0.49828   0.560837   0.492443   0.286358   0.485652  0.0252858 0.943318
  0.143406   0.558756   0.142202   0.529124   0.139877   0.500224   0.514963   0.557417   0.517818   0.284058   0.515367  0.0167911 0.942683
  0.147292   0.558156   0.147779   0.529143   0.149456   0.499631   0.532817    0.55411   0.543195   0.287401   0.559128  0.0167775 0.93159
  0.150707   0.557909   0.153322    0.52954   0.157482   0.500605   0.548428   0.553782   0.568309   0.294209   0.595383  0.0303064 0.923246
  0.154463   0.558484   0.158883   0.530141   0.165369   0.501717   0.565361   0.561208   0.593448   0.302902   0.630965   0.045025 0.909219
  0.156765    0.55986   0.164111   0.532016   0.171064   0.503649   0.575449   0.575175   0.616715   0.323129   0.656337  0.0660504 0.874995
   0.16084   0.561122    0.16911   0.534463   0.177157   0.506731   0.593643   0.589106   0.638778   0.348494   0.683201  0.0978765 0.842997
  0.165269   0.561611   0.174527   0.535856   0.183882   0.510071   0.613662   0.596129   0.663042   0.364391   0.712867   0.132435 0.833177
   0.17021    0.56258   0.179743   0.537747   0.189918   0.513085   0.635874   0.607858   0.686246    0.38476   0.739491   0.163604 0.782496
  0.174127   0.564826   0.184731   0.540225   0.195221   0.515014   0.653071   0.630755   0.708251     0.4104   0.763085    0.18437 0.76575
  0.178151   0.567872    0.18992   0.542281   0.200466   0.517288   0.670528   0.661071   0.731289   0.432271   0.786314   0.208275 0.727331
   0.18258   0.569836   0.194895   0.544755   0.205962   0.519953   0.690131   0.681665   0.753233   0.457862   0.810575   0.235925 0.692775
  0.187377   0.572636   0.199457   0.547986   0.212044   0.525332   0.711175   0.710161   0.773088   0.490194   0.836743   0.288882 0.670119
  0.192129   0.574664   0.204493     0.5504   0.216787   0.530867   0.732234   0.731519   0.795327   0.515276   0.856771   0.342519 0.647481
  0.196055   0.576152   0.209212     0.5533    0.22169   0.535627   0.749679   0.747451   0.815986   0.544641    0.87775   0.389106 0.57045
  0.199299   0.577183   0.213812   0.556458   0.227011   0.541401   0.764153    0.75878   0.836033   0.576322    0.90034   0.445265 0.49968
  0.203264   0.578889   0.218795   0.558951   0.230598    0.54414   0.781718   0.776737    0.85801   0.602095   0.915893   0.472515 0.518231
  0.207206   0.580804   0.223572   0.561809    0.23433   0.551834   0.799124   0.796601   0.878946   0.631116   0.930713   0.545437 0.473671
  0.210949   0.582505   0.227826   0.565407   0.237843   0.557917   0.815679   0.814384   0.897297   0.666644   0.944992   0.603417 0.442145
   0.21446   0.584085   0.231491   0.569602   0.241162   0.564183   0.831212   0.830916   0.912796   0.707333   0.958333    0.66296 0.428219
  0.217678   0.585559   0.234575   0.574242   0.243262   0.569216   0.845443   0.846313   0.925526   0.751781   0.966477    0.71047 0.420991
  0.221219   0.587505   0.237171   0.579171   0.245489   0.575646   0.861013   0.866231   0.935954   0.798618   0.974801   0.770904 0.378138
  0.226604   0.589881   0.239401   0.584277   0.246788   0.581164   0.884852   0.891161   0.944668   0.846869    0.97916   0.822426 0.301005
  0.231546   0.592928    0.24138   0.589485    0.24882   0.587074   0.906486    0.92201    0.95221   0.895917   0.986746   0.877968 0.233359
  0.238616   0.596548   0.243238   0.594737   0.250887    0.59232   0.937641   0.959345   0.959187   0.945309   0.994681   0.927418 0.105337
  0.245052   0.600005   0.245052   0.600005   0.245052   0.600005    0.96596   0.994814    0.96596   0.994814    0.96596   0.994814 0
