84
  0.836572   0.172336   0.836572   0.172336   0.836572   0.172336  0.0465027    0.99255  0.0465027    0.99255  0.0465027    0.99255 0
  0.839501   0.184254   0.841515   0.173032   0.843129   0.160437  0.0796056    0.99081  0.0513022   0.952214  0.0191467   0.914339 0.556596
  0.842943   0.193836   0.846452    0.17376    0.84898   0.155478   0.106874   0.980241  0.0561817   0.911985 0.00962005   0.855446 0.937105
  0.847175   0.200164   0.851389   0.174483   0.853699   0.152773    0.12606   0.956749  0.0610497   0.871747 0.00534063   0.810451 0.948939
   0.85195   0.204715   0.856347   0.175075   0.858726    0.15131   0.140897   0.925246  0.0655868   0.831083 0.00451331   0.765242 0.943344
  0.855269   0.207098   0.861295   0.175728   0.865119   0.150389   0.149159   0.901853  0.0702775   0.790617 0.00593277   0.709558 0.92285
  0.858448   0.209327   0.866161   0.176826   0.874907   0.150394   0.156932   0.879342  0.0760871   0.751694  0.0118271   0.627032 0.917245
  0.861944   0.211342    0.87086    0.17849   0.880929   0.151399    0.16433   0.853742  0.0832859    0.71528  0.0180873   0.578193 0.926561
   0.86556   0.212805    0.87538   0.180612   0.886122   0.152579   0.170352   0.826072  0.0915824   0.681252    0.02431   0.536676 0.941008
  0.869637   0.213584   0.879876    0.18279    0.89084   0.154125    0.17485   0.793192   0.100012   0.647537  0.0312095   0.499872 0.929872
  0.874248    0.21416   0.884433   0.184816    0.89589   0.156123   0.179133   0.755418   0.108078   0.613011  0.0395008   0.461135 0.915433
  0.877969   0.215554   0.889054   0.186695   0.900816   0.157943   0.185035   0.726726   0.115797   0.577664  0.0472468   0.423106 0.920767
  0.883954   0.216316    0.89373   0.188446   0.905807   0.160082   0.190636   0.677729   0.123212   0.541611  0.0558712   0.385135 0.890378
  0.887253   0.213418   0.898424   0.190149   0.911316   0.162645   0.184998   0.644331   0.130511   0.505308   0.065921   0.343627 0.848771
   0.88892   0.213347    0.90304   0.192038   0.917434   0.166108    0.18581   0.630137   0.138253   0.470023  0.0787028   0.298701 0.862919
  0.892019   0.214652   0.907474   0.194317   0.924012   0.170102   0.191105   0.606519   0.146909   0.437025  0.0931596   0.250927 0.858174
  0.894916    0.21625   0.911618   0.197116    0.93029   0.174679   0.197049   0.585166   0.156761   0.407479   0.108968   0.206808 0.848262
  0.897161   0.217721   0.915303    0.20048    0.93586   0.179945   0.202267   0.569072   0.167822    0.38288   0.126164   0.169984 0.843495
  0.899484   0.220351   0.918431   0.204355   0.942497    0.18729   0.210577   0.554552   0.179892   0.363974   0.149469   0.128166 0.845795
  0.900988   0.223302   0.921217   0.208507   0.946637   0.192884   0.219243   0.547552   0.192485   0.348479   0.166669   0.104036 0.856475
  0.902912   0.226606   0.923765     0.2128   0.949649   0.197054   0.229088   0.537695   0.205307    0.33526   0.179446   0.086671 0.886553
  0.905022   0.229502   0.925949   0.217279   0.952936   0.203367   0.237974    0.52548     0.2184   0.325469   0.198024   0.071116 0.866919
  0.906483   0.233224   0.927915   0.221869    0.95705   0.209228    0.24864   0.520331   0.231653   0.317732    0.21591  0.0477099 0.853003
  0.907901   0.236257   0.929897   0.226452   0.960662    0.21467    0.25747   0.514215   0.244896   0.309851   0.232393  0.0277342 0.851422
  0.910282   0.238961   0.931721   0.231094   0.963318   0.220685    0.26601   0.499344   0.258201   0.303413   0.249807  0.0169221 0.846669
  0.912271   0.240989   0.933193   0.235862    0.96469   0.225402   0.272539   0.486478   0.271624   0.300184   0.263038  0.0144464 0.842314
  0.913129   0.243738    0.93428   0.240732   0.966041   0.230903   0.280284   0.484543   0.285085     0.3004   0.278318  0.0136485 0.854063
  0.913357   0.247394   0.935073   0.245662   0.967108   0.236759   0.290038   0.489657   0.298528   0.303205   0.294361  0.0159292 0.865956
  0.913099    0.25195   0.935744   0.250606   0.967772   0.243477   0.301863   0.500612   0.311935   0.307074   0.312427  0.0232718 0.871405
  0.913082   0.257492   0.936424   0.255549   0.968166    0.24967   0.316429   0.511428   0.325343   0.310861   0.328952   0.031884 0.862511
  0.913051   0.262556   0.937163   0.260488   0.967786   0.257108   0.329728   0.521446   0.338775   0.314147   0.348286  0.0494109 0.82652
  0.912855   0.266934   0.937855   0.265428   0.968022   0.263623   0.341124   0.531531   0.352185   0.317828   0.365561  0.0599713 0.825228
    0.9127    0.27115    0.93838   0.270388   0.968638   0.270599    0.35212   0.540956   0.365544   0.322951   0.384277  0.0682161 0.866645
  0.912197   0.274736    0.93861   0.275382   0.969171   0.276613   0.361248   0.552108   0.378817   0.330627   0.400415  0.0753073 0.841818
  0.911477   0.278475   0.938324   0.280358   0.968739   0.284158   0.370649   0.565379   0.391732   0.342628   0.419998  0.0934808 0.827936
  0.910326   0.282509   0.937432   0.285266   0.967523   0.288146   0.380568   0.582856   0.404103   0.359606   0.429756   0.111412 0.807316
  0.909915   0.286498   0.936316   0.290137   0.967087   0.294597   0.390812   0.594009   0.416243   0.378395    0.44646   0.127521 0.807242
   0.90977   0.291942   0.935219   0.295001   0.966095   0.300272   0.405044    0.60572   0.428377   0.397016   0.460789   0.146818 0.82918
  0.909321   0.296189   0.934118   0.299869   0.965082   0.305319   0.415942   0.617687   0.440519   0.415675   0.473455   0.165081 0.77166
  0.908339   0.300933   0.933044   0.304745   0.964267   0.310513    0.42783   0.635101   0.452698   0.434126   0.486626   0.181955 0.770043
  0.907963   0.307391   0.932079   0.309639   0.963796    0.31642   0.444589   0.650718   0.464987   0.451693   0.501878   0.197304 0.786007
  0.907698   0.311287   0.931352   0.314576   0.962975   0.322011   0.454675   0.660452   0.477535   0.467332   0.516089   0.214999 0.767375
  0.905399   0.312893   0.930749   0.319536   0.961919   0.327837   0.457518   0.682928   0.490218   0.481966   0.530778   0.235122 0.753685
  0.904268   0.317813   0.929822    0.32443   0.960312   0.333941   0.469777   0.701946   0.502532   0.499213   0.545866   0.260431 0.735272
  0.903888   0.322272   0.928671   0.329288   0.958857   0.338245   0.481275   0.713739   0.514617   0.518278    0.55631   0.280989 0.750936
    0.9035   0.328781   0.927623   0.334178   0.960217   0.343657   0.498163   0.729548    0.52685   0.536537   0.571362   0.279947 0.7315
  0.903015   0.333823   0.926275    0.33897   0.957514   0.348302   0.511132   0.743348   0.538644   0.557128   0.581954   0.311694 0.726093
   0.90249    0.33777    0.92433   0.343564   0.955976   0.351938   0.521197   0.755381   0.549556   0.582378   0.590592   0.331658 0.750255
  0.900188   0.340969   0.922076   0.348032   0.954156   0.355749   0.528228   0.780951   0.559952   0.609989   0.599522   0.354353 0.743451
  0.898289   0.347104   0.919951   0.352539   0.952246    0.36074    0.54322   0.808785    0.57053   0.636593   0.611501   0.380071 0.713268
  0.898295   0.352764   0.918389   0.357272   0.951196   0.364126   0.558111    0.81964   0.582038    0.65888   0.619775   0.395449 0.708465
  0.897163   0.358632   0.917412   0.362174   0.950029   0.368828   0.572864   0.840484   0.594345   0.676566   0.631441   0.414341 0.681505
  0.895811   0.363247   0.916784   0.367126   0.949572   0.373307   0.584187   0.860776   0.606992   0.691392   0.642945   0.426827 0.708767
  0.894437   0.368893   0.916042   0.372055   0.949189   0.378771   0.598212   0.883233   0.619507    0.70715   0.657086   0.440581 0.685299
  0.893457   0.374733   0.915048   0.376947   0.948109   0.382485   0.612981   0.902749   0.631778   0.724949   0.666205   0.456839 0.680224
  0.892441    0.37985   0.914058   0.381846   0.947128   0.386074   0.625829   0.921174   0.644066   0.742733   0.675054   0.472029 0.678773
  0.889518    0.38557   0.913431   0.386786    0.94609   0.389109   0.639116   0.956841   0.656682   0.757541   0.682412   0.486627 0.697531
  0.891315   0.391797   0.913395   0.391779   0.945993   0.391576   0.656573    0.95368   0.669791   0.767461   0.688842   0.492197 0.673966
  0.890986   0.397596   0.913681   0.396768   0.946894   0.394881   0.671628   0.967628   0.683086   0.774661   0.698076    0.49096 0.625043
  0.890777   0.404141   0.914065   0.401736   0.947055   0.400248   0.688716   0.981991    0.69638   0.780987   0.712287    0.49994 0.672306
  0.892019   0.409728   0.914521   0.406711   0.945601   0.403729   0.704156   0.982285   0.709739   0.786726   0.720569   0.518906 0.682311
  0.892926   0.416029    0.91523   0.411653   0.944949   0.405753   0.721271   0.986774   0.723163   0.790266   0.725501   0.528306 0.652603
  0.894498   0.422024   0.916387   0.416502   0.945707   0.409574   0.737983   0.985063   0.736612   0.789856   0.736006   0.529275 0.627538
  0.895684   0.429121    0.91781   0.421287     0.9463   0.413522    0.75736   0.988734   0.750051   0.787068   0.746744   0.531883 0.635953
  0.897247   0.435769   0.919336   0.426039   0.946645   0.417652   0.775785   0.988363   0.763465   0.783361   0.757813   0.536921 0.632867
  0.900067   0.440527   0.920972   0.430757   0.947182   0.421238   0.789993   0.973744   0.776856   0.778655   0.767568   0.539302 0.656841
  0.901665   0.446284    0.92291   0.435344   0.947933   0.424744   0.806094    0.97136   0.790084   0.771146   0.777239   0.539726 0.695059
  0.903953    0.45071   0.925331   0.439705   0.948204   0.429486   0.819108   0.960594   0.803007   0.759133   0.789875   0.546572 0.71006
  0.906689   0.454589    0.92779   0.444058   0.948935   0.433922   0.830952   0.944998   0.815933   0.746783   0.801979   0.548953 0.65517
  0.909835   0.458788   0.930054   0.448507   0.950782   0.438733   0.843886   0.926551   0.828995   0.736263   0.815741    0.54265 0.604939
  0.914929   0.464583   0.932647   0.452759   0.951449   0.442518   0.862187   0.894767   0.841735   0.722582   0.826099    0.54432 0.609195
  0.919384   0.469034   0.935654   0.456756   0.953585   0.445684    0.87657   0.865776   0.854056   0.704927   0.835707   0.532404 0.537531
  0.922577   0.471841   0.938718   0.460691   0.956269   0.450811   0.885872   0.844259   0.866244   0.686673   0.850805   0.519649 0.560963
  0.926848    0.47506   0.941628   0.464736   0.957468   0.455479   0.896905   0.814439   0.878631   0.669929   0.863801   0.518529 0.524872
  0.931343    0.47897    0.94441   0.468896   0.958607   0.459212   0.909886   0.784071   0.891243   0.654482   0.874303   0.516113 0.53655
  0.935643   0.481451   0.947508   0.472794   0.961241   0.462614   0.918994   0.752589   0.903356   0.635863   0.884834   0.500461 0.547441
  0.939323   0.484871   0.951028   0.476335   0.963727   0.467744   0.930202   0.728145   0.914783   0.613008   0.899819   0.489377 0.579
  0.943263   0.487892   0.954638   0.479789   0.965169   0.472533   0.940513   0.700739   0.926037   0.589218   0.913281   0.486441 0.615237
  0.947801   0.489995   0.958032   0.483432   0.967327    0.47825    0.94877   0.666531   0.937658   0.567619   0.929614   0.479254 0.595752
   0.95169   0.493726   0.961027   0.487427   0.968754    0.48225   0.960919   0.640925   0.949964   0.550061   0.940989   0.474932 0.548339
  0.955647   0.496674   0.963767    0.49161   0.970277   0.489979   0.971051   0.613235    0.96261    0.53501   0.962232   0.476972 0.525803
  0.958721   0.500673   0.966382   0.495852   0.971669   0.492718   0.983415   0.595016   0.975339   0.521132   0.970271    0.47051 0.339564
  0.962825   0.503916   0.968897   0.500159   0.975009   0.499171    0.99441   0.566659   0.988176   0.508218   0.989251   0.454776 0.257672
  0.971355   0.504508   0.971355   0.504508   0.971355   0.504508    1.00109    0.49587    1.00109    0.49587    1.00109    0.49587 0
