75
  0.678877   0.469269   0.678877   0.469269   0.678877   0.469269   0.194226    1.00074   0.194226    1.00074   0.194226    1.00074 0
  0.688037   0.462955   0.677846   0.464651   0.670559   0.466202   0.225376   0.951795   0.188819    0.97007   0.162801   0.985437 0.692831
  0.696251   0.456763    0.67691   0.460008   0.667576    0.46597   0.253119   0.904302    0.18375   0.939168    0.15184   0.985842 0.961884
  0.700741   0.451251   0.676017   0.455355   0.650191    0.46151   0.267525   0.863902   0.178837   0.908177  0.0868611   0.967103 0.99886
  0.701574    0.44749   0.675088   0.450722   0.650293   0.453462   0.269223    0.83782   0.173799   0.877341  0.0843623   0.912398 0.989845
  0.701344   0.443979   0.674519   0.446011   0.651352    0.44776   0.267132   0.814137   0.170042   0.845733  0.0861904   0.872982 0.993631
  0.702068   0.442022   0.674083   0.441281   0.649825   0.441294   0.269075    0.80037   0.166769   0.813912  0.0783195   0.830099 0.985303
    0.7028    0.43833   0.672985   0.436725   0.643714   0.435235   0.270429    0.77482   0.161141   0.783711  0.0538749   0.793026 0.97304
  0.703321   0.435884   0.671514   0.432194   0.639447   0.429504   0.271455   0.757868   0.154159   0.753929  0.0362745   0.756949 0.941982
  0.705483   0.433866   0.670626   0.427566   0.635319   0.423382   0.278619   0.742734   0.149272   0.723098  0.0190388   0.718131 0.909094
  0.707058   0.432301   0.671355   0.422906   0.632454   0.414451   0.283807   0.731067   0.150272   0.690982 0.00540991   0.659401 0.908287
  0.708787   0.430758   0.673201   0.418495   0.634629     0.4065   0.289561   0.719439   0.155429   0.659807  0.0105057   0.603978 0.913015
   0.71081   0.428951   0.675537   0.414414   0.639108   0.399837   0.296294   0.705833   0.162492   0.630553  0.0244598   0.555771 0.923391
   0.71291   0.426967   0.678202     0.4105   0.645616   0.397926   0.303244   0.690971   0.170816   0.602215  0.0475098   0.538478 0.925698
  0.714998    0.42493   0.681292   0.406894   0.652902   0.393891   0.310131   0.675755   0.180794   0.575684  0.0726392   0.506253 0.954757
  0.717155   0.422954   0.684516   0.403426   0.658731   0.388114   0.317289   0.660906   0.191315   0.549997   0.091836   0.463166 0.955035
  0.719257   0.420723   0.687216   0.399558   0.665083   0.382511   0.324159   0.644368   0.199781   0.521948   0.113001   0.420911 0.953936
  0.720906   0.418201   0.689856    0.39561   0.669582   0.378281   0.329275   0.626151   0.208002   0.493396   0.127896    0.38921 0.964116
  0.721746   0.416045   0.693039   0.392127   0.675024   0.373565   0.331569   0.610956   0.218367   0.467637    0.14606   0.353579 0.945719
  0.722188   0.415356   0.696895   0.389386   0.680142   0.369112   0.332933   0.605984    0.23145   0.446472   0.163132   0.319954 0.975593
  0.723812   0.414081   0.700833   0.386729   0.684995   0.364845   0.338399   0.596252    0.24486   0.425815   0.179307   0.287763 0.958317
  0.726146   0.412885   0.704546   0.383805   0.689341   0.361386   0.346486   0.586588   0.257359   0.403504   0.193922   0.261398 0.947432
  0.728345     0.4118   0.708424   0.381099   0.694527   0.357917   0.354117    0.57776   0.270535   0.382556   0.211594   0.234404 0.917192
  0.730802   0.411021    0.71246   0.378612   0.699999   0.353881   0.362799   0.570837   0.284362      0.363   0.230109   0.203374 0.954661
  0.733735   0.410409   0.716515   0.376173   0.704302   0.351556   0.373277   0.564739   0.298281   0.343748   0.244971   0.184735 0.948117
  0.737472   0.409431   0.720539   0.373686   0.708585   0.346876   0.386552   0.555622   0.312066   0.324192   0.258919   0.150121 0.935633
   0.74074   0.407499   0.724619   0.371276   0.713911   0.344297   0.397781   0.540334   0.326084   0.305123   0.277421   0.129076 0.907195
  0.743242   0.405826   0.728875     0.3692   0.719262   0.341394   0.406308   0.527315   0.340863   0.288203   0.295897   0.105817 0.909483
  0.745868   0.404695   0.733371   0.367739   0.725191   0.338404    0.41548   0.517896   0.356736   0.275303    0.31645  0.0815832 0.921449
  0.748308   0.402754    0.73803   0.366876   0.730968   0.335615   0.423686   0.503097   0.373417   0.266355   0.336524  0.0588146 0.917979
   0.74992   0.401679    0.74274    0.36637   0.737311   0.334002    0.42918   0.494728    0.39041   0.259794   0.359076   0.043654 0.920363
  0.752803   0.401071    0.74744   0.365883   0.744002   0.332964   0.439476    0.48869   0.407377   0.253368   0.383106  0.0321695 0.913894
  0.756366   0.400689   0.752167   0.365513   0.750266   0.331818    0.45233   0.483729    0.42448    0.24772   0.405536  0.0202282 0.887303
  0.760982   0.400343   0.756905   0.365641    0.75936   0.331127   0.469039   0.478318   0.441801   0.245441    0.43845 0.00950247 0.843183
  0.764082   0.399577   0.761503   0.366682   0.766977   0.332953   0.480071   0.471058   0.458938    0.24946   0.466875  0.0168419 0.849319
  0.766761     0.3983   0.765983   0.368267     0.7742   0.334353   0.489384   0.460611   0.475839   0.257242   0.493714  0.0215578 0.877315
  0.769017   0.398656   0.770462   0.369782   0.779758   0.336429   0.497737   0.461532   0.492712   0.264554   0.514721  0.0319599 0.896396
  0.771864   0.399246   0.775046   0.370936   0.784498   0.338593   0.508327   0.463648    0.50984   0.269344   0.532775  0.0435042 0.894675
  0.774474   0.399874   0.779688   0.371914    0.78876   0.340199   0.518068   0.466183   0.527113   0.272907   0.548888  0.0515817 0.894526
  0.777222   0.400832   0.784272   0.373085   0.794729   0.343258   0.528431    0.47086   0.544246   0.277812   0.571743  0.0683842 0.881781
  0.779856   0.402289   0.788724   0.374681   0.798032   0.345041   0.538557   0.479006   0.561048   0.285696   0.584424  0.0782952 0.867389
   0.78354   0.403627   0.793088   0.376533   0.803399   0.346972   0.552465   0.485641    0.57762   0.295369   0.604683  0.0878413 0.832366
  0.787086   0.404295   0.797438   0.378392   0.808555    0.35045   0.565632   0.487826   0.594146   0.305101   0.624721   0.108035 0.822875
  0.789826   0.405422   0.801772   0.380298   0.813775   0.353007   0.576026   0.493656    0.61063   0.315163   0.644669   0.121927 0.84993
  0.792475   0.406818   0.806013     0.3824   0.818947   0.355836   0.586184   0.501375   0.626844   0.326623   0.664534   0.137702 0.846333
  0.795083   0.409833    0.81013    0.38474   0.824382   0.359097   0.596767   0.520113   0.642688   0.339778   0.685515    0.15623 0.845503
  0.800699   0.410934   0.814256   0.387058   0.829933   0.362358   0.617636    0.52386   0.658562   0.352774   0.706918   0.174688 0.818924
  0.802817   0.411497   0.818371   0.389402   0.834388   0.365141   0.625563   0.526276     0.6744   0.365957   0.724155   0.190622 0.791257
  0.806836    0.41453   0.822318   0.392019   0.838506   0.368062     0.6413     0.5442   0.689725   0.381097   0.740212   0.207715 0.78969
  0.809667    0.41556   0.825908   0.395093   0.843402   0.372081   0.651986    0.54931   0.703911   0.399584   0.759497   0.231751 0.757579
  0.813288   0.417328   0.829237    0.39847   0.848047   0.376398    0.66582    0.55891   0.717255   0.420301   0.777976   0.257978 0.74308
  0.817583   0.419799   0.832541   0.401858   0.852658   0.380839   0.682362   0.572836   0.730511   0.441108   0.796373   0.285065 0.705463
  0.821075   0.422303   0.835933   0.405157   0.857013   0.385653   0.695988   0.587519   0.744054   0.461257   0.813969   0.314859 0.745874
  0.822201   0.425545   0.839369   0.408416   0.860885   0.389043   0.701253   0.608782   0.757747   0.481102   0.829293   0.335302 0.725153
  0.823505   0.429739   0.842753   0.411727   0.865013     0.3935     0.7075   0.636386   0.771266   0.501331   0.845937   0.362821 0.69259
  0.824751   0.432736   0.846087   0.415083   0.868577   0.397705   0.713114   0.655905    0.78462   0.521902   0.860432      0.389 0.642229
  0.829379   0.435892   0.849502   0.418359   0.871353    0.40122   0.731113   0.674257   0.798238   0.541873   0.871806   0.411016 0.64544
  0.832467   0.438851   0.853008   0.421541   0.873999   0.405318   0.743428   0.692298   0.812159   0.561147   0.882914   0.437082 0.635019
  0.836995   0.443317   0.856121    0.42509   0.876031   0.408345    0.76153    0.71961   0.824775   0.583175   0.891402   0.456285 0.619178
  0.839374   0.445349    0.85892   0.428929   0.878447   0.413111   0.770928   0.731823   0.836348   0.607384   0.901912   0.487039 0.618039
  0.842436    0.44788   0.861743   0.432723   0.881212   0.418128   0.782996   0.746979   0.847994   0.631264   0.913783    0.51926 0.601339
  0.844659   0.450579   0.864289   0.436707   0.883062   0.422724   0.792066   0.763824   0.858697   0.656624   0.922166   0.549232 0.607175
  0.847845   0.455934   0.866688   0.440801   0.885916   0.427613   0.805591   0.798063   0.868905   0.682824   0.934315   0.580531 0.623635
  0.850458   0.460127   0.869356   0.444702   0.888113   0.432549   0.816613   0.824793   0.880024   0.707536   0.944086   0.612584 0.54815
  0.853806   0.462877   0.872222   0.448476   0.888915   0.435509   0.829802   0.841241    0.89182   0.731252   0.948068   0.632143 0.519922
  0.857179   0.465717    0.87492   0.452361   0.890569   0.439933   0.843116   0.858285   0.903043   0.755838   0.955676    0.66108 0.495985
  0.859445   0.468432    0.87716   0.456533   0.891262   0.447618   0.852346   0.875213   0.912699    0.78267    0.96094   0.712792 0.484532
  0.862537   0.470233   0.879431   0.460691   0.891429   0.455256   0.864263   0.885387   0.922461   0.809395   0.964275    0.76453 0.484237
  0.867762   0.472641   0.881819   0.464776   0.892199   0.458905   0.884172   0.898261   0.932626   0.835543   0.968383   0.788796 0.506873
   0.87223   0.474211   0.883994   0.468976    0.89331   0.464948   0.901025   0.905953   0.942056   0.862609   0.974588   0.829078 0.452842
  0.875061   0.477915   0.885917   0.473303   0.894045   0.469876   0.912669    0.92922    0.95061   0.890709   0.979023   0.862045 0.438595
  0.881107   0.481228   0.887892   0.477601   0.895257   0.474136   0.935895   0.947702   0.959343   0.918576   0.984964   0.890166 0.393118
  0.884948   0.485147     0.8903    0.48168   0.896845   0.478002   0.951297   0.971758   0.969578   0.944667    0.99213   0.915357 0.322222
  0.888694   0.488237   0.892859   0.485672   0.897433   0.483863   0.966057    0.99025   0.980333   0.970071   0.996366   0.954753 0.209553
  0.895373   0.489676   0.895373   0.489676   0.895373   0.489676   0.990927   0.995583   0.990927   0.995583   0.990927   0.995583 0
