65
  0.694223   0.568448   0.694223   0.568448   0.694223   0.568448   0.370791   0.982159   0.370791   0.982159   0.370791   0.982159 0
  0.705146    0.57114   0.697292   0.564753   0.689797    0.55855    0.40506   0.915843   0.355913   0.954027   0.308418   0.990238 0.699034
   0.71172   0.570512   0.700403   0.561033   0.687805   0.550926   0.413311   0.871127   0.340969   0.925567   0.262897    0.98711 0.870202
  0.721497   0.568198   0.703117   0.557064   0.687874   0.549275    0.41798    0.80169   0.323954   0.899194    0.25393   0.983133 0.893207
  0.728049   0.564021   0.705158   0.552701   0.688097   0.545921   0.406648    0.74955   0.303569   0.876416   0.235863   0.974509 0.9046
  0.728984   0.560989    0.70711   0.548263   0.689058   0.538761   0.391622   0.736914   0.282613   0.854069   0.198151   0.952887 0.917757
  0.730463    0.56165   0.710149   0.544569    0.69127   0.532825   0.397898   0.728563   0.267683   0.826133    0.16941   0.925628 0.901168
  0.735101    0.56097   0.713722   0.541289   0.695814   0.526773   0.402412   0.696513   0.255986   0.795565   0.144182   0.882736 0.899741
  0.736625   0.559046   0.717202   0.537976   0.699811   0.521222   0.394529   0.682357   0.243949   0.765536   0.120742   0.844518 0.919134
  0.738575   0.558255   0.720876   0.534851   0.703734   0.515204   0.393648     0.6678   0.233285   0.734627   0.094597   0.805795 0.935819
  0.740302   0.555922   0.724982    0.53233   0.709366   0.509463    0.38388   0.651428   0.226718    0.70216  0.0730177    0.75639 0.950098
  0.742697   0.553898   0.729229   0.530025   0.715027   0.504071      0.377    0.63131   0.221593   0.669223  0.0534143   0.707539 0.984749
  0.744701   0.552001   0.733554   0.527916   0.720917   0.499866   0.370126   0.614041   0.217681   0.636186  0.0407517   0.659704 0.980425
  0.747146   0.550393   0.738068   0.526201   0.727104   0.494626    0.36563   0.594482   0.216275   0.602745  0.0229189   0.607702 0.983519
   0.75104   0.549531   0.742556   0.524454   0.732868   0.490717   0.367818   0.566948   0.214648   0.569407  0.0116626   0.561334 0.982682
   0.75344   0.548384   0.747117   0.522873   0.741111     0.4892   0.365775   0.548665   0.214068   0.535945  0.0179915   0.503721 0.991057
  0.756021   0.546325   0.751841   0.521955   0.747864   0.489096   0.359036   0.527248   0.217424   0.502825  0.0294421   0.458943 0.995202
  0.759681   0.545148   0.756669   0.521809   0.756485   0.488562   0.359075   0.500593   0.225219   0.470657  0.0418527   0.400929 0.988871
  0.761851   0.543475   0.761486   0.521881   0.762524    0.48964   0.353725   0.482704   0.234191   0.439034  0.0585441   0.363388 0.970296
  0.763494   0.543619   0.766309   0.521801   0.768858   0.491208   0.357443   0.472172   0.242342    0.40704  0.0784506   0.324945 0.962591
  0.767457   0.544714   0.771128    0.52192   0.775382   0.491968   0.370528   0.448364   0.251577   0.375502  0.0942541   0.283527 0.948941
  0.771557   0.544796   0.775903   0.522577   0.783848   0.492303   0.378283   0.421489   0.263694   0.345402   0.111172   0.228383 0.931217
  0.773164   0.545751   0.780606   0.523651   0.790758   0.496893     0.3864    0.41292   0.277983   0.316669   0.148747   0.192596 0.880541
  0.774589   0.546587   0.785189   0.525148   0.796273    0.50223   0.393543    0.40531   0.294386   0.289623   0.187951   0.167597 0.858977
  0.775035   0.550391   0.789529   0.527241   0.802195   0.504502   0.415279   0.410483   0.313638   0.265461   0.211007   0.133374 0.840617
  0.776711   0.552611   0.793566   0.529889   0.808428   0.509394   0.430482   0.404164   0.335402   0.244479   0.249038   0.102693 0.825127
  0.776571   0.554461   0.797411   0.532783   0.812349   0.514068   0.440421   0.409031   0.358185   0.225284   0.281751  0.0867996 0.810675
  0.777696     0.5581    0.80121   0.535776   0.816891   0.519334    0.46246   0.409377   0.381428   0.206609   0.318829  0.0680725 0.790901
  0.779949   0.560288   0.804472   0.539303   0.820846   0.525701   0.478517   0.399178   0.406653   0.192614   0.360927  0.0555636 0.801447
  0.781336   0.562555   0.807249    0.54326    0.82339   0.530726   0.493468   0.394867   0.433383    0.18274   0.393118  0.0495009 0.807382
  0.781717   0.564068   0.809997   0.547209   0.827318   0.537196   0.502473   0.395584   0.460019   0.173032   0.435735  0.0373945 0.798569
  0.781424   0.566276   0.812634   0.551259   0.829542   0.542885   0.514108    0.40223   0.487007   0.164279   0.471015  0.0348632 0.758978
  0.782175   0.569631   0.814665   0.555615   0.832582   0.549697   0.533917   0.404428   0.514607   0.160177   0.513931  0.0293405 0.739549
  0.783955   0.571833   0.816048    0.56025    0.83375   0.555515   0.549208   0.397386   0.542587    0.16094   0.548038  0.0340483 0.725583
  0.784402   0.573388   0.816802   0.565006   0.837615   0.560394   0.558568   0.397757   0.570112   0.166117   0.581785  0.0189653 0.725274
  0.785366   0.576445   0.816782   0.569812   0.836308   0.567965   0.577111   0.397917   0.596536     0.1765   0.621136   0.043742 0.716172
  0.786903   0.578402   0.816732    0.57467   0.836023   0.577839   0.590621   0.391956   0.623195   0.187197   0.674994  0.0666905 0.728079
  0.787062   0.580346   0.815867   0.579367   0.834935   0.584554   0.601611   0.395052    0.64751   0.202925   0.710024  0.0881971 0.699374
  0.786814    0.58238   0.813748    0.58373    0.83388   0.589853   0.612363    0.40103   0.667758    0.22622   0.737317   0.106465 0.698579
  0.785857   0.583746   0.811262   0.587847   0.832766   0.596022   0.618182    0.41026   0.685998   0.251404   0.769293   0.126978 0.689403
   0.78494   0.585409   0.808697   0.591932    0.83173   0.602871   0.625704   0.419857   0.703921   0.277047   0.805159    0.14843 0.668147
  0.783792    0.58741   0.806288   0.596116   0.828709   0.607704   0.634677   0.431702   0.722663   0.301863   0.826383   0.178675 0.743107
  0.781754   0.590424   0.804464   0.600562   0.826509   0.612498   0.647642   0.451576   0.743891   0.323384   0.848863   0.203414 0.771202
  0.779451   0.592951   0.803042   0.605177   0.823065   0.617222   0.657452   0.472162    0.76677   0.342618   0.868735   0.236217 0.741676
   0.77663    0.59494   0.800544    0.60929   0.819683   0.622085   0.663381   0.495019   0.784961   0.367872   0.889486   0.268905 0.710874
  0.774559   0.598558   0.797432   0.613002   0.815209   0.627744   0.679611   0.516404   0.799859   0.396323   0.912674   0.310498 0.667409
  0.773951   0.602285   0.794456   0.616769    0.81142   0.630591   0.699048   0.528366   0.815298   0.423994   0.921601   0.341574 0.618003
  0.773544    0.60528    0.79167   0.620722   0.805151   0.634665   0.714809   0.537446   0.832101   0.450814   0.932866   0.391623 0.654574
  0.772894   0.607812   0.788608   0.624435    0.80069   0.638767   0.727591   0.547137   0.847091   0.478935   0.947507   0.429812 0.652732
  0.770978   0.611415    0.78517   0.627813   0.796059     0.6416   0.744017   0.567466   0.859562   0.508826   0.954859   0.466405 0.687271
  0.768119   0.614259   0.781553   0.631015   0.791786   0.644047   0.754584   0.592392   0.870751   0.539523   0.960719   0.499821 0.742775
  0.764635   0.615751   0.777764   0.633973   0.786439   0.646964    0.75659   0.618565   0.880288   0.570826    0.96726    0.54132 0.79062
  0.761327   0.618837   0.773539   0.636322   0.780046   0.649103   0.767692   0.646973   0.885699   0.603714   0.967652   0.588063 0.796299
  0.758484   0.620871   0.769119   0.638245     0.7754   0.651146    0.77383    0.67007   0.888417   0.636979   0.970625   0.623068 0.785385
  0.754923   0.621959    0.76467   0.640094   0.770285   0.652782   0.773475   0.695882   0.890671   0.670273   0.970522   0.660304 0.77415
  0.751459   0.623588   0.760192   0.641898   0.766706   0.654296   0.776274   0.722217   0.892629   0.703671   0.972486   0.687149 0.726957
  0.747495    0.62535    0.75563   0.643428   0.762335   0.656882   0.778919   0.752123   0.892929   0.737034   0.978941   0.721505 0.624074
  0.742048   0.628176   0.751014   0.644824   0.758994   0.659206   0.784778   0.794095   0.892398   0.770462   0.985783   0.748506 0.490841
  0.736911   0.630837    0.74646   0.646406   0.751996   0.660372   0.790277   0.833659   0.892996   0.803884   0.979743   0.797162 0.548238
  0.733234   0.633707   0.741966   0.648157   0.748268   0.661434   0.799535   0.864041   0.894635    0.83727   0.978953   0.824028 0.609045
  0.730441   0.636712   0.737514   0.649995   0.743419    0.66374   0.811101    0.88888   0.896824   0.870561   0.983011   0.860932 0.690055
  0.726616     0.6403   0.733261   0.652272   0.740284   0.665966   0.824042   0.921775   0.901789   0.903481   0.989686   0.886367 0.687947
  0.722873   0.643973   0.729045   0.654618   0.735637      0.667   0.837599   0.954306   0.907195     0.9363   0.987101   0.919232 0.757706
  0.720434   0.648559   0.724798    0.65689   0.727222   0.661426   0.858505   0.980181   0.912141   0.969166   0.941432   0.962859 0.269819
  0.720567    0.65921   0.720567    0.65921   0.720567    0.65921   0.917383    1.00203   0.917383    1.00203   0.917383    1.00203 0
