152
  0.740228  0.0282204   0.740228  0.0282204   0.740228  0.0282204 0.00941536   0.995267 0.00941536   0.995267 0.00941536   0.995267 0
  0.742638  0.0372581   0.744763  0.0296282   0.744794  0.0249718  0.0232231   0.968467  0.0118041   0.937197 0.00476294   0.934513 0.659692
  0.745422  0.0412517   0.749243  0.0311474   0.751688  0.0235437  0.0294228   0.934353  0.0143581   0.879884 0.00299702   0.844489 1
  0.749065  0.0441767   0.753616   0.032889   0.757415  0.0256783  0.0340552   0.888581  0.0172423   0.824085 0.00655312   0.771322 1
  0.751715  0.0458927   0.757824   0.034957   0.762104  0.0279652  0.0368023   0.855081  0.0206109   0.770564  0.0102803   0.711683 1
  0.754603  0.0477952    0.76181  0.0374172   0.767396  0.0312741  0.0398451   0.818587  0.0245601   0.720119  0.0155877   0.644739 1
  0.756866  0.0495408   0.765514  0.0403236   0.772414  0.0356192  0.0426148   0.790121  0.0291679   0.673557  0.0224468   0.581839 1
  0.758903  0.0512366   0.768854  0.0437199   0.776719  0.0394076  0.0452961   0.764567  0.0344959   0.631937   0.028423   0.527919 1
  0.761279  0.0530438   0.771621  0.0475829   0.779678   0.043527  0.0481655   0.734662   0.040497   0.597982   0.034823   0.491595 1
  0.763348  0.0548734    0.77355  0.0518623   0.782701  0.0487899  0.0510511   0.708745  0.0470801   0.575079  0.0429563   0.454997 1
  0.764342  0.0567765   0.774399  0.0564869   0.784597  0.0539784  0.0539865   0.696796  0.0541236   0.566339  0.0509125   0.432982 0.998717
  0.764314  0.0591117   0.774105  0.0612058   0.785333  0.0603084   0.057517   0.698303  0.0612442   0.572466  0.0605289   0.426546 0.997288
  0.763111  0.0615152   0.772694  0.0656767   0.784163  0.0665936  0.0610836   0.715065   0.067926   0.592936  0.0699685   0.444782 1
  0.760396  0.0642868    0.77022  0.0695929   0.781516  0.0714468  0.0651204   0.751613  0.0737078   0.626913  0.0771579   0.481455 1
   0.75626  0.0681662   0.767021  0.0730556   0.777464  0.0761865  0.0707517   0.807108  0.0787624   0.670058  0.0840952   0.536287 0.996574
  0.751987  0.0727452   0.763617   0.076425   0.773413  0.0802005  0.0774333   0.864711  0.0836642   0.715823  0.0899349   0.590732 0.982814
  0.748568  0.0775955   0.760516  0.0800508   0.770107  0.0835168   0.084574    0.91139  0.0889711   0.757773  0.0947618   0.635205 0.995455
  0.746444  0.0820524   0.758047  0.0840585   0.767314  0.0866594  0.0911938   0.941091  0.0948916   0.791729  0.0993555   0.672925 0.991434
   0.74536  0.0874702   0.756392  0.0883973   0.765258  0.0900214  0.0993264   0.957791    0.10136   0.815296   0.104323   0.701217 0.964901
  0.745313  0.0946222   0.755725  0.0930071   0.764513   0.093817   0.110141   0.961903   0.108294   0.826205   0.110021   0.712733 0.946166
  0.746413    0.10088   0.756082  0.0977322   0.764759  0.0978975    0.11967   0.950717   0.115461   0.823886   0.116207   0.711543 0.962755
   0.74822   0.105822   0.757371   0.102324   0.765565   0.101431   0.127247   0.929729    0.12248   0.809437   0.121599   0.702824 0.938209
  0.750738   0.111088   0.759489   0.106535   0.766895   0.104239   0.135358   0.899681   0.128971    0.78406   0.125922   0.686972 0.957318
  0.753374   0.115565   0.762232   0.110332   0.769214   0.107487   0.142279   0.867712    0.13487   0.750371   0.130967   0.658515 0.994591
  0.755207   0.118655   0.765276   0.113934   0.772561   0.111294   0.147058   0.845474   0.140492   0.712693   0.136916   0.617005 0.951992
  0.757958   0.121997   0.768291   0.117575   0.775999   0.115115    0.15227   0.811464   0.146173   0.675418   0.142893   0.574326 0.934408
  0.761651   0.125774   0.771048   0.121404   0.779077   0.118671   0.158194   0.765464   0.152122   0.641568   0.148446   0.536194 0.926063
  0.764128   0.128961   0.773474   0.125438   0.781467   0.121801   0.163156   0.734927   0.158361   0.612112   0.153318   0.506759 0.954335
  0.766244   0.132383   0.775507   0.129683   0.784421   0.125929   0.168453   0.709188   0.164899   0.587849    0.15973   0.470505 0.934131
  0.768334   0.135662   0.777096   0.134127   0.787296   0.131173   0.173532   0.683711   0.171711   0.569427   0.167827   0.435816 0.9249
  0.769584   0.139028   0.778211   0.138716   0.788991   0.135443   0.178695   0.669166   0.178715    0.55723   0.174382   0.415945 0.926789
  0.769819    0.14361   0.778822   0.143392   0.790204   0.140263   0.185639   0.668369   0.185824   0.551607   0.181742   0.402596 0.911592
  0.769439   0.148702   0.778917   0.148102   0.790844   0.147166   0.193319   0.675786   0.192953   0.552684   0.192219   0.397681 0.924446
  0.768744   0.152943   0.778526   0.152798    0.79083   0.155278   0.199694   0.686869   0.200034   0.560049   0.204488   0.401837 0.932188
  0.767759   0.156813   0.777684   0.157435   0.789917   0.161097   0.205491   0.701529   0.206999   0.573226   0.213238   0.416512 0.925826
  0.766453   0.160559   0.776461   0.161985   0.788582   0.165481   0.211081    0.72028   0.213812   0.591307   0.219792   0.435959 0.953421
  0.764944   0.164437   0.775023   0.166483   0.787142   0.169727   0.216861   0.741737   0.220532   0.612144   0.226132   0.456706 0.933478
  0.763477   0.168372   0.773555   0.170971   0.785807   0.173319    0.22273   0.762669   0.227237   0.633358   0.231488   0.475759 0.927289
  0.761565   0.172906   0.772223    0.17549   0.784403   0.177219   0.229478   0.789668   0.233996   0.652836   0.237308   0.495861 0.900198
  0.760112   0.178509   0.771112   0.180061   0.782495   0.180772    0.23787   0.811239   0.240846   0.669469   0.242572   0.522323 0.905455
  0.759281   0.183558   0.770291   0.184699   0.781241   0.184078   0.245459   0.824479   0.247815   0.682385   0.247501    0.54019 0.916977
  0.758551   0.189019   0.769829    0.18941   0.780246   0.187932   0.253677    0.83661   0.254913   0.690675   0.253274   0.554973 0.9186
  0.758276   0.196103   0.769807   0.194139   0.779702    0.19282   0.264376   0.843652   0.262064   0.693276   0.260635   0.564416 0.90472
  0.758898   0.202413   0.770308   0.198815   0.779807   0.198429   0.273956   0.838675   0.269166   0.689071   0.269125     0.5658 0.894805
  0.759969   0.207217   0.771386   0.203378   0.780361   0.203621   0.281284   0.827158    0.27613   0.677335   0.277011   0.561166 0.930925
  0.761404   0.211795   0.772915   0.207836   0.781405   0.207526    0.28829   0.810811    0.28296   0.659719   0.282976   0.549556 0.915834
  0.763286   0.216525   0.774696   0.212223   0.782758   0.210476   0.295552    0.78874   0.289697   0.638787   0.287516   0.533467 0.906084
  0.765242   0.221229   0.776549    0.21657   0.784384   0.213251   0.302778   0.765702   0.296378   0.616903   0.291806   0.513754 0.939821
  0.767363   0.226109   0.778414   0.220896   0.786571   0.216532   0.310281   0.740607   0.303028   0.594856   0.296894   0.487023 0.921941
  0.769551   0.229911   0.780289   0.225212   0.789104    0.22061   0.316157   0.714114   0.309663   0.572674   0.303207   0.456202 0.936311
  0.771461   0.232545   0.782171    0.22953   0.791994   0.224997    0.32025   0.690662   0.316302   0.550406   0.310007   0.420904 0.925358
  0.773283   0.236115   0.784037   0.233861   0.794832   0.229887   0.325754   0.668794    0.32296   0.528346   0.317566   0.386529 0.943817
  0.774837   0.240234   0.785854   0.238217   0.797597   0.234653   0.332073   0.650683   0.329653   0.506939   0.324933   0.353035 0.944346
  0.776217   0.244326   0.787585   0.242611   0.800146   0.239125   0.338341   0.634806   0.336397   0.486665   0.331842   0.322191 0.903543
  0.777387   0.248141   0.789153   0.247059    0.80222   0.243502   0.344179   0.621514   0.343214   0.468524   0.338582   0.297469 0.960348
  0.778267   0.251704   0.790453   0.251582   0.803754   0.248271   0.349618   0.611854    0.35013   0.453894   0.345883   0.279929 0.918468
  0.778791   0.255936   0.791381   0.256198   0.805218   0.253059   0.356049   0.607137   0.357166   0.444133   0.353209   0.263303 0.929461
  0.778885   0.261406   0.791882   0.260892   0.806583   0.258367   0.364328   0.608599   0.364293   0.439941   0.361315   0.248213 0.900037
  0.778747   0.266664   0.791948   0.265612   0.807413   0.264642   0.372274   0.612964   0.371437   0.441401   0.370854   0.240538 0.916635
  0.778239   0.270595   0.791573   0.270309   0.807308   0.271825    0.37819   0.621471    0.37852    0.44856   0.381713    0.24541 0.904615
  0.777255   0.273595   0.790798   0.274955   0.806421   0.278123   0.382672   0.635684   0.385503   0.460874   0.391187   0.259993 0.851944
  0.775891   0.276658   0.789718   0.279548   0.804393   0.283979   0.387226   0.654865   0.392387    0.47712   0.399929   0.289138 0.846843
  0.774287   0.280139   0.788428   0.284086   0.801773    0.28904   0.392399   0.677352   0.399178    0.49605   0.407434   0.325566 0.818354
  0.772421   0.283993   0.787003   0.288577   0.799692   0.292761   0.398121   0.703423    0.40589   0.516715   0.412944   0.354353 0.821424
  0.770383   0.288059   0.785482   0.293036    0.79765   0.296611   0.404156   0.731822   0.412547   0.538607    0.41865     0.3827 0.823631
  0.768245   0.292397   0.783903   0.297481   0.795669   0.300858   0.410595   0.761647   0.419179   0.561248    0.42496    0.41044 0.818089
  0.766207     0.2968    0.78229   0.301918   0.793591   0.305183   0.417138   0.790209   0.425799   0.584321   0.431383    0.43949 0.868945
  0.764486   0.301883   0.780646   0.306343   0.792123   0.309099   0.424728   0.815005   0.432397   0.607797   0.437222   0.460431 0.864531
   0.76332   0.306581    0.77897   0.310748   0.790942   0.312955   0.431767   0.832415   0.438964   0.631672   0.442987   0.477623 0.84148
  0.762282   0.311194   0.777296   0.315143   0.789989   0.317035   0.438684   0.848113   0.445517   0.655509   0.449103   0.491968 0.887518
  0.761169    0.31533   0.775735   0.319579   0.789272   0.320884   0.444877   0.864567   0.452137   0.677913   0.454885   0.503139 0.885414
  0.760187   0.320291   0.774405   0.324111   0.788926   0.325464   0.452325   0.879718   0.458915   0.697367   0.461792   0.509876 0.867988
  0.759307   0.326191   0.773434    0.32876   0.789031   0.330124   0.461198   0.894016   0.465892    0.71223   0.468847     0.5108 0.901658
  0.758873   0.333438   0.772971   0.333462   0.789534   0.333737   0.472135   0.903188   0.472978    0.72053    0.47434   0.506047 0.915121
  0.759034   0.341342    0.77317   0.338136   0.790277   0.337195   0.484099    0.90497   0.480058   0.720236   0.479613   0.498109 0.934052
   0.75973   0.347474   0.774112   0.342716   0.791164   0.340479   0.493414   0.898957    0.48704   0.710271   0.484631   0.488231 0.929805
  0.760768   0.353442    0.77562   0.347195   0.792179   0.343616     0.5025   0.888438   0.493901   0.692931   0.489434   0.476615 0.898434
  0.762243   0.358511   0.777459   0.351578   0.793422   0.347076   0.510251   0.871798   0.500635    0.67125   0.494739     0.4622 0.946108
   0.76356   0.362191   0.779426   0.355874   0.795062   0.350932   0.515893   0.856547   0.507245   0.647864   0.500664   0.442845 0.9353
  0.765373   0.366588   0.781462    0.36011   0.796882   0.354788   0.522648   0.835197   0.513769   0.623553   0.506602   0.421146 0.951709
  0.767796   0.371539   0.783549    0.36432   0.798487   0.358116   0.530274   0.806239   0.520255   0.598583   0.511726   0.401985 0.932061
  0.770087   0.376356   0.785671   0.368529   0.800316   0.361953   0.537692   0.778909   0.526743   0.573148   0.517635   0.380165 0.942595
  0.772076   0.380551   0.787843   0.372724   0.802385   0.366303    0.54415   0.755189   0.533213    0.54705   0.524333   0.355488 0.922454
  0.774042   0.385199   0.790092   0.376877   0.804199   0.370045   0.551293   0.731997   0.539624   0.519954   0.530096   0.333813 0.87986
  0.776338   0.389748   0.792433   0.380968   0.806166     0.3739   0.558304   0.704464   0.545945    0.49162    0.53604   0.310218 0.889481
  0.778397   0.393173    0.79483   0.385021   0.808393   0.378271   0.563603   0.679468   0.552212   0.462551   0.542779   0.283503 0.8853
  0.780317   0.396947   0.797219   0.389082   0.810809   0.382743   0.569421   0.656437   0.558491   0.433586    0.54968   0.254385 0.876797
    0.7817   0.401045   0.799535   0.393196   0.813055   0.386826   0.575698   0.640521   0.564846   0.405589   0.555985   0.227287 0.844681
  0.783253   0.404855   0.801695   0.397394   0.815614   0.390888   0.581551   0.622272   0.571319   0.379651   0.562274   0.196116 0.809168
   0.78576   0.408679   0.803607     0.4017   0.818063   0.395659   0.587478   0.591659   0.577941   0.356989   0.569632    0.16672 0.821886
  0.787644   0.412188   0.805183   0.406135   0.820119   0.401022   0.592892   0.568969   0.584739   0.338735    0.57786   0.142705 0.842881
  0.788646   0.415657    0.80643   0.410682   0.822283   0.406016   0.598197   0.557682   0.591689   0.324812   0.585538   0.117105 0.842912
   0.78976   0.418896   0.807416   0.415301   0.824373   0.410762    0.60316   0.544828   0.598731   0.314294   0.592835  0.0923557 0.802435
  0.790722   0.421847   0.808213   0.419949   0.826022   0.415593   0.607677   0.533814   0.605807   0.306241   0.600237  0.0733548 0.80838
  0.791327   0.425509    0.80889   0.424608   0.827294   0.420232   0.613252   0.527766   0.612893   0.299763   0.607326  0.0591495 0.787583
   0.79178   0.430007    0.80951   0.429277   0.828268   0.425264   0.620081   0.524102   0.619991   0.294012   0.614993  0.0489883 0.778918
  0.792186   0.434712   0.810136   0.433957   0.829338   0.429877    0.62722   0.521144   0.627105   0.288196   0.622032  0.0373845 0.778481
   0.79233   0.439078   0.810719   0.438647   0.830372   0.435271   0.633832   0.521414   0.634233    0.28293   0.630249  0.0266299 0.699845
  0.792074   0.443069   0.811095   0.443345   0.830888   0.442283   0.639854   0.526698   0.641359   0.280359   0.640885  0.0233762 0.715824
  0.791741   0.447333   0.811095   0.448046   0.831042   0.449723   0.646284   0.533096   0.648471   0.282672   0.652147   0.025021 0.740354
   0.79155   0.452001   0.810638   0.452735   0.830821    0.45694   0.653334   0.537851   0.655537   0.290887    0.66305  0.0314259 0.720351
   0.79104   0.455732   0.809766   0.457376   0.830256   0.463394   0.658948   0.546289   0.662506   0.304452   0.672781  0.0419068 0.689542
  0.790326   0.459072    0.80853   0.461931   0.829247    0.46901   0.663959   0.557177   0.669325   0.322701   0.681217  0.0577323 0.692348
  0.789474   0.462522   0.806996   0.466388   0.828017   0.473678   0.669129   0.569906   0.675978   0.344761   0.688206  0.0759628 0.676244
  0.788478   0.465978   0.805259   0.470771   0.826843   0.477971   0.674299   0.584512   0.682509   0.369423   0.694633   0.093273 0.653317
  0.787526    0.46932   0.803414   0.475111   0.825578   0.482405     0.6793   0.598486   0.688967   0.395445   0.701268   0.111842 0.664638
  0.786156   0.472419   0.801527   0.479427   0.824167   0.487051    0.68391   0.617745   0.695388   0.422016   0.708214   0.132394 0.662588
  0.783923   0.477229    0.79959   0.483722    0.82273   0.491439   0.691057   0.649045   0.701773   0.449214   0.714768   0.153167 0.664957
  0.781815   0.481987    0.79759   0.487994   0.821171   0.495779   0.698132   0.678687   0.708121   0.477225   0.721244   0.175493 0.674038
  0.779592   0.486625   0.795551   0.492258   0.819015   0.500653   0.705021   0.709765   0.714453   0.505728   0.728493   0.205809 0.681095
  0.777455   0.491243   0.793604   0.496556   0.816742   0.505225   0.711883   0.739718   0.720843   0.533061   0.735279   0.237502 0.691775
   0.77559   0.495656   0.791896   0.500941    0.81483   0.509375   0.718451   0.766036   0.727378   0.557347   0.741446    0.26431 0.70098
  0.773367   0.499676   0.790529   0.505444   0.813149   0.513251   0.724405   0.796813   0.734111   0.577261   0.747212   0.287999 0.691626
  0.771491   0.505547   0.789462   0.510039   0.811639   0.516945   0.733178   0.824001      0.741   0.593337   0.752713   0.309363 0.706935
  0.769853    0.51111   0.788623   0.514686   0.810232   0.520742   0.741499   0.847944   0.747981   0.606493   0.758377   0.329466 0.697069
  0.768363   0.515588   0.787936   0.519351   0.808678   0.524822   0.748186   0.869452   0.754997   0.617679   0.764458    0.35159 0.705063
  0.766988   0.519603   0.787316   0.524021   0.807176   0.528753   0.754181    0.88923   0.762025   0.627994   0.770318   0.372987 0.699177
  0.765656   0.524074   0.786676   0.528689   0.805922    0.53218   0.760867   0.908682   0.769049   0.638575    0.77543   0.390904 0.677192
  0.764593   0.528435   0.785954    0.53335   0.804797   0.535805   0.767403    0.92459   0.776058   0.650212   0.780849   0.407262 0.746803
  0.763591   0.533547   0.785236   0.538013   0.803815   0.539687   0.775078   0.940079    0.78307   0.661797   0.786663   0.421885 0.680848
  0.762897    0.53842   0.784659   0.542689   0.802954   0.543963   0.782407   0.951459   0.790109   0.671572   0.793082   0.435133 0.682694
  0.762126   0.543137   0.784325   0.547387   0.802079   0.547707   0.789499   0.963753   0.797196   0.678194   0.798696   0.448314 0.696448
  0.761567   0.548474   0.784119   0.552097    0.80141   0.551607   0.797539   0.973617   0.804309   0.683177   0.804556   0.458893 0.643869
  0.761448   0.555229   0.783827   0.556802   0.800894    0.55587    0.80775   0.978463   0.811409   0.689259   0.810974    0.46766 0.677558
  0.761646   0.561806   0.783271   0.561487   0.800525   0.560647   0.817709   0.979127   0.818463   0.698767   0.818179   0.474788 0.665106
  0.762159   0.567493   0.782563   0.566158   0.800346   0.565667   0.826339   0.975258   0.825488   0.710228   0.825762   0.479566 0.642009
  0.762977   0.573218   0.781976   0.570836   0.800316   0.570254   0.835046   0.967462    0.83253   0.720126   0.832697     0.4822 0.635914
  0.763969   0.578453   0.781768   0.575537   0.800443    0.57494    0.84302   0.957175   0.839628   0.725119   0.839792   0.482845 0.632292
  0.764799    0.58375   0.782015   0.580245   0.800694   0.579526    0.85108   0.949016   0.846763   0.724228   0.846744   0.481843 0.610575
  0.765884   0.588551   0.782668    0.58492   0.801065   0.583553   0.858404   0.937311   0.853872   0.718054   0.852856   0.479006 0.6175
  0.767154   0.592655   0.783675   0.589525   0.801664   0.587415   0.864684   0.922862   0.860895   0.707262   0.858731   0.473143 0.607654
  0.768536   0.597674    0.78494   0.594063   0.802337    0.59155   0.872355   0.907418    0.86783    0.69309   0.865024   0.466443 0.5894
  0.770429   0.602935   0.786333   0.598568   0.803005   0.595738    0.88042   0.885468   0.874724   0.677252   0.871397   0.459836 0.551226
  0.772457   0.608007   0.787725   0.603075   0.803769     0.5995   0.888208   0.861671   0.881621   0.661422   0.877132   0.451788 0.561369
  0.774462   0.612722   0.789093    0.60759   0.804601   0.603311   0.895453   0.837997   0.888528   0.645914   0.882943   0.442864 0.555237
  0.776631   0.617287   0.790517   0.612083   0.805504   0.607152   0.902482   0.812134   0.895406   0.629655   0.888805   0.433052 0.532301
  0.778781   0.621924   0.792084   0.616527   0.806379   0.611464    0.90962   0.786546   0.902217   0.611525   0.895376   0.423828 0.556408
  0.780855   0.626096   0.793826   0.620908   0.807356   0.615904   0.916048   0.761719   0.908943   0.591101   0.902147    0.41334 0.523763
  0.783072   0.630157   0.795707   0.625235   0.808447   0.620502   0.922317   0.734981   0.915595   0.568847   0.909166   0.401454 0.511815
  0.785298   0.634234   0.797688   0.629516   0.809712   0.625201   0.928611   0.708138   0.922184   0.545287   0.916345   0.387369 0.530795
   0.78784   0.638425   0.799723   0.633769   0.811025   0.629866   0.935096   0.677254   0.928732      0.521   0.923476   0.372643 0.507783
  0.790921   0.643388   0.801762   0.638018   0.812177   0.633895   0.942779    0.63976   0.935276   0.496663   0.929636   0.359682 0.504597
  0.793534    0.64762   0.803753   0.642291   0.813445   0.637607   0.949328   0.607971   0.941853   0.472951   0.935323   0.345073 0.483608
  0.795752   0.651024    0.80569   0.646591   0.814937   0.641807   0.954605   0.580896   0.948468   0.449954    0.94176   0.327802 0.492503
   0.79802   0.654584   0.807654    0.65088   0.816422   0.646043   0.960119   0.553263   0.955067   0.426614   0.948252   0.310635 0.481532
  0.801028   0.659214   0.809734   0.655112   0.817987   0.650443   0.967294   0.516548   0.961588   0.401736   0.954998   0.292512 0.457483
  0.804519   0.663994   0.812004   0.659247   0.819452   0.654758   0.974724   0.473653   0.967972   0.374352   0.961608   0.275635 0.432774
  0.807509   0.667775   0.814492   0.663249   0.821085   0.659122   0.980614   0.436767   0.974167   0.344064   0.968301   0.256622 0.433775
  0.811243   0.672417   0.817223   0.667082   0.822582   0.662898   0.987849   0.390657    0.98012   0.310556   0.974099   0.239074 0.38472
  0.814615   0.675559   0.820196   0.670732   0.824238   0.667381   0.992793   0.348506   0.985812   0.273821   0.980973   0.219805 0.392811
  0.821032   0.678087    0.82334   0.674252   0.825796   0.672528   0.996984   0.266594   0.991316   0.234809   0.988848   0.202141 0.368828
  0.826569   0.677707   0.826569   0.677707   0.826569   0.677707   0.996726   0.194659   0.996726   0.194659   0.996726   0.194659 0
