34
  0.842289   0.695488   0.842289   0.695488   0.842289   0.695488 0.00270389  0.0636922 0.00270389  0.0636922 0.00270389  0.0636922 0
  0.837471   0.698041   0.841626   0.700364   0.843591   0.700586    0.01824   0.161572  0.0382196  0.0852791   0.041206  0.0476282 0.459123
  0.833317   0.701294   0.840037   0.704982   0.841962   0.705597   0.039395   0.247875  0.0712027   0.124358  0.0770574  0.0881749 0.597708
  0.831281   0.703181   0.836795   0.708629   0.838991   0.710914  0.0519249   0.290694  0.0958943   0.193696   0.114256   0.155279 0.672177
  0.827419   0.706755    0.83339   0.712071   0.836604   0.714459  0.0756454   0.371918   0.118956   0.265818   0.138775   0.207867 0.713491
  0.823207   0.711343   0.830366   0.715923    0.83344   0.718965   0.106618   0.461724   0.145304   0.331317   0.169853   0.277255 0.701794
  0.819799   0.715356   0.827349   0.719754   0.830586   0.723662   0.133888    0.53495   0.171505   0.396634   0.202555   0.340954 0.773465
  0.816545   0.719591   0.824042   0.723338   0.828551   0.727719   0.162906   0.605578   0.195686   0.467112   0.231095   0.387658 0.755766
  0.813512   0.723757   0.821265   0.727235   0.826947    0.73132   0.191563   0.671806   0.222536   0.527889    0.25656   0.425202 0.820291
  0.810889   0.728976   0.819672   0.731913   0.825649   0.735317   0.228275   0.731968   0.255959   0.567161   0.285162   0.457525 0.819061
  0.808865   0.733519   0.817951   0.736474   0.824545   0.738627   0.260407   0.779338    0.28843   0.608683   0.308829   0.484837 0.868046
  0.807489   0.737672   0.816189   0.741039   0.823681   0.742276   0.290108   0.813445   0.320902   0.651013   0.335158   0.508129 0.908685
  0.806005   0.742366   0.814206   0.745521   0.822836   0.746183   0.323722   0.850621   0.352613   0.697466   0.363401   0.531521 0.905037
  0.804883   0.747292   0.813102   0.750274   0.822082   0.749881   0.359295   0.881205   0.386927   0.727388   0.390169   0.552763 0.900532
  0.804083   0.752308   0.811905   0.755019   0.821753   0.754865   0.395756   0.905722   0.421113   0.759098    0.42672   0.568091 0.92534
   0.80347   0.758016   0.811356   0.759876   0.821409   0.759652   0.437448    0.92784   0.456567   0.778455   0.461798   0.583368 0.903606
     0.803   0.764154   0.811526   0.764766   0.821047   0.764054   0.482414   0.947971   0.492763   0.783955   0.494031   0.598287 0.889926
  0.802933   0.771833   0.810954   0.769622   0.821724   0.768427   0.539019   0.963077   0.528201    0.80375   0.526758    0.59303 0.867328
  0.803575   0.777735    0.81022   0.774457   0.821875   0.773214   0.583001   0.961236   0.563372   0.826662   0.562173   0.598695 0.870588
   0.80434    0.78348   0.810873   0.779302   0.822378   0.778184   0.625916   0.956747   0.599565   0.822714   0.599192   0.597896 0.841731
  0.805464   0.787761   0.813093   0.783661    0.82284     0.7821    0.65827   0.942668   0.633242   0.787559   0.628395   0.595984 0.834621
  0.806821   0.792537    0.81599   0.787611   0.823659   0.785335    0.69443   0.924975   0.664367   0.738542   0.652823   0.585932 0.813615
  0.808596   0.796142   0.818494   0.791785   0.825154   0.789194   0.722248   0.897075   0.696877   0.697554    0.68232   0.563907 0.821966
  0.811116   0.800617   0.820174   0.796384   0.827131   0.793169   0.756989   0.856313   0.731955   0.673273   0.712998    0.53277 0.775815
  0.814537   0.805569   0.822529   0.800681   0.829646   0.796181   0.795864   0.798965   0.765272   0.635388   0.736944   0.489467 0.757149
  0.820067   0.811479   0.825066   0.804854   0.831457   0.799209   0.843249   0.702486   0.797794   0.593751    0.76052   0.459851 0.729929
  0.823689    0.81481   0.828067   0.808732   0.834119   0.801823   0.870309   0.638328   0.828459   0.542602   0.781629   0.412991 0.682532
  0.826005   0.816817   0.831542   0.812155   0.837434   0.806154   0.886696   0.597071   0.856095   0.481465   0.815851   0.356559 0.670665
  0.831947   0.820653   0.835446   0.815122   0.840173   0.809124   0.919069   0.488883   0.880657   0.411175   0.839641   0.308867 0.627214
  0.836892   0.823191   0.839617   0.817656   0.843107   0.811824    0.94118   0.397668   0.902208   0.334961   0.861569   0.256884 0.608657
  0.840763    0.82546   0.843963   0.819912    0.84705   0.815026   0.960566   0.326778   0.921824   0.254836   0.887892   0.186268 0.560943
  0.846294   0.827123    0.84813   0.822471   0.851887   0.819249   0.976624   0.222654   0.943556   0.178741   0.922363   0.100185 0.6437
  0.850504   0.827924   0.852172   0.825228   0.854742   0.822834   0.985417   0.142555   0.966664   0.105412   0.950761  0.0513303 0.528661
  0.856173   0.828041   0.856173   0.828041   0.856173   0.828041   0.990158  0.0329802   0.990158  0.0329802   0.990158  0.0329802 0
