29
  0.886002   0.711488   0.886002   0.711488   0.886002   0.711488  0.0234234  0.0206614  0.0234234  0.0206614  0.0234234  0.0206614 0
  0.880655   0.711361   0.881575   0.713352   0.884488   0.717016  0.0187206   0.135765  0.0383974   0.118854  0.0754091   0.061419 0.394098
  0.876227   0.713093   0.878785   0.716725   0.883022   0.719688  0.0324326    0.23378  0.0689033   0.183947   0.100059  0.0969458 0.695083
  0.872965   0.714871   0.876256   0.720474   0.880546   0.724034  0.0473435   0.306727   0.103184   0.243984   0.140091   0.156708 0.831743
  0.867889   0.718635   0.872796   0.723503   0.878387   0.727415  0.0801061   0.421684   0.129954   0.323027   0.171089   0.208221 0.863018
  0.864201   0.721763   0.869474   0.726675   0.875017   0.731557   0.107678   0.505795   0.158186   0.399293   0.208582   0.286945 0.872848
  0.860819   0.725472    0.86688   0.730379   0.872828   0.734695   0.141012   0.584159    0.19199   0.460663   0.237222   0.338752 0.88588
  0.857082    0.72999   0.864405   0.734219   0.870597   0.738805   0.181874   0.671341   0.227175   0.519661   0.275157   0.392879 0.954954
  0.854286   0.734674   0.861338   0.737643   0.868832   0.742163    0.22494   0.738513   0.257987   0.590809   0.306186   0.435852 0.939641
  0.851778   0.739821   0.859198   0.741656   0.867446   0.745559   0.272628    0.80013   0.295046   0.642834   0.337821   0.470726 0.968321
  0.850285   0.744035   0.857754   0.746008   0.866417   0.749202   0.312031   0.838499   0.335806   0.680365    0.37206   0.498251 0.982937
  0.848729   0.748353   0.856013   0.750234   0.865475   0.752541   0.352399   0.878379   0.375166   0.724104   0.403451   0.523461 0.977534
  0.847571   0.753324   0.854689   0.754609   0.864429   0.755289   0.399275   0.910645   0.416234   0.759063   0.429099   0.550058 0.987166
  0.846451   0.758533   0.854078   0.759143    0.86396   0.759034   0.448465   0.942427   0.459277   0.778891   0.464683   0.565648 0.984388
  0.845698   0.764227     0.8542   0.763714   0.863645   0.763601   0.502535   0.967027   0.503164   0.782957   0.508243   0.579148 0.954785
  0.846261   0.770858    0.85412    0.76829   0.863745   0.767445   0.566445   0.964611   0.546964   0.791397   0.545145   0.582618 0.960588
  0.847237   0.775771   0.854232   0.772843   0.864136   0.771393   0.614168   0.950771    0.59067   0.795656   0.583226   0.579995 0.930435
  0.849076   0.780776   0.856339   0.776925    0.86523    0.77474   0.663327   0.918458   0.631158   0.756214   0.616016    0.56131 0.904654
  0.850953   0.784842   0.858936   0.780683   0.866243   0.777523   0.703517   0.883951   0.668864   0.705727   0.643344   0.543556 0.889384
  0.852639   0.787876   0.861889   0.784161   0.868192   0.780869   0.733689    0.85205   0.704114   0.647173   0.676682   0.506427 0.884649
  0.856282    0.79322   0.865308   0.787203   0.870637   0.784819   0.787273   0.781341   0.735494   0.577898   0.716127    0.45952 0.788832
  0.860272   0.797432   0.868189   0.790757   0.872851   0.787126   0.830231   0.701488   0.771433   0.521008    0.73968   0.415149 0.770026
  0.864341   0.800871   0.870942   0.794415   0.875093   0.790104   0.865841   0.618792    0.80828   0.466998   0.769673   0.371185 0.709395
  0.868576   0.804224   0.874183   0.797629   0.877794   0.792817   0.900732   0.532402   0.841195   0.401853   0.797432   0.316929 0.682886
  0.872443   0.806648    0.87738   0.800929   0.881736   0.796591   0.926481   0.452585   0.874897   0.337758   0.836168   0.237463 0.686572
  0.877454   0.809865    0.88101    0.80357    0.88379   0.798456   0.960576   0.349273   0.902577   0.263358   0.855383   0.195917 0.636732
  0.881513   0.811339    0.88519   0.805524   0.887028   0.802174   0.977351   0.263914   0.924022   0.176088   0.893116   0.131559 0.685263
  0.885415   0.812045   0.888811   0.808271    0.89097   0.806628   0.986655   0.180819   0.952706    0.10206   0.938368   0.053095 0.578698
  0.892032   0.811553   0.892032   0.811553   0.892032   0.811553   0.986256  0.0374192   0.986256  0.0374192   0.986256  0.0374192 0
