44
  0.226598   0.344461   0.226598   0.344461   0.226598   0.344461    0.92521   0.997858    0.92521   0.997858    0.92521   0.997858 0
  0.232264   0.346803   0.230828   0.341726   0.226952   0.335722   0.952303   0.943944   0.912162   0.946706   0.860965   0.972897 0.8
  0.241762   0.349039     0.2351   0.339052   0.229971   0.330855   0.985174   0.849457   0.899648   0.895274   0.830025   0.929311 0.898224
  0.245602   0.348821   0.239442   0.336504   0.233963   0.326491   0.990144   0.808523   0.888183   0.843398   0.804486   0.876702 0.849698
   0.25031   0.347406   0.244048   0.334408     0.2375   0.323277   0.987713   0.755561   0.880525   0.789849   0.786699   0.831676 0.907104
  0.254789   0.345666   0.248275    0.33175   0.240666   0.320957    0.98248   0.704211   0.868044   0.738914   0.774909   0.792734 0.895996
  0.260784   0.341931   0.252157   0.328513   0.243699   0.318824   0.965034   0.632061   0.850681   0.690205   0.764284   0.755645 0.958144
  0.266562   0.338079   0.255739   0.324978   0.246858   0.316287   0.946358   0.561911   0.830585   0.643929   0.750871   0.716243 0.956139
  0.272395   0.334061   0.259619   0.321745   0.250368    0.31259   0.926538   0.490784   0.813249   0.595258   0.729451   0.670328 0.986283
  0.278052   0.329463   0.263112   0.318181   0.253789     0.3089   0.902115   0.420094   0.792786   0.549842   0.707937   0.625372 0.968187
  0.282302   0.324882   0.265745    0.31382   0.256181   0.305559   0.875408   0.364246   0.764939   0.511545   0.687241   0.592088 0.930882
  0.285516   0.319045   0.268439   0.309595   0.258761   0.301891   0.837605   0.316245   0.738206   0.472938    0.66445   0.556031 0.969343
   0.28981   0.313075   0.271184   0.305354   0.261285   0.296972   0.800667   0.256563   0.711439   0.433757   0.632269   0.517527 0.993042
  0.291554   0.307883    0.27337   0.300831    0.26308   0.293325   0.765129   0.225602   0.681628   0.399764   0.608285   0.489776 0.995986
  0.293772   0.302197   0.275038   0.296075   0.264168   0.290351   0.726739   0.188451   0.649196   0.370657   0.588083   0.471107 0.998669
  0.295018   0.297778   0.276975   0.291414   0.265278   0.287096   0.696084   0.164595   0.617925   0.338946   0.565828   0.451514 1
  0.296058   0.292147   0.278337   0.286576   0.266156   0.284321   0.656075   0.139973   0.584356   0.312868   0.546742   0.435534 1
  0.297108   0.287173   0.279198   0.281603    0.26699   0.280722   0.620968   0.116842    0.54893   0.291719   0.521469   0.418013 1
  0.298013   0.280857   0.279189   0.276574   0.267767   0.277274   0.575652   0.091969   0.511596   0.279592   0.497211   0.401455 1
  0.298517    0.27356   0.279193   0.271532   0.268425   0.273362   0.522367  0.0689321   0.474194   0.267294   0.469312   0.385025 0.997907
  0.298882   0.265104   0.279772   0.266528   0.268819   0.268641    0.46024  0.0445321   0.438053    0.24905   0.434957   0.369405 0.999774
  0.299078   0.256596   0.280242   0.261512   0.268819   0.262046   0.397446  0.0217957   0.401633    0.23191   0.386016   0.353376 0.999671
  0.298243   0.249291   0.280315   0.256474   0.268407   0.257675   0.341806  0.0128241   0.364377   0.218899   0.352873   0.347094 0.99757
  0.296842   0.243641   0.279623   0.251498   0.267929   0.254256   0.297479  0.0138376   0.326261   0.214086   0.326684   0.343815 0.99868
  0.295245   0.238785   0.277397   0.246971   0.267138   0.251961   0.258701  0.0188357   0.288854   0.226497   0.308297   0.346551 1
  0.290396   0.231402   0.275174   0.242459   0.265927   0.249017   0.195605  0.0519067    0.25156   0.238915   0.284371   0.352139 1
  0.286304   0.229005    0.27234   0.238292   0.264126   0.245734     0.1708  0.0891276   0.215779   0.258606   0.256922   0.363111 1
  0.279819   0.225229   0.269763   0.233963   0.261832    0.24323   0.131663   0.148175   0.179242   0.275201   0.234413   0.381162 0.97478
  0.273355    0.22132   0.266207   0.230384   0.259547   0.242386  0.0915773   0.206677   0.146586   0.303906   0.224227   0.403145 0.99608
  0.266663   0.220584   0.261524   0.228575   0.256828   0.241744   0.074645   0.275298   0.125136   0.348785   0.214806    0.43019 1
   0.26181   0.217894   0.256497   0.228114    0.25203   0.240835  0.0463608   0.319812   0.113094   0.400542   0.199838   0.478457 0.995324
  0.253415   0.217737    0.25151   0.227369   0.251262   0.240456  0.0308071   0.407755  0.0990162   0.451202   0.195709   0.485619 0.951844
   0.24454   0.217266   0.246515   0.226921   0.246426   0.240551  0.0121007   0.499975   0.087127   0.502661   0.188119   0.536721 0.950504
  0.237671   0.219322   0.241444    0.22731   0.244173   0.241102  0.0155809   0.577237  0.0813259   0.556959    0.18835   0.561769 0.954587
  0.230445   0.220446   0.236887   0.229392   0.241859   0.241337  0.0115311   0.655986  0.0889602   0.609952   0.186127   0.586678 0.943837
  0.223888   0.221681   0.232244   0.231377   0.239855   0.242437 0.00945687   0.727967  0.0957295   0.663631   0.190853   0.610441 0.955055
  0.217233   0.225251   0.227985   0.233944   0.238447   0.243546  0.0245414   0.806665    0.10748   0.714673   0.196667   0.627943 0.909406
  0.211495   0.230047   0.225014   0.238144   0.236275   0.245723  0.0502904   0.878685   0.133555    0.75614   0.209097   0.656088 0.969732
  0.207156   0.238084   0.222588   0.242458   0.235429   0.247252   0.102494   0.943865    0.16141   0.792142   0.218994   0.668705 0.947468
  0.205108   0.244346   0.221116   0.247325   0.234948   0.249923   0.145449   0.980629   0.195001   0.819463   0.237991   0.680257 0.974449
  0.206913   0.252803   0.220804   0.252335   0.234048   0.251932   0.211303   0.982197   0.231646   0.834916   0.251354   0.694602 0.983881
  0.211506   0.259594   0.221436   0.257337   0.232855   0.255875   0.269568   0.950378   0.269844   0.840422   0.278567   0.716735 0.99893
  0.216637   0.263472   0.222578   0.262244   0.230326   0.260515   0.307144   0.905826   0.308213   0.840339   0.308667   0.754619 0.76902
  0.223897   0.267107   0.223897   0.267107   0.223897   0.267107   0.346559   0.838279   0.346559   0.838279   0.346559   0.838279 0
