22
  0.382008    0.10612   0.382008    0.10612   0.382008    0.10612   0.956671   0.944873   0.956671   0.944873   0.956671   0.944873 0
  0.385688  0.0983457   0.379772   0.100882   0.370776   0.105376   0.985953   0.779272   0.934123   0.838527   0.855607   0.941862 0.92478
  0.385839  0.0905722   0.377218  0.0957854   0.366229   0.102965   0.983585   0.617609   0.908785   0.735466   0.813688   0.896804 1
  0.381669  0.0828537    0.37371  0.0913026   0.364668   0.101906   0.942505   0.461875   0.875188    0.64622   0.799185   0.876529 0.781981
   0.37382  0.0758078   0.368821  0.0884261    0.36372   0.101069   0.868762    0.32419   0.829975   0.591878   0.790281   0.860187 0.987017
  0.369501  0.0733434   0.363223  0.0872028   0.360599  0.0989914   0.828863   0.277776   0.779197   0.572665   0.761303   0.820487 0.927699
  0.364138  0.0700282   0.357974  0.0850994   0.354842  0.0957452   0.779189   0.214844   0.731129   0.534784   0.708137   0.759423 0.93923
  0.357573   0.066651   0.352585  0.0833333   0.348947  0.0929522   0.718714   0.151956   0.681966   0.504063   0.653943   0.707931 0.958752
  0.352587  0.0639843   0.347025   0.082057   0.344957  0.0913248   0.672733   0.102078   0.631503   0.483708   0.617388   0.678541 0.987821
  0.345327  0.0617458   0.341475  0.0807923   0.340791  0.0904902   0.606566  0.0636169   0.581137   0.463582   0.579639   0.665817 0.957593
  0.338534  0.0608032   0.335949  0.0793926   0.335845  0.0898575   0.545209  0.0515597   0.530919   0.440627   0.534991   0.658153 0.955603
  0.331124  0.0598505   0.330263  0.0791341   0.330572  0.0892986   0.478314  0.0399774   0.479817   0.441557   0.487446   0.652385 0.954703
   0.32329  0.0589906   0.324567   0.079172   0.325882  0.0887462   0.407657  0.0307935   0.428762   0.448655    0.44513   0.646106 0.973831
  0.315257  0.0601518   0.318882  0.0791125   0.319732  0.0888652   0.336188  0.0638195   0.377757   0.453717   0.390039   0.655392 0.981097
  0.309654  0.0618811   0.313319  0.0782284   0.315929  0.0895501   0.286774   0.105955   0.327459   0.441515   0.356275   0.673834 0.939768
  0.303932  0.0642338   0.307731  0.0796651   0.313229  0.0910083   0.236601   0.161173   0.278044   0.477553    0.33276   0.707121 0.940282
  0.298214  0.0671629   0.302494  0.0816855   0.309998  0.0933372   0.186726   0.228362   0.232051   0.525331   0.304904   0.759086 0.969746
  0.290569  0.0735521   0.297663  0.0847746   0.305957  0.0965256   0.121238    0.36957   0.190214   0.594861   0.270201   0.829801 0.962342
  0.284519   0.079136   0.293043  0.0880239    0.30139  0.0987263  0.0696651    0.49228   0.150337   0.667485   0.230304   0.880583 0.972294
  0.280642  0.0830787   0.289002   0.092069   0.296747  0.0998557  0.0367901   0.578487   0.116041   0.756003   0.189207    0.90919 0.953771
  0.277778  0.0886812   0.284858  0.0959658   0.291172   0.102286  0.0137846   0.698056  0.0807541    0.84155   0.140385   0.965851 0.911453
  0.280684  0.0998453   0.280684  0.0998453   0.280684  0.0998453    0.04518   0.926774    0.04518   0.926774    0.04518   0.926774 0
