61
  0.736618   0.654097   0.736618   0.654097   0.736618   0.654097   0.975182  0.0311003   0.975182  0.0311003   0.975182  0.0311003 0
  0.736166   0.642578   0.732276   0.652492   0.730104    0.65823   0.923682  0.0148273    0.96451  0.0705716   0.988205   0.102058 0.540526
  0.732761   0.636714   0.727917   0.650901   0.725291   0.660414   0.894875  0.0375168    0.95389   0.110239   0.993968    0.15293 0.888051
  0.726469   0.634288   0.723451   0.649677   0.721211   0.661168   0.878967  0.0945423   0.944809   0.151604   0.993986   0.194085 0.971387
  0.720588   0.633066   0.718857   0.649077   0.718041   0.661368   0.868741   0.149717   0.938396   0.195339   0.992284   0.225368 0.950571
  0.717218    0.63224   0.714225   0.648819   0.711478   0.660195   0.862322    0.18111   0.933467   0.240062   0.981716   0.287283 0.973472
  0.714281    0.63152   0.709651   0.648193    0.70516   0.659317   0.856728   0.208473   0.926953   0.283563   0.972658   0.347336 0.98229
  0.711232   0.630743   0.705232   0.646709   0.700273    0.65811   0.850787   0.236812   0.916757   0.324005   0.963309   0.392843 0.985167
   0.70907   0.629646   0.701439   0.644112   0.696134     0.6569   0.844152   0.255933   0.902129   0.356339   0.954559   0.431045 0.98741
  0.704573   0.627382   0.697986   0.640974   0.691786   0.655165    0.83043   0.295737   0.885381    0.38439   0.943308   0.470339 0.990597
  0.700157   0.625229    0.69409   0.638526   0.686778   0.652995   0.817268   0.334954   0.871331   0.418002   0.929585   0.515305 0.990991
  0.697792   0.623214   0.689653   0.637071   0.681863   0.650423   0.806391   0.354408   0.861252   0.458677   0.914155   0.558628 1
  0.693718   0.620147   0.685484   0.635089   0.677646   0.647754   0.789453    0.38864   0.849049    0.49578   0.898864   0.594975 0.995581
  0.691539   0.618122   0.681283   0.633159   0.674433   0.645391   0.778682   0.406264   0.837052   0.533299   0.885751   0.622078 0.997837
  0.687144    0.61457   0.677024   0.631299   0.669677    0.64177   0.759327   0.442766   0.825315   0.571508   0.865792   0.661966 1
  0.684546   0.612241    0.67313    0.62883   0.664992   0.637746   0.746869   0.463921   0.811177   0.605057   0.844105   0.700448 1
  0.681912   0.610036   0.669602   0.625796   0.659672   0.632724   0.734927   0.485656   0.794828   0.634036   0.817469   0.743332 1
  0.678695   0.607291   0.665901   0.623016   0.656166    0.62941   0.720116   0.512119   0.779464   0.665143   0.799896   0.771585 1
   0.67692   0.605661   0.662506   0.619868   0.652597   0.625593   0.711433   0.526502    0.76272   0.692608   0.780038   0.799552 1
  0.675339   0.603916   0.659484   0.616351   0.650081   0.623131   0.702395   0.538792    0.74464   0.715779   0.767056   0.819674 0.997527
  0.673372   0.601509   0.656515   0.612797   0.647577    0.61962   0.690106   0.553659   0.726441   0.738362   0.749428   0.837798 1
  0.670468   0.597636   0.653621   0.609177   0.645233   0.616734   0.670542   0.575039   0.708008   0.760096   0.734702   0.855477 1
  0.668523   0.594498   0.651303   0.605165   0.641904   0.611909   0.655025   0.588375   0.688309   0.775506   0.710565   0.879292 1
  0.666472    0.59157   0.649637    0.60084   0.638444   0.606719   0.640351    0.60313    0.66775   0.783992   0.684705   0.903732 1
  0.664394   0.587648   0.647714   0.596626   0.635684   0.602378   0.621248   0.616359   0.647476   0.795184   0.663181   0.922862 1
  0.662676   0.584175   0.645864   0.592378   0.633113   0.597944    0.60443   0.626884   0.627108   0.805615     0.6414    0.93998 1
  0.661101   0.580414    0.64411   0.588089   0.630911   0.593775   0.586449   0.635505    0.60664   0.815024   0.621099   0.953979 1
  0.659745   0.577226    0.64207    0.58393   0.629275   0.589761   0.571189   0.643011   0.586511   0.827453   0.601944   0.962739 1
  0.658612   0.573661    0.64036   0.579625   0.627608   0.585353    0.55444   0.647659   0.566008   0.836415   0.581016   0.971084 1
  0.657663   0.569775   0.638914   0.575223   0.626126   0.580749   0.536416   0.649938   0.545285   0.842617   0.559368   0.977275 1
  0.656938   0.567463     0.6374   0.570843   0.624762   0.576067    0.52556   0.652867   0.524608   0.849518   0.537475   0.982177 1
  0.656153   0.563753   0.635924   0.566452   0.623746    0.57208   0.508452   0.653863    0.50391   0.856041   0.518947   0.984935 1
   0.65548   0.560222   0.634688   0.561985   0.622647   0.566487   0.492231   0.654095   0.483077   0.860075   0.493224   0.985618 0.994223
  0.655031   0.556941   0.633679   0.557462   0.621617    0.56153   0.477298   0.652585   0.462176     0.8618   0.470381   0.986771 1
  0.654886   0.552372   0.633227   0.552852   0.620906   0.555257     0.4569   0.645791   0.441342   0.857936   0.441954   0.982442 1
  0.654678   0.548643   0.633731    0.54825   0.620507   0.548302    0.44018   0.641134    0.42133   0.844758   0.410756   0.973852 0.997226
  0.655388   0.545743   0.634246   0.543639   0.620588   0.539838   0.427887   0.628996   0.401283   0.831461   0.373256   0.957873 0.979578
  0.655853   0.542224   0.634686   0.539031   0.621391   0.534258   0.412647    0.61815   0.381184   0.818899   0.349144   0.940023 1
  0.656636   0.539085   0.636144   0.534639    0.62231   0.528339   0.399353   0.604874   0.362883   0.796797   0.323618   0.920429 1
  0.657648   0.535279   0.638412   0.530593   0.623131   0.524049   0.383284   0.588172   0.346776   0.767409   0.305249   0.904725 1
  0.658472   0.531236   0.640201   0.526324   0.624127   0.518954   0.366016   0.572877   0.329287    0.74229   0.283448   0.885867 1
  0.659316   0.526615   0.641693   0.521929   0.625301   0.514268   0.346194   0.556349   0.310998   0.719848   0.263607   0.865999 1
  0.660498   0.522553   0.643391   0.517624   0.626959   0.510019   0.329127   0.537528   0.293279   0.695557     0.2461   0.842202 0.990689
  0.662214   0.520266   0.645314   0.513405   0.629023   0.504271   0.320379   0.516684   0.276118   0.669231    0.22227   0.811749 1
   0.66426   0.516329   0.647252   0.509201   0.631749   0.501631   0.304572   0.489661   0.259041   0.642774   0.212782   0.780421 1
  0.665716   0.513092   0.649006   0.504909   0.634967   0.496586   0.291395   0.469648   0.241423   0.617961   0.193016   0.739971 0.991729
  0.666754   0.509352   0.650578   0.500551   0.636892   0.493405   0.275642   0.452813   0.223364   0.594806   0.180465   0.715487 0.981219
  0.668001   0.506791   0.652225   0.496216   0.640917   0.487462   0.265292   0.436044   0.205469   0.570956   0.157376   0.665553 0.856935
  0.669984   0.502805   0.654401   0.492143   0.643177   0.483529   0.249219   0.409546   0.189164   0.542422   0.141764   0.636447 0.922734
  0.672166   0.498993   0.657172   0.488414   0.645344   0.479834   0.234079   0.381422    0.17488   0.508694   0.127133   0.608679 0.774365
   0.67436   0.495211   0.660009   0.484756   0.648468   0.474762   0.219086   0.353229   0.160956   0.474461   0.107169   0.569096 0.811803
  0.676051   0.492141   0.663368   0.481564   0.650703   0.472413   0.206837   0.331222   0.149534   0.435962  0.0985683   0.543078 0.481593
  0.678306   0.488162   0.666875   0.478533   0.654465   0.468452    0.19102   0.302083   0.138943   0.396312  0.0840609   0.499272 0.48165
  0.680884   0.485314   0.670221   0.475332   0.656944   0.465288   0.180483   0.271829   0.127467   0.357931  0.0720416   0.469415 0.487987
   0.68387     0.4815   0.673325    0.47188   0.659691   0.460007   0.165995    0.23585   0.114678   0.321451   0.050842   0.433141 0.456196
  0.687236   0.476956   0.675979     0.4681   0.663215   0.457562   0.148572   0.194862   0.100069   0.288782  0.0428678   0.394373 0.58151
  0.689778   0.474285   0.678675   0.464319   0.666168    0.45305   0.138793   0.165271  0.0854866    0.25569  0.0252557   0.357469 0.401492
   0.69128   0.472754   0.682078   0.461199    0.67241   0.448585   0.133223   0.147872  0.0744176     0.2169   0.010531    0.28856 0.557404
  0.694138   0.469511   0.685861   0.458496   0.677802   0.447152   0.121164   0.114171  0.0655123    0.17514 0.00857548   0.233399 0.736937
   0.69287   0.453323   0.689472   0.455624   0.685201   0.450086   0.048274  0.0974899  0.0557114   0.134759  0.0276413   0.166484 0.128025
  0.692912   0.452498   0.692912   0.452498   0.692912   0.452498  0.0446441  0.0955942  0.0446441  0.0955942  0.0446441  0.0955942 0
