92
 0.0749721   0.026036  0.0749721   0.026036  0.0749721   0.026036    1.00027   0.519564    1.00027   0.519564    1.00027   0.519564 0
 0.0703364  0.0314588  0.0750709  0.0311708  0.0792769  0.0311367   0.988215   0.445554   0.989077   0.523091   0.989359   0.592055 0.549571
 0.0658534  0.0363435  0.0751716  0.0363099  0.0840099  0.0327883    0.97734   0.373846   0.977874    0.52665   0.985991   0.670288 0.933047
 0.0639397  0.0416592  0.0752421  0.0414531  0.0860653  0.0409493   0.965652   0.344437   0.966659   0.529715   0.968293   0.707025 0.928588
 0.0621629  0.0458985  0.0751616  0.0465881  0.0875633  0.0465282   0.956318   0.316871   0.955456   0.530302   0.956199   0.733662 0.868587
 0.0601638  0.0501939  0.0748568  0.0517108  0.0889868  0.0511158   0.946851   0.285681   0.944268   0.527205   0.946264    0.75871 0.913799
  0.059947  0.0560763  0.0743689  0.0568346  0.0903252   0.055253   0.934011    0.28431   0.933069   0.521106   0.937306   0.782196 0.912813
 0.0606241  0.0608804  0.0739446  0.0619631  0.0914411  0.0593981   0.923566   0.297197   0.921863   0.516051   0.928321   0.802034 0.908516
 0.0612107  0.0657276  0.0740449   0.067085  0.0920717  0.0647404   0.913023   0.308617   0.910696   0.519596     0.9167   0.814359 0.904831
 0.0614939  0.0714227  0.0748058   0.072166  0.0924174  0.0702056   0.900616   0.315375   0.899652   0.533962   0.904797   0.822058 0.881698
 0.0613417  0.0767526  0.0760524  0.0771639  0.0924381   0.075891   0.888984   0.314857   0.888813   0.556261   0.892398   0.824509 0.913575
 0.0613049  0.0836548  0.0773024  0.0821473  0.0930099  0.0811992   0.873928   0.316817   0.878006   0.578611   0.880849   0.835856 0.907753
 0.0618553  0.0888579  0.0780013   0.087225  0.0935509  0.0864624   0.862608   0.327775   0.866966   0.591957   0.869397   0.846682 0.924596
 0.0620679  0.0929366  0.0781907  0.0923681  0.0941634   0.091448   0.853722   0.332775   0.855758   0.596972   0.858554   0.858578 0.911372
 0.0617272  0.0978308  0.0781511  0.0975094  0.0948402  0.0957124   0.843031   0.329005   0.844543   0.598232   0.849286    0.87126 0.933034
 0.0614488   0.102769  0.0782066   0.102642  0.0956912  0.0995257   0.832247   0.326273   0.833352   0.601047   0.841011   0.886632 0.947606
 0.0612426   0.107987  0.0785453    0.10777  0.0962279   0.104685   0.820855   0.324827   0.822183   0.608506   0.829785   0.897348 0.945155
 0.0610412   0.113043  0.0789725   0.112895  0.0966806    0.10997    0.80982   0.323401   0.811026   0.617414   0.818281   0.906735 0.964675
 0.0608066   0.118009  0.0793453   0.118018  0.0969484    0.11575   0.798977   0.321398   0.799873    0.62543   0.805687   0.913272 0.9675
 0.0607114     0.1237  0.0797194   0.123142   0.097197   0.121527   0.786559   0.321949   0.788715   0.633467   0.793101   0.919493 0.97055
 0.0607183   0.129833  0.0800671   0.128271  0.0973085   0.127585   0.773182    0.32434   0.777545   0.641073   0.779892   0.923571 0.953391
 0.0607249   0.136106  0.0802445   0.133406  0.0975556   0.133064   0.759503   0.326777   0.766355   0.645888   0.767956   0.929657 0.963345
 0.0605664   0.141622  0.0802543   0.138544  0.0977923   0.138089   0.747465   0.326225    0.75515   0.647956   0.757008   0.935404 0.973431
 0.0608317   0.146278  0.0802197   0.143682  0.0984293   0.141997   0.737323   0.332303    0.74394   0.649297   0.748515   0.947302 0.95785
 0.0615149    0.15012   0.080198   0.148821  0.0987317    0.14779   0.728977   0.344934   0.732732   0.650849   0.735895   0.954412 0.977246
 0.0619695   0.154994  0.0802019    0.15396  0.0987934   0.153615   0.718368     0.3542   0.721524    0.65282   0.723195   0.957585 0.984822
 0.0624871   0.160003  0.0802136   0.159099   0.099037   0.159181    0.70747   0.364546   0.710317    0.65492   0.711067   0.963648 0.982543
 0.0631199   0.164752  0.0802115   0.164237  0.0988779   0.165229   0.697143   0.376688   0.699109   0.656793   0.697867   0.963283 0.986525
 0.0638487   0.168863  0.0802051   0.169376   0.098489   0.169873   0.688212   0.390166   0.687901   0.658595   0.687721   0.958629 0.965506
 0.0642439   0.174183  0.0802059   0.174515  0.0983807   0.175741   0.676629   0.398623   0.676693   0.660516   0.674916   0.959032 0.974449
 0.0647187   0.179906    0.08021   0.179654  0.0980952   0.181412   0.664171   0.408533   0.665486   0.662492   0.662533   0.956456 0.987523
 0.0653522   0.184141  0.0802118   0.184792  0.0965706   0.186286   0.654966   0.420494   0.654279   0.664428   0.651827   0.933262 0.986486
 0.0657553   0.189507  0.0802066   0.189931   0.096123   0.190141   0.643282   0.429097    0.64307   0.666251   0.643397   0.927352 0.996976
 0.0662591   0.194383  0.0802022   0.195071  0.0967925   0.194068   0.632671    0.43917    0.63186   0.668087   0.634866    0.93979 0.988277
 0.0666508   0.199434  0.0802178   0.200208  0.0973655   0.198317   0.621675   0.447468   0.620656    0.67025   0.625628   0.950764 0.992336
 0.0668361   0.204649  0.0802216   0.205346  0.0977833     0.2034   0.610309   0.452443   0.609451    0.67222   0.614562   0.959503 0.986778
 0.0665156   0.209846  0.0801547   0.210487  0.0976477   0.208942    0.59896   0.449116   0.598235   0.673031   0.602467   0.959336 0.990085
 0.0664902   0.214604  0.0801129   0.215627  0.0973587   0.214193   0.588581   0.450466   0.587022   0.674253   0.591002   0.956545 0.986586
 0.0665872   0.220224  0.0802731   0.220757  0.0972238   0.220145   0.576329   0.454144    0.57584   0.678786   0.578012   0.956543 0.995063
 0.0667896   0.225614  0.0807691   0.225869  0.0974393   0.225832   0.564583   0.459463   0.564716   0.688816    0.56562   0.962189 0.999438
 0.0668903   0.231019  0.0815964   0.230958  0.0976742    0.23167   0.552799   0.463122   0.553658   0.704274   0.552899   0.968208 0.99936
 0.0668838   0.237307  0.0822685   0.236047  0.0978384   0.238277   0.539085   0.465349   0.542592   0.717184   0.538497   0.973353 0.995685
 0.0668223   0.243044   0.082424   0.241162  0.0979458   0.245332   0.526568    0.46647   0.531444   0.721634   0.523115   0.977734 0.993714
  0.066511   0.247956  0.0823448   0.246317  0.0977675   0.251294   0.515839   0.463188   0.520196   0.722249   0.510103   0.977023 0.997075
 0.0660181   0.252265  0.0820761   0.251469  0.0966505   0.255934   0.506418   0.456705   0.508947   0.719755   0.499928   0.960426 0.996662
 0.0653326   0.256223  0.0810798   0.256474  0.0956416   0.261157   0.497751   0.446932    0.49798   0.705274   0.488487    0.94582 0.997206
  0.064476   0.259886  0.0793454   0.261318  0.0943994    0.26631    0.48972   0.434244   0.487331   0.678629   0.477186   0.927361 0.99563
 0.0635151   0.263722  0.0775423   0.266143  0.0928041   0.272229   0.481306    0.41991   0.476718    0.65085   0.464198   0.903397 0.985615
 0.0624083   0.267401   0.075881   0.270996  0.0913137   0.277804   0.473227   0.403125   0.466051   0.625406   0.451964   0.881024 0.992531
 0.0610349   0.271762  0.0741652   0.275836  0.0900713   0.282167   0.463648    0.38222   0.455411   0.599065   0.442388   0.862269 0.996714
 0.0596914   0.276003  0.0722772   0.280618  0.0887939   0.286318   0.454333    0.36176   0.444888   0.569877   0.433271   0.842862 0.997447
 0.0582731   0.280187  0.0701871   0.285317  0.0869397   0.291521   0.445138   0.340054   0.434536   0.537344   0.421832   0.814385 0.998934
 0.0561385   0.285428  0.0680888   0.290007  0.0853146   0.296166     0.4336   0.306994   0.424204   0.504674   0.411622   0.789458 0.993594
 0.0545304   0.290377  0.0661649   0.294763  0.0836952   0.301172   0.422726   0.282459   0.413736   0.474888   0.400624   0.764759 0.999496
  0.052742   0.295235   0.064211    0.29952  0.0819795   0.305442   0.412044   0.254933   0.403265   0.444611   0.391225   0.738207 0.993103
 0.0507401   0.300252   0.062167    0.30425  0.0805222   0.309921   0.401002   0.223965   0.392846   0.412847   0.381383    0.71597 0.995902
 0.0485049    0.30566     0.0606   0.309119  0.0788965   0.314266   0.389098   0.189317    0.38215   0.388956   0.371828   0.690922 0.99885
 0.0461412   0.310925  0.0597368   0.314189  0.0773676   0.318751   0.377496   0.152508    0.37105   0.376681   0.361971   0.667513 1
 0.0440654   0.316121  0.0590336   0.319294  0.0760983    0.32308   0.366061   0.120394   0.359881   0.367044   0.352466   0.648305 0.996508
 0.0425116   0.320713  0.0581763    0.32435  0.0750271    0.32704   0.355969  0.0966167   0.348811   0.354862   0.343776   0.632207 0.999496
 0.0412622   0.325662  0.0572299     0.3294  0.0740105   0.331148   0.345114  0.0779633   0.337751   0.341217   0.334767    0.61706 1
  0.040178   0.330196  0.0564004   0.334475  0.0730906   0.335478   0.335172  0.0618675   0.326641   0.329497   0.325278   0.603583 1
  0.039217   0.335083  0.0559462    0.33959   0.072195   0.339573   0.324466  0.0479201   0.315462   0.323946   0.316302   0.590414 0.999899
 0.0383912   0.340274  0.0556795   0.344724  0.0714611   0.344143   0.313104  0.0363054   0.304252   0.321479   0.306297   0.580076 1
 0.0376673   0.345969  0.0552334   0.349843  0.0709011   0.348999   0.300647  0.0265475   0.293066   0.316064   0.295679   0.572694 0.999869
 0.0373631   0.353237  0.0547048   0.354955  0.0707553    0.35601    0.28478  0.0242573    0.28189   0.309292    0.28038   0.572906 0.998159
 0.0372713    0.36166  0.0543163   0.360078  0.0707264   0.361432   0.266406  0.0258782   0.270696   0.304823   0.268554   0.574445 0.993321
 0.0376713   0.368891  0.0540831   0.365212  0.0712121   0.366555   0.250654  0.0351232   0.259489   0.302904   0.257405   0.584312 0.98996
 0.0385341   0.374183  0.0540033   0.370349  0.0718319   0.371058   0.239155  0.0512356    0.24828   0.303503   0.247614   0.596148 1
 0.0394418    0.37926  0.0541671   0.375489  0.0726069   0.375171   0.228126  0.0680066   0.237078   0.308097   0.238682   0.610385 1
 0.0404461   0.384321  0.0547244   0.380598  0.0734293   0.379296   0.217138  0.0863559   0.225963   0.319133   0.229726   0.625403 1
 0.0415424   0.389169  0.0558926   0.385586  0.0743772   0.383424   0.206619   0.106134   0.215141   0.340143   0.220769   0.642481 1
 0.0426414   0.394299  0.0575337   0.390465  0.0753159   0.387796   0.195482   0.126062   0.204581   0.368868    0.21128   0.659498 1
 0.0438002   0.399222  0.0590928   0.395367  0.0763525   0.392202   0.184803   0.146895   0.193967   0.396255   0.201721   0.678134 0.998904
 0.0449929    0.40432   0.060343   0.400346   0.077401   0.396648   0.173743   0.168346   0.183169   0.418607   0.192077    0.69698 1
 0.0462269   0.409107  0.0613631   0.405383  0.0786196   0.401622   0.163364   0.190361   0.172233   0.437206   0.181289    0.71881 0.99775
 0.0474123   0.414217  0.0623518   0.410429  0.0796517   0.405943   0.152277   0.211698   0.161277   0.455294   0.171915   0.737341 1
  0.048652    0.41911  0.0635351   0.415427  0.0812428   0.410956   0.141667   0.233845   0.150433   0.476554    0.16106   0.765296 1
 0.0499335    0.42446  0.0649165   0.420375  0.0823728   0.415739   0.130062   0.256847    0.13971   0.501046   0.150684   0.785602 1
 0.0513748   0.429771  0.0664094   0.425292  0.0834783   0.420335   0.118549   0.282455   0.129061   0.527354   0.140714   0.805438 0.998609
 0.0527752    0.43462  0.0679054   0.430208  0.0850082   0.425517   0.108042   0.307221   0.118412   0.553714   0.129487   0.832453 1
 0.0541803   0.439685  0.0693487    0.43514  0.0862189   0.430875  0.0970652   0.332145   0.107726   0.579214   0.117862   0.854296 0.985225
  0.055589   0.444324  0.0708325    0.44006  0.0876854   0.435501  0.0870166    0.35697  0.0970694   0.605374   0.107845   0.880063 0.994288
 0.0570687   0.449462   0.072284   0.444983  0.0888356   0.439899  0.0758846   0.383143  0.0864037   0.631005  0.0983096   0.900558 0.996473
 0.0584932   0.453831  0.0733117   0.450013  0.0899333   0.444081  0.0664252   0.408126  0.0754833   0.649728  0.0892431   0.920113 0.927241
 0.0599757   0.458321  0.0740681   0.455113  0.0908981   0.448997  0.0567057   0.434105  0.0643991   0.664024  0.0785692   0.937761 0.953703
 0.0622792   0.463093  0.0753487   0.460074  0.0917731   0.453884  0.0464107   0.473654   0.053641   0.686869  0.0679519   0.953924 0.845265
 0.0630977   0.469489  0.0771039   0.464917  0.0927467   0.459771  0.0325028   0.489451  0.0431661    0.71745   0.055161   0.972076 0.829346
 0.0638518   0.472689   0.078587   0.469838  0.0931438   0.466619  0.0255597   0.503007   0.032505   0.743599  0.0402446   0.981132 0.805466
 0.0648497   0.476205  0.0794153   0.474883  0.0918186   0.473749  0.0179398   0.520677  0.0215427   0.759056  0.0246287   0.962045 0.510153
 0.0677926   0.479777    0.07949   0.480006  0.0855113   0.480247  0.0102963   0.570265  0.0103735   0.762183  0.0101452    0.86102 0.135325
  0.079112   0.485166   0.079112   0.485166   0.079112   0.485166 -0.00090023   0.757901 -0.00090023   0.757901 -0.00090023   0.757901 0
