80
  0.560607    0.88224   0.560607    0.88224   0.560607    0.88224 0.00106439   0.967957 0.00106439   0.967957 0.00106439   0.967957 0
  0.565628   0.883123   0.565366   0.880879   0.562784    0.87752    0.01472   0.979214  0.0138518   0.945743 0.00662362   0.896504 0.34274
  0.570635   0.883016   0.570133   0.879545   0.567908   0.871481  0.0282665   0.975654  0.0266623   0.923922  0.0200688   0.804161 0.769639
  0.574488   0.883255   0.574893   0.878185   0.571943   0.867791  0.0387133   0.977717  0.0394496   0.901709  0.0307293   0.747368 0.997912
  0.581862   0.883894   0.579597   0.876645   0.575477   0.866099  0.0587198   0.984394  0.0520743   0.876832  0.0401761   0.720676 0.979773
  0.588509   0.883376   0.584195   0.874814   0.579584   0.863873  0.0766763   0.974046  0.0643931   0.847642  0.0511351   0.685773 0.997417
  0.593001   0.881945   0.588716   0.872789   0.584702    0.86078  0.0887349   0.950873  0.0764877   0.815584  0.0647711   0.637498 0.99837
  0.597215   0.880344   0.593363    0.87109   0.588629   0.858592    0.10003   0.925268  0.0889482   0.788343   0.075247   0.603231 1
  0.601774   0.878396   0.598088   0.869594   0.592472   0.856441   0.112233   0.894349   0.101631   0.764111  0.0854975   0.569548 0.989108
  0.606039   0.876247   0.602652   0.867706   0.596851   0.854618   0.123626    0.86053   0.113853   0.734092  0.0972213   0.540559 0.999944
  0.611295   0.873903     0.6071   0.865535   0.601594   0.853022   0.137689   0.823402    0.12574   0.699871   0.109949    0.51483 1
  0.615803   0.872041   0.611558   0.863383    0.60631   0.851084    0.14976   0.793793   0.137654   0.665936   0.122578   0.483988 0.996226
  0.620209   0.870282   0.616126   0.861482   0.610207   0.849678   0.161561   0.765753   0.149886     0.6357   0.133029   0.461433 0.995445
  0.624888   0.868369    0.62073   0.859657   0.615319    0.84742   0.174091   0.735301   0.162221   0.606604   0.146705   0.425658 0.998403
  0.628902   0.867022   0.625233     0.8576   0.619376   0.845834   0.184862   0.713573   0.174263   0.574062   0.157575   0.400345 0.997937
  0.633999   0.865104   0.629601   0.855271   0.624223   0.843675   0.198526   0.682897   0.185924   0.537507   0.170545   0.366138 1
  0.638413   0.863041   0.633926   0.852861    0.62922   0.841335   0.210329   0.650299   0.197461   0.499773   0.183904   0.329188 1
  0.643182   0.860844    0.63837   0.850685   0.634693    0.83891   0.223082   0.615578   0.209336   0.465483   0.198548    0.29077 0.995035
  0.647993   0.859017     0.6429   0.848688    0.63942   0.836988   0.235977   0.586352   0.221457   0.433831    0.21121   0.260166 1
  0.652633   0.857163   0.647429   0.846696   0.643767   0.835336   0.248406   0.556809   0.233576   0.402253   0.222859   0.233748 1
  0.657491   0.855612   0.651904   0.844575   0.648367   0.833701   0.261447   0.531697   0.245541    0.36878   0.235195   0.207482 1
  0.661368   0.854277   0.656313    0.84232   0.652816   0.832204   0.271847   0.510211   0.257316   0.333321   0.247133   0.183355 1
  0.665285   0.852834   0.660682   0.840009   0.657046   0.830972   0.282348   0.487089   0.268979   0.297029   0.258498   0.163265 1
  0.668925   0.851569   0.665085    0.83773   0.661687   0.829782   0.292112   0.466751   0.280736   0.261225   0.270975   0.143653 1
   0.67259   0.850644   0.669622   0.835746   0.666533   0.828443   0.301968   0.451469   0.292878   0.229765      0.284   0.121718 1
  0.676579   0.849626   0.674387   0.834448   0.670955   0.827295   0.312695   0.434683   0.305684   0.208485   0.295888   0.102817 1
  0.680488    0.84855   0.679294   0.833738   0.675785   0.826238   0.323199    0.41706   0.318919   0.195947    0.30889  0.0851137 1
  0.685139   0.847267   0.684229   0.833376   0.681255   0.825493   0.335697   0.396045   0.332252    0.18859   0.323643  0.0718239 0.989873
  0.689264   0.846641   0.689176   0.833276   0.686223   0.824716    0.34682   0.385071   0.345636   0.185158   0.337036  0.0582573 1
  0.693649   0.845835   0.694128   0.833315   0.690951   0.823955   0.358634   0.371288   0.359044   0.183812   0.349782  0.0450284 1
  0.699011   0.845603   0.699078   0.833347   0.696807   0.823473   0.373133   0.365727   0.372446   0.182356   0.365601  0.0355319 1
  0.703703   0.845167   0.704027   0.833322   0.703376   0.823269   0.385803    0.35737   0.385841    0.18004   0.383367  0.0298959 1
  0.709202   0.845404   0.708977    0.83328    0.70992   0.822994   0.400706   0.358764   0.399238   0.177471   0.401062  0.0232356 1
  0.713365   0.846012   0.713928   0.833351   0.715797   0.823656   0.412019   0.366218   0.412644   0.176599   0.417017  0.0308353 1
  0.718175   0.846144   0.718866   0.833663   0.720538   0.824207   0.425049   0.366311   0.426036   0.179338   0.429892  0.0372189 1
  0.722421   0.846622   0.723787   0.834221   0.726964   0.824666   0.436576   0.371811   0.439394   0.185759   0.447319  0.0415777 1
  0.728335   0.847012   0.728709   0.834735   0.730238   0.825325   0.452613   0.375319   0.452754   0.191517    0.45623  0.0501497 1
  0.732361   0.847657   0.733637   0.835194   0.735713   0.825404   0.463556     0.3834   0.466128   0.196453   0.471055  0.0491882 1
  0.737093   0.848313   0.738541   0.835898   0.740669   0.826353   0.476414   0.391365   0.479453   0.205077   0.484539  0.0614501 1
  0.742639   0.848998    0.74331   0.837184   0.744939   0.827222   0.491474   0.399445   0.492455   0.222441   0.496158  0.0727722 1
  0.746716   0.849484   0.747953   0.838931   0.750659   0.827816   0.502546   0.405109   0.505145   0.246754   0.511684  0.0794186 1
   0.75056   0.850977   0.752693   0.840327   0.756421   0.829808   0.513056   0.425943   0.518077   0.265791   0.527425   0.106968 0.988083
  0.754682   0.851846   0.757542    0.84134   0.760742   0.831287   0.524278   0.437337   0.531276   0.279042   0.539225   0.127399 0.993864
  0.758882   0.853235   0.762381   0.842396   0.765408   0.832205   0.535744   0.456462   0.544448   0.292945    0.55192   0.139318 1
  0.763291   0.854318   0.767132   0.843763    0.77051   0.833147   0.547757   0.470943   0.557407   0.311542   0.565798   0.151406 0.968351
  0.767648   0.855807   0.771797   0.845429   0.775688   0.835304   0.559656   0.491512   0.570152   0.334642   0.579969   0.181647 1
  0.772647   0.857788   0.776439   0.847153   0.779905   0.836611   0.573327   0.519194   0.582839    0.35861   0.591478   0.199544 1
  0.776935   0.859337   0.781055   0.848932   0.784924   0.838811   0.585045   0.540692   0.595463   0.383424   0.605219   0.230492 1
  0.781692   0.861773   0.785621   0.850845   0.789241   0.841176   0.598097   0.575271   0.607958   0.410245   0.617073   0.264188 1
  0.786287   0.864117    0.79012   0.852914   0.793631   0.843088   0.610701    0.60854   0.620282   0.439444   0.629092   0.291071 1
  0.790602   0.866408   0.794626   0.854961   0.798437   0.845276   0.622542   0.641122   0.632625   0.468308   0.642257   0.321926 1
  0.794883   0.868307   0.799242   0.856744   0.802445   0.846864   0.634267   0.667848   0.645248   0.493169   0.653219   0.344107 0.981724
  0.800037   0.870472   0.803939   0.858313   0.806603   0.849052   0.648373   0.698228   0.658074   0.514803   0.664628   0.375221 0.999696
  0.804638   0.872666   0.808662   0.859797   0.811961   0.851824   0.660982   0.729248   0.670963   0.535154   0.679331   0.414592 1
   0.80901   0.874349   0.813369   0.861318   0.816793   0.853837   0.672935   0.752711   0.683814   0.556072   0.692553   0.442814 0.997999
  0.812399   0.876416   0.818069   0.862877   0.821284   0.856571   0.682256   0.782317   0.696647   0.577552   0.704904   0.481954 0.865779
  0.817473   0.878316    0.82275   0.864499   0.825921   0.858619   0.696126   0.808741   0.709433    0.59999   0.717601    0.51078 0.683239
  0.821346    0.88029   0.827317   0.866392   0.830195   0.861057   0.706749   0.836766   0.721929   0.626512   0.729344   0.545584 0.83754
  0.826437   0.882679   0.831755   0.868585   0.834162   0.862468     0.7207   0.870512   0.734099   0.657582   0.740182   0.565139 0.700463
  0.830477   0.883866    0.83615   0.870882   0.838088   0.863784   0.731722    0.88668   0.746159   0.690231   0.750904    0.58328 0.674687
  0.835653   0.884757    0.84069   0.872825   0.842704   0.865453   0.745797   0.897985   0.758586   0.717526   0.763516   0.606449 0.609456
  0.840409   0.886107   0.845424   0.874289   0.847572   0.866568   0.758767   0.916326   0.771505   0.737566   0.776774   0.621217 0.718745
  0.844754    0.88731   0.850162   0.875729   0.851915   0.867596   0.770614   0.932622   0.784434   0.757257   0.788603   0.634907 0.777019
  0.849588    0.88859   0.854807   0.877417   0.856368   0.868948    0.78379   0.949882   0.797125   0.780689   0.800753   0.653392 0.674824
  0.854547   0.889492   0.859376   0.879325   0.860288   0.869921   0.797278   0.961435   0.809629   0.807448   0.811433   0.666401 0.654819
  0.858988   0.890336   0.864045   0.880965   0.865982   0.870286   0.809359   0.972314   0.822386   0.830156   0.826871   0.669636 0.723038
  0.864396   0.891198   0.868864   0.882127   0.869294   0.871222    0.82406   0.983093   0.835513   0.845649   0.835905   0.682352 0.716093
  0.871152   0.891449   0.873745   0.882927    0.87224   0.871966   0.842365   0.984213   0.848781   0.855713   0.843931   0.692328 0.423476
  0.877606   0.891257    0.87867   0.883369   0.878291   0.871985   0.859825   0.978815   0.862145   0.860389   0.860314   0.690234 0.760336
  0.884836   0.891138   0.883627   0.883434   0.883691   0.871824   0.879388   0.974198   0.875569   0.859429   0.874919   0.685717 0.589564
  0.889614   0.891132   0.888568   0.883152   0.889189   0.871655   0.892321   0.972248   0.888925   0.853274   0.889792   0.681042 0.417368
  0.894679   0.890834   0.893479   0.882576   0.893572   0.871269   0.906011   0.965805   0.902177    0.84274   0.901629   0.673553 0.702139
  0.899235   0.889831   0.898374   0.881831    0.89742   0.870512   0.918274   0.949014   0.915376   0.829678   0.911991   0.660723 0.650214
  0.905817   0.889727   0.903287   0.881214   0.902104   0.870038   0.936083   0.944887   0.928631   0.818524   0.924636   0.651798 0.506049
  0.912176   0.889153   0.908196   0.880603   0.906195   0.869415   0.953256   0.933806   0.941877   0.807456   0.935669   0.640881 0.813848
  0.915492   0.888027   0.913006   0.879413   0.909436   0.868478   0.962154   0.915674   0.954814   0.787774   0.944374   0.625584 0.930539
  0.922058   0.885402   0.917542   0.877439   0.912319   0.867811   0.979742   0.873829   0.966952   0.756474   0.952131   0.614477 0.753204
  0.924896    0.87935   0.921708    0.87477   0.916038   0.867082   0.986994   0.782177   0.978041   0.714914   0.962147   0.602118 0.366871
  0.927179   0.873838   0.925641   0.871754   0.923553   0.867142   0.992785   0.698825   0.988473   0.668256   0.982494   0.600076 0.444396
  0.929469   0.868621   0.929469   0.868621   0.929469   0.868621   0.998615   0.619891   0.998615   0.619891   0.998615   0.619891 0
