54
  0.497223   0.387134   0.497223   0.387134   0.497223   0.387134 -0.000751547   0.783147 -0.000751547   0.783147 -0.000751547   0.783147 0
  0.501906   0.384005   0.498209   0.382411   0.493202   0.381325  0.0149402    0.89397  0.0178679    0.78156  0.0177931   0.635873 0.688073
  0.505675   0.377169   0.499233   0.377356   0.492768   0.378082  0.0438425   0.956682  0.0377709   0.778972  0.0296517   0.603942 0.99778
  0.507285   0.370446   0.497904   0.372515   0.492619    0.37289  0.0705207   0.960124   0.054911   0.712379  0.0490954   0.567958 0.940017
  0.507528   0.368122   0.497529   0.367631   0.492152   0.367124  0.0794796   0.952632  0.0730044   0.672012  0.0704376   0.519615 0.870436
  0.509372   0.362911   0.498908   0.362818   0.492827   0.362082   0.100658   0.971868  0.0922921   0.680764  0.0900017   0.507416 0.999327
  0.510329   0.358487    0.49992   0.357958   0.493154   0.356602   0.118126    0.97128   0.111452   0.679048   0.110931   0.482881 0.999097
  0.511153   0.354618   0.500064   0.352978   0.493585     0.3522   0.133395   0.970438    0.13034   0.652516   0.127877   0.467853 0.998584
  0.512226   0.350272   0.499934   0.347993    0.49426   0.348235   0.150668   0.973554   0.149021   0.618305   0.143383   0.462257 0.997242
  0.512959   0.345866   0.500171   0.343026   0.494925   0.343853   0.167885   0.966895   0.167936   0.594433   0.160453    0.45384 0.994712
  0.513271   0.340443   0.500774   0.338079   0.495056   0.338491   0.188581   0.942277   0.187085   0.580819    0.18077   0.424591 0.961254
  0.514026   0.335879   0.501552    0.33316   0.495382   0.333048   0.206411   0.935244   0.206272   0.572249   0.201556   0.400248 1
   0.51461   0.331221   0.503115    0.32841   0.495588   0.326922   0.224454   0.922883   0.225475   0.586513   0.224815   0.368407 1
  0.514586   0.324035    0.50372   0.323507   0.495828   0.321383   0.251516   0.878143   0.244456   0.573227   0.245891   0.341076 1
  0.514904   0.318421   0.504429   0.318572   0.496295   0.316663    0.27294   0.852533   0.263645   0.562639   0.264068   0.325084 1
  0.515206   0.312741   0.504937   0.313624   0.497171   0.312635   0.294595   0.826069   0.282719   0.546389   0.279978   0.324693 1
  0.515859   0.308777   0.505616   0.308691   0.497677   0.308594   0.310081   0.819896   0.301875   0.534965    0.29563   0.313971 0.999178
  0.516759   0.305092   0.506109   0.303736   0.498268   0.304341   0.324719   0.822275    0.32096   0.518268    0.31215   0.304283 1
  0.516678   0.299511   0.506625   0.298784   0.498393   0.298335   0.345686   0.785796   0.340055   0.502217   0.334888   0.270906 1
  0.517389   0.295274   0.507657   0.293909   0.498578   0.292772   0.362245    0.77953   0.359284   0.500957   0.356011   0.241934 1
  0.517659   0.289146   0.508361   0.288987   0.498928   0.287094   0.385564   0.749456   0.378421   0.490321   0.377702   0.216803 1
  0.518375   0.284451    0.50837   0.283999   0.499462   0.282852   0.403855   0.740531   0.397228   0.459958   0.394133   0.205603 1
   0.51895   0.279441   0.508322   0.279026   0.499979   0.278038   0.423217   0.725735   0.415932   0.428138   0.412706   0.190443 1
  0.519446     0.2751   0.508337   0.274041   0.500407    0.27279    0.43999   0.712882   0.434732   0.397976   0.432841   0.170133 1
  0.519995   0.269788   0.508332   0.269063   0.500913   0.267511   0.460466   0.695561   0.453487   0.367307   0.453158   0.151803 1
  0.520498   0.264983   0.508332   0.264082   0.501781   0.264221   0.478994   0.680031   0.472262   0.336742   0.466282    0.15571 1
  0.521029   0.260267   0.508284   0.259102    0.50217   0.258906    0.49721    0.66586   0.490987   0.304863   0.486636   0.133919 1
  0.521404   0.254972   0.508425   0.254124   0.502649    0.25317   0.517481   0.643768   0.509868    0.27824   0.508652   0.112013 1
  0.522042   0.250953   0.509444    0.24925   0.503276   0.248479   0.533158   0.636834   0.529084   0.276622   0.526854   0.100644 1
  0.522594   0.246455   0.510424   0.244362   0.503662   0.242283   0.550571   0.624562   0.548323   0.273848    0.55053  0.0733661 0.996746
    0.5232   0.241897   0.511449   0.239501   0.504168   0.236507   0.568252   0.613436   0.567498   0.272499   0.572719  0.0519789 0.999943
  0.523691    0.23629   0.512918   0.234732   0.505021   0.231815   0.589792   0.592674   0.586695   0.284007    0.59111   0.046878 1
  0.523981   0.230122   0.513541     0.2298   0.505805   0.226816   0.613282   0.562884   0.605799   0.271053   0.610607  0.0379811 1
  0.524407   0.225371   0.513994   0.224835   0.506832   0.222088   0.631541   0.545561   0.624891   0.253167   0.629279  0.0374929 1
  0.525397   0.221918   0.515045   0.219973   0.508074   0.217071   0.645381   0.551881   0.644091   0.252533   0.649223  0.0411986 0.834738
  0.526246   0.217239   0.516079   0.215095   0.509079   0.212232   0.663722   0.546739   0.663336   0.251313   0.668297  0.0394204 0.809108
  0.526848   0.211644    0.51731   0.210275   0.510269   0.209135    0.68531   0.529124   0.682525   0.255946    0.68096  0.0534525 0.575753
  0.528411   0.207347   0.519065   0.205612   0.511788   0.204183   0.702805   0.546172   0.701561    0.27606   0.700887  0.0652553 0.489089
  0.529542   0.203954   0.520971    0.20101   0.513587   0.199195   0.716534   0.556768   0.720493   0.300728   0.721183  0.0845966 0.459122
  0.530655    0.19962   0.523066   0.196501   0.515996   0.193645   0.733794   0.561076    0.73923    0.33124   0.744105   0.117433 0.303355
   0.53345   0.195855   0.525488   0.192165   0.517964   0.188641   0.750311   0.615588   0.757589   0.371901   0.764604   0.141387 0.594605
  0.535263   0.191506   0.527089   0.187422   0.520309   0.183668   0.768212   0.639245   0.776798    0.38725   0.785302   0.175965 0.58909
  0.537966    0.18634   0.529582   0.183094   0.522005   0.180238   0.789932   0.682589   0.795184   0.429926   0.799639   0.202015 0.801063
  0.540076   0.182077   0.531636   0.178567   0.523529   0.175846   0.807757   0.715027   0.813956   0.459159   0.817461   0.217411 0.446943
  0.542477    0.17749   0.533495   0.173947   0.526687     0.1703   0.827044   0.753535   0.832916   0.482447   0.840994    0.27105 0.858584
  0.545634   0.172141   0.535752   0.169502   0.528758   0.166447   0.849832   0.808383   0.851548   0.517825   0.857239   0.304903 0.886874
  0.547547   0.168641   0.538624   0.165447   0.530438   0.162172   0.864617   0.840031   0.869223   0.572687   0.874751   0.325329 0.831956
  0.549376   0.164328   0.541887   0.161662   0.532847    0.15844   0.882394   0.864344   0.886205   0.640088    0.89082   0.369338 0.84218
  0.551961   0.159185   0.544446   0.157428   0.534521   0.155379    0.90393   0.904564   0.904294   0.685143   0.903751   0.397037 0.834984
   0.55452   0.154915   0.545873   0.152627   0.537195   0.150348   0.922152   0.949417   0.923576   0.695325    0.92494   0.440393 0.827773
  0.555316   0.151953   0.546881   0.147768    0.53949   0.146517    0.93398   0.953352   0.942728   0.693504   0.941289   0.480624 0.535419
  0.555526   0.140321   0.547466   0.142815   0.542664   0.140718   0.977993   0.887843   0.961882   0.679357   0.965786   0.533159 0.330983
  0.554547   0.138087   0.547419   0.137833   0.544422   0.137125   0.985599   0.846938   0.980621   0.647497   0.980793   0.559942 0.0231947
  0.547498   0.132855   0.547498   0.132855   0.547498   0.132855   0.999448   0.619151   0.999448   0.619151   0.999448   0.619151 0
