21
  0.603964   0.317218   0.603964   0.317218   0.603964   0.317218 -2.4298e-005   0.424847 -2.4298e-005   0.424847 -2.4298e-005   0.424847 0
  0.610169   0.319538   0.608985   0.315346   0.605196    0.31038   0.044062   0.612205  0.0495796   0.436938   0.035856   0.190474 0.54237
  0.616102   0.320545   0.613928   0.313232   0.609896   0.306431  0.0907199   0.746308  0.0994278   0.438752  0.0904504   0.120005 0.920882
  0.623944   0.319096   0.618083    0.30974   0.614246   0.303756   0.162717   0.820045   0.147697   0.376467   0.137342   0.091293 0.874586
    0.6263   0.318285   0.622719   0.307645   0.620001   0.300646   0.185744   0.828235   0.194866   0.373953   0.197783  0.0692673 0.896185
   0.63146   0.316415   0.627913   0.306184   0.623958   0.298887    0.23652   0.842625   0.244413   0.404167   0.237931  0.0682257 0.964548
   0.63645     0.3149   0.633116   0.305222   0.629229   0.296715   0.284542    0.86749   0.292186   0.453065   0.290783   0.073207 0.959127
  0.641359   0.313294   0.638359    0.30412   0.635002   0.294783   0.332206   0.887682   0.340812   0.497435   0.347005   0.095304 0.95622
  0.646073   0.311664   0.643344   0.302125   0.639438   0.293515   0.378306   0.903752   0.390579   0.504338   0.389394   0.120327 0.993833
  0.651639   0.309685   0.648194   0.299839   0.645052   0.291123   0.432935   0.920738   0.440266   0.498238    0.44597   0.122738 0.98214
  0.656689   0.307667   0.652838   0.297147   0.650048   0.288721   0.483336   0.927825   0.489715   0.473676   0.497335   0.114669 0.9685
  0.661483   0.305755   0.658044   0.295885   0.654079   0.286779   0.531163   0.934723   0.538627    0.51146    0.53879   0.108057 0.941802
  0.666599   0.303595   0.662536   0.292924   0.659293   0.283922   0.582646   0.937648   0.587794   0.474393   0.593699  0.0866196 0.915957
  0.672031   0.301219    0.66708   0.290097   0.664691   0.281842   0.637616   0.937663   0.636894    0.44317   0.647278   0.097084 0.983055
  0.676489   0.299434   0.671812   0.287575   0.670391   0.279416   0.682122   0.943821   0.686461    0.42638   0.704716  0.0996038 0.986635
  0.680689    0.29767   0.676388   0.284794   0.674199    0.27739   0.724354   0.946577   0.735665   0.397383   0.744592  0.0862305 0.945254
  0.685535   0.295412   0.681397   0.282846   0.678443   0.275311   0.773909   0.941447   0.785454   0.406453   0.788366   0.077956 0.978783
   0.69019   0.293057   0.686549   0.281371   0.684387   0.272764   0.822204   0.929595   0.834698   0.435432   0.848328   0.079925 0.951121
   0.69515   0.290287   0.691696   0.279871   0.689176   0.270959    0.87463    0.90725   0.883995   0.463382   0.895711  0.0907155 0.923224
  0.700138   0.286635   0.696711   0.277961    0.69626    0.27107   0.930569   0.852562   0.933695   0.473966   0.955473    0.21019 0.183195
  0.701686   0.275959   0.701686   0.275959   0.701686   0.275959   0.983395   0.480462   0.983395   0.480462   0.983395   0.480462 0
