24
  0.703841   0.335695   0.703841   0.335695   0.703841   0.335695     1.0026   0.504043     1.0026   0.504043     1.0026   0.504043 0
  0.695888   0.324807   0.698721   0.336855   0.701718   0.351074   0.956785   0.141655   0.958699   0.505643   0.958128   0.933056 0.421913
  0.695888   0.324807   0.693602   0.338023   0.697409    0.35276   0.956785   0.141655   0.914795   0.507488   0.919931   0.954836 0.99018
  0.685628   0.324392   0.688521   0.339344   0.689387   0.353114   0.873641  0.0661146   0.870933   0.513962   0.853728   0.915251 0.994392
    0.6808   0.324685     0.6834   0.340483   0.684717   0.353425   0.833657   0.044582   0.827058   0.514935   0.815008   0.895243 0.978938
  0.675487    0.32622   0.678121   0.340623   0.678446   0.353881   0.787517  0.0557825   0.783657   0.486232   0.762938   0.869449 0.991996
  0.669909   0.328086   0.673099   0.341889   0.675054   0.355262   0.738635  0.0748475   0.740372   0.491504   0.732774   0.888114 0.974593
  0.664057   0.330324   0.668136   0.343647   0.671095   0.356308   0.686847   0.102896   0.696699   0.511276   0.698569   0.893647 0.956412
  0.659221    0.33201   0.663181   0.345376   0.666326   0.357576   0.644339    0.12139    0.65315   0.530265   0.657348   0.900537 0.964076
  0.654341   0.333858   0.658125   0.346775   0.661814   0.358706   0.601192   0.144242   0.609352   0.539117   0.618468   0.905035 0.936985
  0.650125    0.33535    0.65305   0.348129    0.65703   0.359737   0.564098   0.161024   0.565473   0.546562   0.577545   0.905033 0.866865
  0.644392    0.33704   0.648205   0.350149    0.65186   0.360844   0.514252   0.174052   0.522306   0.574596   0.533328   0.904796 0.93161
  0.639742   0.338569   0.643128   0.351481   0.646127   0.361931   0.473541   0.189177   0.478451   0.581435   0.484546   0.900482 0.982906
  0.635259   0.339927   0.637989   0.352553   0.641205   0.362948   0.434498   0.200417    0.43455   0.580373   0.442511   0.899214 0.988867
  0.630109   0.342002   0.632907   0.353864   0.635829   0.364181   0.388736    0.22815     0.3907   0.586564   0.396396   0.901332 0.985834
  0.624002   0.344721   0.627967   0.355646   0.630654   0.365429   0.334019   0.268442   0.347172   0.607167   0.351892   0.905102 0.999343
  0.619614   0.346682   0.622948   0.357179   0.625953   0.366509   0.294691   0.297618   0.303445   0.620099   0.311551   0.907014 0.982076
  0.614349   0.348724   0.617808     0.3583   0.621241   0.367717   0.248051   0.323687   0.259447   0.620466   0.270905   0.912504 0.979092
  0.609303   0.350871   0.612845   0.359918   0.616779   0.369362    0.20302   0.354126   0.216022   0.636199    0.23153    0.93215 0.987182
  0.604464   0.352783      0.608    0.36193   0.611519   0.371367   0.160089   0.379092   0.172864   0.664009   0.184995    0.95716 0.995238
  0.599558   0.355274   0.603111   0.363809   0.606561   0.372354   0.115591   0.420284   0.129584   0.687728   0.142722   0.954809 0.992233
  0.595263   0.358335   0.598256   0.365808   0.601047   0.373322  0.0750826    0.48167  0.0863785   0.715098  0.0959391   0.948429 0.985504
  0.590099   0.364462   0.593464   0.367894   0.593883   0.371937   0.022064   0.625803  0.0435248   0.745348  0.0398228   0.864184 0.556537
  0.589013    0.37073   0.589013    0.37073   0.589013    0.37073 0.00214162   0.799274 0.00214162   0.799274 0.00214162   0.799274 0
