70
  0.507767   0.645807   0.507767   0.645807   0.507767   0.645807    1.00105   0.101645    1.00105   0.101645    1.00105   0.101645 0
  0.510144   0.639499    0.50552   0.641857   0.500265    0.64522   0.976406  0.0647767   0.983051   0.118868   0.993451   0.181552 0.415076
  0.511708   0.632074   0.503235   0.637895   0.491196   0.645283   0.946542  0.0346789   0.964976   0.136469   0.987482   0.279514 1
  0.511552    0.62557   0.500653    0.63414   0.489541   0.643955   0.919338  0.0247948   0.947554   0.157641    0.98081   0.295017 0.986162
  0.509855   0.618056   0.497498   0.630872    0.48787    0.64284   0.886864  0.0297277   0.931768   0.185873   0.975017   0.311056 1
  0.504359    0.61445   0.493858   0.628111    0.48425   0.640849   0.868062  0.0826087   0.917764   0.220228   0.964233   0.346574 0.993748
  0.499606    0.61081   0.489874   0.625899   0.480505   0.639366    0.84963   0.127424   0.905812   0.259279   0.955481   0.384342 0.989793
  0.494215   0.609537    0.48572   0.624045    0.47735   0.638314   0.840621   0.183319    0.89523   0.300805    0.94893   0.416513 1
  0.490041   0.607705   0.481557   0.622167   0.473776   0.637116   0.830119   0.225105   0.884545   0.342387   0.941484   0.452942 0.968789
  0.485086   0.604938   0.477264   0.620661   0.470113   0.635757   0.815188   0.273644   0.875321   0.386028   0.933302    0.49005 0.953839
   0.48125    0.60387   0.472871   0.619451   0.465856   0.633709     0.8081   0.313134   0.867259   0.431271   0.921843   0.532344 0.991158
  0.477042   0.601732   0.468553   0.618021   0.462451   0.631122   0.796302   0.354733   0.858334   0.475316   0.908725   0.564477 0.987289
  0.473319   0.599883   0.464328   0.616328   0.458096   0.628749    0.78604   0.391608   0.848374   0.517894   0.895845   0.607241 0.984476
  0.470015   0.597852   0.460141   0.614504   0.454471   0.626903   0.775306   0.423642     0.8379   0.559824   0.885661   0.643076 0.976942
  0.466536   0.595498   0.456092   0.612431   0.449824   0.625171   0.763108   0.456992   0.826481    0.59982   0.875255   0.690128 0.977668
  0.463062   0.593424   0.452428   0.609719   0.443926   0.622248   0.752078   0.490789   0.812663    0.63453   0.859022   0.748574 0.973968
  0.460122   0.591406   0.448747   0.607024   0.439543   0.619779   0.741648   0.518914   0.798906   0.669453   0.845719   0.791472 0.981884
  0.457562   0.589105   0.444888   0.604611   0.436782   0.617418   0.730302   0.542452   0.786196   0.706798   0.833985   0.817059 0.999356
  0.455531   0.586408   0.441086   0.602101   0.431569   0.612899   0.717671   0.559566   0.773126    0.74335   0.811578   0.865268 1
  0.453076   0.584108    0.43744   0.599362   0.428167   0.609356   0.706401   0.581954    0.75921   0.777823   0.794477   0.895661 1
  0.450598   0.582964   0.433992   0.596383   0.424075   0.603616   0.699929   0.606655   0.744426   0.809722    0.76775   0.929601 1
  0.448919   0.582278   0.430851   0.593093    0.42091   0.597964   0.695918   0.623557   0.728562   0.837761   0.742023   0.953697 1
  0.447635   0.581666   0.428313   0.589286   0.418579   0.591821   0.692487   0.636317   0.710956    0.85837   0.714827   0.967905 1
  0.447399   0.580406   0.426959    0.58496   0.416631   0.586176   0.687073   0.636619      0.692   0.865282   0.689971   0.978881 1
  0.447484   0.578117   0.427031   0.580394   0.414946   0.580475   0.677594   0.631634   0.673025   0.856375   0.665058   0.986922 1
  0.447648   0.576095   0.428285   0.576013      0.415   0.573632   0.669283   0.626261   0.655636    0.83505   0.636583   0.974156 0.998658
  0.447946   0.574732   0.430396   0.571981   0.417094   0.567156   0.663811   0.620622   0.640284   0.805092   0.611042   0.940041 0.998695
  0.448566   0.573197   0.432821   0.568116   0.418696    0.56152   0.657841   0.611197    0.62585   0.772049   0.588661    0.91272 1
  0.449876   0.570803   0.435244    0.56426   0.420859   0.556493   0.648765   0.592805   0.611446   0.739045   0.569203   0.880434 0.975544
  0.451437   0.568449   0.438031   0.560654   0.423392   0.551108   0.640032   0.571769   0.598339    0.70255   0.548505   0.843516 0.987453
  0.453143   0.566901   0.441333   0.557519   0.426715   0.546144   0.634754   0.550614   0.587547   0.661338   0.530106   0.798829 1
  0.456346   0.564808    0.44505   0.554875   0.431501   0.541571   0.628235   0.512329   0.579084   0.616533   0.514343   0.739048 1
  0.460183   0.562952   0.448934     0.5525   0.435637   0.537784   0.623137   0.467618   0.571858   0.570394   0.501408   0.687682 0.93918
  0.464435   0.561362   0.452772   0.550036   0.439908   0.535095   0.619436    0.41891    0.56423   0.524594   0.493137   0.636806 0.957215
  0.468542   0.559267    0.45635   0.547218   0.443974   0.532413   0.613528   0.370866   0.554951   0.480976   0.484761   0.588165 1
  0.473459   0.556392   0.459613   0.544039   0.448369   0.531501   0.604928   0.312697   0.543946   0.440109   0.483981   0.539114 1
  0.478476   0.552216   0.462859   0.540834   0.451094   0.529167   0.590978   0.251131   0.532824    0.39938   0.476128   0.505561 1
  0.481195   0.549528   0.466289   0.537842   0.454037   0.527154   0.581649   0.217005   0.522715   0.357044   0.469765   0.470226 1
  0.484991   0.544832   0.469776    0.53491   0.456687   0.525097   0.564691   0.167682   0.512893   0.314202   0.463015   0.437972 1
  0.487967   0.540287   0.472845   0.531532    0.45959   0.523844   0.547798   0.127491   0.500929   0.275067   0.459787   0.404415 1
  0.490972   0.534466   0.475051    0.52755   0.461092    0.52293    0.52561  0.0847067   0.485853   0.244178   0.457014   0.386576 1
  0.493365   0.526996   0.476138   0.523134   0.462029   0.520597   0.496133  0.0455873   0.468202   0.224597   0.447937   0.372322 1
  0.494676   0.519513   0.476239   0.518578   0.462314   0.517421   0.465858  0.0181222   0.449289   0.215395   0.434897   0.363591 1
  0.493387   0.512502   0.475962   0.514011   0.462239   0.515443   0.435759  0.0195494   0.430073   0.210254   0.426607   0.360882 1
  0.492001    0.50553   0.474922   0.509613   0.461183   0.513885   0.405758  0.0221031    0.41103   0.213649    0.41939   0.369504 1
  0.489881   0.500704   0.472803   0.505543   0.459413   0.511438   0.384194  0.0363823   0.392617   0.229266   0.407976   0.384238 1
  0.485267   0.495317   0.470123   0.501867   0.457399   0.509262   0.358579  0.0765819    0.37546    0.25164   0.397529   0.402097 1
  0.480755   0.490775   0.467016   0.498554   0.455637   0.507548   0.336553   0.117179   0.359523   0.279273   0.389177    0.41806 1
  0.476441   0.486467   0.463851   0.495265     0.4522   0.504481   0.315639    0.15607   0.343641   0.307571   0.374035   0.449692 1
  0.471437   0.482754   0.460942   0.491754   0.449599   0.501971   0.296729   0.203444   0.327018   0.332707    0.36179   0.473286 1
   0.46763   0.480195     0.4576   0.488676   0.446913   0.499178   0.283453   0.239971   0.311894   0.363289   0.348305   0.497292 1
  0.463174   0.477237   0.454048   0.485794   0.443429   0.494769   0.268065   0.282787   0.297447   0.396486    0.32754    0.52704 1
  0.460658   0.474727   0.450748    0.48266   0.440297   0.491049   0.255876    0.30547   0.282121   0.426518   0.309888    0.55422 1
  0.456762   0.472358   0.447511   0.479464   0.437012   0.486754   0.243331   0.343294   0.266578   0.455758   0.289739   0.582014 1
  0.454384    0.46982   0.444115   0.476406   0.434018   0.482899   0.231121   0.364428   0.251506   0.486956   0.271618   0.607465 1
  0.452288    0.46722   0.440862   0.473224   0.430974   0.477782   0.218848    0.38242   0.236012   0.516398   0.248208   0.631203 1
  0.450469   0.464356   0.438336   0.469439   0.427996   0.472331   0.205666   0.396958   0.218503   0.536912   0.223448   0.653636 1
  0.448429   0.461321   0.436386   0.465312   0.425974   0.467311   0.191617   0.413562    0.19997   0.550613   0.201144   0.666519 1
  0.447784   0.459287    0.43492   0.460995   0.424788   0.463194   0.182702   0.416896   0.180975   0.558739   0.183174   0.671986 1
  0.447871   0.456231   0.434192   0.456511   0.423705   0.457853   0.170028   0.410528   0.161792   0.558624   0.160178   0.674169 1
  0.448326   0.453823   0.434702   0.451983   0.423997   0.449891   0.160306   0.401331   0.143276   0.545063   0.127203   0.656843 0.947164
  0.449472   0.451506   0.436169    0.44765   0.425329   0.444123    0.15144   0.384842   0.126234   0.521522   0.104086   0.632198 0.944429
   0.45126   0.448541   0.438096   0.443542   0.426785   0.439273   0.140314   0.360269   0.110441   0.493417  0.0848806   0.607862 0.997078
  0.453005   0.446062   0.440207   0.439488    0.42879   0.434195   0.131187   0.337033  0.0950019   0.463419  0.0651005   0.577191 0.858123
  0.455122   0.443151   0.442598   0.435617   0.432273   0.429163   0.120513   0.309005  0.0805152   0.430727  0.0465296   0.530648 0.837445
  0.458037   0.440729   0.445266   0.431925   0.435238   0.424807   0.112426   0.273236  0.0669651   0.395377  0.0304181   0.490903 0.703436
  0.459888   0.434123    0.44785    0.42817   0.437656   0.422837  0.0861727   0.241514  0.0530986   0.360806    0.02387   0.461313 0.906457
  0.457569   0.426331   0.449651   0.423993   0.441499   0.420827  0.0521128   0.252662  0.0369311   0.333937  0.0181384   0.416263 0.837848
  0.454664   0.420515   0.450841   0.419569   0.445577     0.4182  0.0258859   0.273661  0.0193182   0.313227 0.00999349   0.367584 0.265615
  0.451828   0.415138   0.451828   0.415138   0.451828   0.415138  0.0015337   0.294685  0.0015337   0.294685  0.0015337   0.294685 0
