65
  0.756212   0.621897   0.756212   0.621897   0.756212   0.621897   0.994452   0.474828   0.994452   0.474828   0.994452   0.474828 0
  0.762251   0.614883   0.754962   0.617292    0.74494   0.620726   0.964777   0.404498   0.973328   0.484826   0.985635   0.595356 0.73247
  0.764886   0.608642   0.753546   0.612722   0.741291   0.617207   0.937505   0.371418   0.952307    0.49663   0.968642    0.63201 0.890769
  0.761091   0.602961   0.751561   0.608385   0.739802    0.61571   0.910736   0.408013   0.932157    0.51475   0.961435   0.646926 0.942603
  0.758196   0.596586   0.748772   0.604505    0.73759   0.614015   0.881124    0.43439   0.913809   0.541864   0.953105    0.66947 0.95347
  0.756141   0.592169   0.745522   0.601005   0.733557   0.611334   0.860588     0.4532   0.897029   0.574238   0.939766   0.710891 0.956093
  0.753451   0.587614   0.742501   0.597301   0.729551   0.606986   0.839233   0.478743   0.879401   0.603982    0.91893   0.750766 0.963397
  0.750596   0.583727   0.739406   0.593671    0.72684   0.602816   0.820837   0.506571   0.862085   0.634593   0.899303   0.776823 0.972704
  0.747562   0.579648    0.73598   0.590346   0.724261   0.599304   0.801515   0.536177   0.846037   0.668992   0.882676   0.801959 0.973885
  0.745612   0.576427   0.732474   0.587101   0.720821   0.594665   0.786401    0.55476   0.830323   0.704305   0.860707   0.835517 0.981649
  0.743726   0.572682   0.728922   0.583916   0.717219    0.59043   0.768948   0.572253   0.814863   0.740168   0.840507   0.871129 0.980522
  0.742246   0.569454   0.725636   0.580435    0.71409   0.584665   0.753949   0.585758   0.798159   0.772946   0.813566   0.900493 0.986942
  0.741023   0.566252   0.723228   0.576348   0.712056     0.5806   0.739144   0.596523      0.779   0.795801   0.794627   0.919338 0.988317
  0.740048    0.56458   0.721895   0.571739   0.710442   0.577228    0.73131   0.605761    0.75783   0.806688   0.778935   0.934182 0.996294
  0.739325   0.561228   0.720752   0.567093   0.708728   0.572034   0.715993   0.611028    0.73655   0.815495   0.755014   0.948731 0.999529
  0.738554   0.558559    0.71911   0.562638   0.706791   0.566784   0.703735   0.617323   0.715978    0.82983   0.730764    0.96564 0.999344
  0.737641   0.555459   0.717151   0.558255   0.705009   0.561925   0.689489   0.624828   0.695626   0.847627   0.708328   0.981178 0.993665
  0.737191   0.551947   0.715745   0.553706    0.70407   0.555137   0.673533   0.627026   0.674703   0.859347   0.677471    0.98618 0.992555
  0.736464   0.548763   0.715513   0.548937   0.703207   0.549444   0.658973   0.632456    0.65316    0.85826   0.651568   0.991187 0.998163
  0.736013   0.546255   0.715506   0.544149   0.702956   0.540249   0.647538   0.635425   0.631601    0.85473   0.610089    0.98697 0.992918
  0.735863   0.543387   0.715768    0.53939   0.703654   0.532143   0.634576   0.634879   0.610256   0.848318   0.573814   0.973339 0.994239
  0.735888   0.539698    0.71703   0.534792   0.705331   0.525971   0.617978   0.631837   0.589952   0.831268   0.546554   0.950629 0.990795
  0.736116   0.537199   0.719666   0.530787   0.707561   0.519248   0.606796   0.627494   0.572749   0.799851   0.516988   0.921551 0.999368
  0.736376   0.535359   0.723376   0.527819   0.709975    0.51505   0.598595   0.623318   0.560556   0.757659    0.49885   0.892393 0.990064
  0.736682   0.534701   0.727659   0.525663   0.716892   0.510964    0.59573   0.619516   0.552196     0.7099   0.482628   0.814808 0.989917
  0.737988   0.534379   0.732225   0.524289   0.725516   0.510085   0.594689   0.605208    0.54745   0.659692   0.481386    0.72125 0.985691
  0.741947   0.534227   0.736982   0.523883   0.733755   0.510756   0.595252   0.562457   0.547117   0.608146   0.487002   0.633016 0.98883
  0.746837   0.534426   0.741759   0.523924   0.740462   0.511978   0.597688   0.509934   0.548805   0.556721   0.494617    0.56169 0.982623
  0.751334   0.534263   0.746535   0.523954   0.744563   0.512874   0.598368    0.46137   0.550446   0.505305   0.499939   0.518201 0.979879
   0.75602    0.53491   0.751311   0.523981   0.749653   0.513839   0.602755   0.411381   0.552069   0.453878   0.505887   0.464096 0.987886
  0.761898   0.535193   0.756084   0.524063   0.754231      0.515    0.60588   0.348291   0.553941   0.402527   0.512556   0.415662 0.987667
    0.7681   0.533825   0.760855   0.523726    0.75746   0.514835   0.601673   0.280447   0.553925   0.350883   0.512828   0.380753 0.984728
  0.772936    0.53254   0.765446    0.52247   0.757401    0.51399    0.59741   0.227401   0.549718    0.30049   0.509005   0.380752 0.846458
  0.779508   0.529748   0.769632   0.520127   0.757845   0.511913   0.586912   0.154505   0.540486   0.253631   0.499792   0.374404 0.987977
  0.784847   0.525699   0.772918   0.516691    0.75816   0.509394   0.570363  0.0939508    0.52605   0.215649   0.488552   0.369125 0.919613
  0.790261   0.517992    0.77467   0.512253   0.758282   0.506209   0.537365  0.0298332   0.506622   0.193435   0.474248    0.36541 0.923465
  0.791236   0.510628   0.775157   0.507474   0.758083   0.503279   0.504518  0.0137797   0.485259   0.184601   0.460995   0.365348 0.938294
  0.790503    0.50279   0.774323   0.502812   0.757793   0.500369   0.469001  0.0157782   0.464005   0.190065   0.447804   0.366274 0.964914
  0.789839    0.49463   0.772633   0.498314   0.757297   0.497605    0.43205   0.016784   0.443223    0.20488   0.435202   0.369532 0.962516
  0.788273   0.489942   0.771121   0.493798   0.756557   0.495401   0.410452  0.0301201   0.422417   0.217767   0.425047   0.375852 0.961166
  0.786652    0.48387   0.769694   0.489238   0.755201   0.492065   0.382605  0.0430074   0.401434   0.229709   0.409603   0.387938 0.984348
  0.785092   0.480468    0.76785   0.484834   0.753452    0.48814   0.366798  0.0572455   0.381025   0.246255   0.391381   0.403825 0.977659
  0.782488   0.474916   0.765887   0.480483   0.752154   0.484676   0.340982  0.0811155   0.360818   0.264123   0.375374   0.415198 0.978686
  0.781144   0.470844   0.764408   0.475935   0.750879   0.481576   0.322224  0.0925243    0.33988   0.276628   0.361015   0.426593 0.996028
   0.77801   0.464804   0.762863   0.471424   0.749896   0.478744   0.294046   0.121734   0.319081   0.289868   0.347958   0.435054 0.980059
  0.776636   0.460887   0.761028   0.467004    0.74855   0.475402   0.275976   0.133583   0.298606   0.306303   0.332487   0.447033 0.987294
  0.773568   0.455946   0.759357   0.462537   0.746399   0.470868   0.252765   0.162907   0.277968   0.320936   0.311397   0.466792 0.9893
   0.77185    0.45194   0.758036   0.457949   0.744399   0.467414   0.234189   0.178394   0.256895    0.33171   0.295215    0.48573 0.993894
  0.769706   0.447554   0.756109   0.453567    0.74231   0.463447   0.213767   0.198187   0.236559   0.349165     0.2767   0.505239 0.986013
  0.765667   0.442201    0.75285   0.450142   0.740108   0.459487   0.188395   0.237655   0.220112    0.38169   0.258177   0.525983 1
  0.760111    0.43693   0.748996   0.447234   0.737952   0.456123   0.162917    0.29353   0.205807   0.421014    0.24235   0.546667 0.996998
  0.754467   0.433099   0.745584   0.443947   0.735586   0.452911   0.143889   0.351445   0.189936   0.455288   0.227145   0.569729 0.97965
  0.750445   0.430166   0.742589   0.440202   0.732877   0.449329   0.129421    0.39256    0.17213   0.484728   0.210169   0.596214 0.884885
  0.746073   0.426936   0.739251   0.436793   0.730789    0.44643   0.113502   0.437213   0.155731   0.518117   0.196455   0.616518 0.793918
  0.742523   0.424999   0.735486    0.43386   0.728397   0.443537   0.103662   0.473996   0.141343   0.556467    0.18268   0.640107 0.732982
  0.737759   0.422571   0.731523    0.43119    0.72506   0.440423  0.0912341   0.523482   0.128073   0.597142   0.167608   0.673701 0.514602
  0.732095   0.419205   0.727519   0.428581   0.721394    0.43728  0.0742932   0.581947   0.115069   0.638304   0.152303   0.710831 0.542628
  0.728001   0.416717   0.723703    0.42572   0.717627   0.433901  0.0618057   0.624174   0.100984   0.677251   0.135904   0.748856 0.552932
  0.722835   0.413452   0.719961    0.42274   0.713949   0.430451  0.0454779    0.67736   0.086392   0.715315   0.119216   0.785872 0.396562
  0.719017   0.410547   0.715954   0.420172   0.711344   0.427965  0.0311985   0.716301  0.0735667   0.756538   0.107205   0.812061 0.337159
  0.715496    0.40746   0.711543   0.418302   0.708782    0.42507  0.0161923   0.751896   0.063761   0.802641  0.0933613   0.837476 0.49719
  0.711152   0.406284   0.707076   0.416623   0.705269   0.421966 0.00952944   0.797804  0.0547949   0.849492  0.0782816   0.872983 0.477659
  0.705812   0.406579   0.702584   0.415009   0.700072   0.417894 0.00917441   0.855543   0.046116   0.896659   0.058314   0.925892 0.392054
  0.699882   0.407406   0.698066   0.413441    0.69672   0.415141  0.0110344   0.920038  0.0376322   0.944148  0.0448611   0.959921 0.0935642
  0.693558   0.411878   0.693558   0.411878   0.693558   0.411878  0.0291756   0.991526  0.0291756   0.991526  0.0291756   0.991526 0
