57
 0.0358044   0.502126  0.0358044   0.502126  0.0358044   0.502126 0.00858094   0.563111 0.00858094   0.563111 0.00858094   0.563111 0
 0.0477577   0.507493  0.0384058   0.498981  0.0356037   0.496623  0.0386737   0.852239  0.0252055   0.531554  0.0207205   0.439682 0.329364
 0.0505058   0.507355  0.0412738   0.495797  0.0348339   0.488122  0.0487959   0.888665  0.0428729   0.502956  0.0378367    0.24238 0.883815
 0.0517011   0.506994  0.0449368   0.493874  0.0383025   0.482451  0.0539024   0.897913  0.0604296   0.513394  0.0634569   0.167912 0.790405
 0.0562353   0.502293  0.0486306   0.491975   0.039751   0.481156  0.0810556   0.859998   0.078041   0.524794  0.0716487   0.160329 0.885087
 0.0596229   0.498913  0.0515233   0.488972  0.0433734   0.477352   0.101035   0.834552  0.0953736   0.500517  0.0934533   0.128989 0.835491
 0.0641046   0.497163  0.0543544   0.485946  0.0469343    0.47425   0.121107   0.860539    0.11254   0.474859   0.113402   0.112122 0.975145
 0.0679414   0.495395  0.0578358   0.483594  0.0497638   0.472346   0.138922   0.876862   0.130451   0.473288   0.127941   0.111021 0.821503
 0.0706308   0.492703  0.0611102   0.481047  0.0538447   0.469939   0.154803   0.856483   0.148079    0.46449   0.148118   0.116863 0.608555
 0.0734874   0.489269  0.0643233   0.478381  0.0571761   0.467687   0.173015   0.822233   0.165768   0.452179   0.165262   0.115322 0.675954
 0.0768976   0.487123  0.0674199   0.475592  0.0601333   0.465643    0.19019   0.824166   0.183327   0.435533   0.180584   0.112984 0.716647
 0.0803104   0.484981  0.0704666   0.472752  0.0630672   0.463673   0.207366   0.826222   0.200829   0.417025   0.195651   0.111925 0.79711
 0.0835749    0.48394  0.0736706    0.47008  0.0655937   0.461826    0.22144   0.850271   0.218498   0.404476   0.208976   0.107723 0.901965
 0.0865302   0.481363  0.0771995   0.467872  0.0700735   0.459291   0.238002   0.836213   0.236242   0.406748   0.230875   0.116476 0.777688
 0.0886201    0.47931  0.0809033   0.465951  0.0732183   0.456998   0.250251   0.821235   0.253939   0.417822   0.247449   0.111371 0.825087
 0.0911595   0.476855  0.0845322   0.463908  0.0769084   0.453897   0.265044   0.803892   0.271656   0.425125   0.267853  0.0964003 1
 0.0956344   0.473904  0.0881536   0.461844  0.0809636   0.451371   0.287898   0.803461   0.289393   0.431885   0.288218  0.0992454 0.800578
  0.100915   0.470998  0.0916707   0.459605  0.0849834   0.449056   0.313521   0.815587   0.307168   0.433305   0.307962   0.106233 0.851098
  0.103914   0.468812  0.0948619   0.456928  0.0879979   0.447421   0.329323   0.810744   0.324802   0.420466   0.322534   0.113668 0.933757
  0.107902   0.467629   0.098019   0.454204  0.0905705    0.44562    0.34631   0.842038   0.342427   0.406087   0.335917   0.111123 0.923006
  0.110722   0.465649   0.101154   0.451461     0.0938   0.443213   0.360993   0.839131   0.360016   0.390985   0.353057   0.104748 0.65815
  0.113572   0.463145   0.104211   0.448625  0.0970066   0.441016   0.377009   0.825179   0.377545   0.372723   0.369627   0.102629 0.68578
  0.118004   0.460977   0.107379    0.44592   0.101185   0.438136   0.397877   0.841293   0.395163   0.358917   0.391257  0.0994893 0.62474
  0.120432   0.458039   0.110746    0.44346   0.105289    0.43627   0.413403   0.811763   0.412916   0.353361   0.410252    0.11752 0.924277
  0.122623   0.455863   0.114186   0.441108   0.109019   0.434715   0.426301   0.795524   0.430682   0.351179   0.427191   0.136985 0.772601
  0.126529   0.454091   0.117782   0.439004   0.112333   0.432167   0.444372   0.812756   0.448423   0.356709   0.444964   0.128715 0.733526
  0.130713   0.451877    0.12157   0.437262    0.11616   0.429511   0.464467   0.824318   0.466003   0.372913   0.464816   0.125453 0.888324
  0.134725   0.449723   0.125142   0.435122   0.119997   0.426772   0.483807   0.834714   0.483741   0.377269   0.484899   0.120503 0.866705
  0.138939   0.447954    0.12862   0.432817   0.124366   0.424209   0.502969   0.856423   0.501531   0.376715    0.50647   0.127073 0.81711
   0.14197   0.445216   0.132192   0.430678   0.128415   0.422056   0.520176   0.839923   0.519269   0.381096   0.525941    0.13799 0.824393
  0.144371   0.442648   0.135809     0.4286   0.131715   0.420164    0.53474   0.818139   0.537021   0.387493   0.542131    0.14392 0.843121
  0.148351    0.43931   0.139387   0.426466   0.134758   0.418518    0.55673   0.802117   0.554766    0.39208   0.556828   0.151526 0.781503
  0.150841    0.43634   0.142878   0.424193   0.138122   0.416229   0.572552   0.772779   0.572527   0.392385   0.574172   0.149657 0.781156
  0.154052   0.433319   0.146589   0.422287   0.141711   0.414077    0.59106   0.752693   0.590217   0.403886   0.592002   0.154015 0.804046
  0.157987   0.431662   0.150151   0.420128    0.14578   0.411861   0.608966   0.772859   0.607965   0.407709   0.611691   0.163862 0.772601
  0.161202   0.430145    0.15362   0.417813    0.14977   0.410286   0.623978    0.78576   0.625746    0.40676   0.629599   0.186612 0.81711
  0.163897   0.428034    0.15723   0.415736   0.152246    0.40841   0.638519   0.778178   0.643475   0.413065   0.642814   0.181056 0.974798
  0.166718   0.426323   0.161023   0.414007   0.156239   0.405882   0.652578   0.781197   0.661043   0.429634   0.662961    0.18298 0.738266
  0.171086    0.42475   0.164921   0.412531   0.160443   0.403633   0.671831   0.809417   0.678391   0.453243   0.683207   0.194037 0.841272
  0.175561   0.422707   0.168878   0.411222   0.164501   0.401545   0.692564    0.82887   0.695563    0.48135   0.702561   0.206521 0.828208
  0.178628   0.420474   0.172811   0.409849   0.168166   0.399282   0.708721   0.823959   0.712794   0.507715   0.720919   0.209552 0.721387
  0.182523   0.418692   0.176534   0.407965   0.172068   0.397284   0.726778   0.840826   0.730477   0.519863   0.739503   0.221784 0.887399
  0.187762   0.416978   0.180251   0.406085   0.176182   0.395011   0.749463   0.878472   0.748126   0.532014   0.759485   0.230995 0.929942
  0.191163   0.414943   0.183901   0.404073    0.17935   0.393653   0.766346   0.882694   0.765846   0.540321   0.773959   0.246723 0.793295
  0.194818   0.412948   0.187334   0.401708   0.181785   0.392299   0.784042   0.891434   0.783612   0.537787   0.785803    0.25201 0.82763
  0.197838   0.410244   0.190711    0.39927   0.184957    0.39053   0.801135   0.875538   0.801355   0.532826   0.801247   0.258777 0.922081
  0.200886   0.407727   0.194231   0.397032   0.188961   0.388086   0.817885   0.864144   0.819133   0.534313   0.821239   0.262677 0.852717
  0.203152   0.405313   0.197688   0.394712   0.192241   0.386082   0.831605   0.843776   0.836885   0.533111   0.837622   0.265868 0.978266
  0.205981   0.403007   0.200856   0.391995   0.196796   0.383525    0.84708   0.833844   0.854531   0.519043    0.85984    0.27521 0.901734
  0.209681   0.399939   0.204104   0.389391   0.201147   0.381755   0.867446   0.819733   0.872201   0.508605   0.879491   0.298883 0.876301
  0.213378   0.397516   0.207643   0.387183   0.204647   0.380215   0.886292   0.819724   0.889977   0.511021   0.895573   0.315383 0.906821
  0.217194   0.395118   0.211418   0.385422   0.207885   0.378045   0.905502   0.821941   0.907555   0.526607    0.91219   0.314306 0.889942
  0.219515   0.392824   0.215262   0.383803   0.211143   0.375864   0.919141    0.80499   0.925047   0.546309   0.928905   0.313276 0.841272
  0.224882   0.389726    0.21888    0.38174   0.213741   0.374492   0.945519   0.814136   0.942772    0.55303   0.941376   0.320499 0.993295
   0.22785   0.383666   0.221864   0.378839   0.215548    0.37367   0.970265   0.723968   0.960191   0.532302   0.949742   0.328414 0.78659
   0.22769   0.376686   0.224103   0.375299   0.218464   0.372368   0.986001   0.568761   0.976448   0.486895   0.963182   0.341746 0.429826
   0.22602   0.371614    0.22602   0.371614    0.22602   0.371614   0.991893   0.433651   0.991893   0.433651   0.991893   0.433651 0
