102
  0.229542   0.718794   0.229542   0.718794   0.229542   0.718794   0.988189   0.986168   0.988189   0.986168   0.988189   0.986168 0
   0.22912   0.714546   0.226384   0.715826   0.223068   0.719319   0.985263   0.963821   0.972223   0.971193   0.956812   0.990386 0.590405
  0.226907   0.708322   0.223175   0.712918   0.220767   0.719002   0.973225   0.931426   0.956021   0.956543   0.945557   0.989227 0.800578
  0.224363   0.705329   0.219877   0.710114   0.215335   0.716136   0.960237   0.916178   0.939406   0.942463   0.918554   0.975295 0.947514
  0.220889   0.702544    0.21651    0.70739    0.21132   0.713341   0.942773   0.902241   0.922472   0.928822   0.898456   0.961424 0.977688
  0.216798   0.697874   0.213106   0.704711   0.209028   0.711343   0.921918   0.878477   0.905369   0.915424   0.886899   0.951376 0.913757
  0.213822   0.694552   0.209658   0.702089   0.204911   0.709826   0.906763   0.861586   0.888066   0.902338   0.866566    0.94428 0.863815
  0.210576   0.691997   0.206149   0.699551   0.200337   0.706842   0.890458   0.848814   0.870479   0.889713   0.843712   0.929534 0.780231
  0.207363   0.690168   0.202575   0.697107   0.197089   0.704392   0.874456   0.839864   0.852594   0.877596   0.827415   0.917314 0.891792
  0.203827    0.68701    0.19894   0.694752   0.193171   0.702717    0.85661   0.823968   0.834435   0.865966   0.808018   0.909338 0.990058
  0.200496   0.683711   0.195268   0.692454   0.189644   0.700724   0.839738   0.807278   0.816107   0.854642   0.790455   0.899592 0.868324
  0.198276   0.681275   0.191589   0.690168   0.186948   0.697539   0.828442   0.794902   0.797747   0.843382   0.776692   0.883366 0.735029
  0.195717   0.679041   0.187902   0.687896   0.183084   0.695252   0.815537   0.783672    0.77935   0.832203   0.757435   0.872143 0.923006
  0.191636   0.675717   0.184189   0.685667   0.178436   0.693068   0.795012   0.767018   0.760837   0.821252   0.734379   0.861638 0.918844
   0.18714   0.672807   0.180467   0.683451   0.174907   0.690596   0.772548   0.752645   0.742286   0.810372   0.716712   0.849366 1
  0.183804   0.671189   0.176778   0.681181   0.170783   0.688313   0.755995   0.744837    0.72388     0.7992   0.696187   0.838225 0.931561
  0.181355   0.668341   0.173149   0.678817   0.167991   0.685631   0.743498   0.730338   0.705745   0.787521   0.682063   0.824673 0.829827
  0.177765   0.665262   0.169594   0.676344   0.164322   0.683476    0.72541    0.71487   0.687951   0.775246   0.663778   0.814104 0.921734
  0.175196   0.662178   0.166118   0.673761   0.159741    0.68152   0.712286   0.699148   0.670515   0.762377     0.6411   0.804793 0.879769
  0.170994   0.659693   0.162712   0.671084   0.155636   0.679871   0.691341   0.686952   0.653405   0.748988   0.620796   0.796998 0.871214
  0.168222   0.658151   0.159387   0.668307   0.151969   0.678569   0.677543   0.679428   0.636666    0.73506   0.602696   0.790935 0.955723
  0.165419   0.656251   0.156171   0.665409   0.147965    0.67516    0.66352   0.670012   0.620429   0.720462   0.582528   0.773816 0.936647
  0.161492   0.654192   0.153061   0.662395   0.144396   0.672584   0.644003    0.66001   0.604686   0.705232   0.564642   0.761001 0.950058
  0.157941    0.65057   0.150015   0.659315   0.141116   0.670197   0.625992   0.641661   0.589242   0.689637   0.548202   0.749118 0.752832
  0.154842   0.647498   0.146998   0.656207   0.137963    0.66716   0.610292   0.626121   0.573934   0.673888   0.532245   0.733778 0.581156
   0.15182   0.642535   0.143992   0.653089   0.135145   0.663798   0.594574   0.600575   0.558677   0.658081   0.517849   0.716639 0.842543
  0.148652   0.639523   0.140952   0.650005   0.132245   0.660083    0.57855   0.585364   0.543259   0.642468   0.502987   0.697659 0.995838
  0.146107   0.636589   0.137778    0.64706   0.130051   0.658081   0.565574   0.570429   0.527218   0.627611   0.491906   0.687571 0.790405
  0.143559   0.633214   0.134401   0.644338   0.127248   0.656461   0.552489   0.553166    0.51024   0.613987   0.477945   0.679635 0.938613
  0.140046   0.629498   0.130837   0.641883    0.12333   0.654166   0.534643   0.534316   0.492403   0.601806   0.458417   0.668385 0.668324
  0.137099    0.62737   0.127118   0.639685   0.119561   0.651064   0.519875   0.523728   0.473868   0.591022   0.439453   0.652832 0.682312
  0.134779   0.624269   0.123301   0.637627   0.116369   0.647552   0.507955   0.507862   0.454883      0.581   0.423211   0.634988 0.911561
  0.131375   0.621074   0.119483   0.635542   0.112433   0.644199   0.490749   0.491737   0.435887   0.570834   0.403383   0.618151 0.885202
  0.127751    0.61872   0.115878   0.633162   0.108838   0.641236    0.47264   0.480112   0.417867   0.559068    0.38529   0.603298 1
  0.125044   0.615989   0.112657   0.630294   0.105301   0.638251   0.458918   0.466285   0.401614   0.544628    0.36748   0.588316 0.917919
  0.119565   0.614684   0.109737   0.627079   0.101871   0.634965   0.432006   0.460612   0.386755   0.528297   0.350124   0.571715 0.951907
  0.116525   0.611469   0.106961   0.623743  0.0979943   0.631717   0.416562     0.4443   0.372569   0.511287   0.330605   0.555421 0.984046
  0.114801   0.607851   0.104104   0.620499  0.0942633   0.628454   0.407433   0.425571   0.358011   0.494784   0.311791   0.539009 0.731561
  0.111605   0.605443   0.100974   0.617516  0.0910775   0.624877   0.391398    0.41356   0.342177   0.479723   0.295564    0.52082 0.806589
  0.108349   0.602555  0.0976517   0.614724   0.088453   0.622514    0.37497   0.399027    0.32545   0.465708   0.282316   0.508921 0.717572
  0.106367   0.598794  0.0942966   0.611981  0.0859365   0.620455   0.364559   0.379594   0.308571   0.451963   0.269656   0.498605 0.951908
   0.10417   0.595332  0.0909599   0.609227  0.0828524   0.618204   0.353169   0.361795    0.29178   0.438155   0.254196   0.487398 0.888324
 0.0993514    0.59228  0.0876547   0.606431  0.0800012   0.615481   0.329107   0.346739   0.275132   0.424119   0.239772   0.473648 0.800231
  0.094739   0.590904  0.0844341   0.603534  0.0765938   0.611792   0.306395     0.3405   0.258876    0.40953   0.222445   0.454914 0.737341
 0.0914969   0.589419  0.0813527   0.600483  0.0737079   0.609017   0.290325   0.333376   0.243266     0.3941   0.207841   0.440896 0.948439
 0.0900273   0.586216    0.07829   0.597418  0.0708439   0.606234    0.28252   0.316779   0.227742   0.378588   0.193342   0.426827 0.789133
 0.0867157   0.583637  0.0750437   0.594565  0.0670674    0.60321   0.265887   0.303892    0.21137   0.364235   0.174357   0.411697 0.961503
 0.0816748   0.581977  0.0716324   0.591896  0.0641782   0.600441   0.241033   0.296248   0.194233   0.350897   0.159738   0.397708 0.940809
 0.0775555    0.58055  0.0682173   0.589223  0.0615423   0.597625   0.220708   0.289627   0.177077   0.337534   0.146342   0.383418 0.897919
 0.0755849   0.577815  0.0648803   0.586458    0.05765   0.593984   0.210563   0.275614   0.160282   0.323668   0.126667    0.36505 0.879422
 0.0741613   0.575089  0.0616412   0.583593    0.05343    0.59021   0.203081   0.261526   0.143942   0.309255   0.105371   0.346047 0.806243
  0.072406   0.572492  0.0585737   0.580552  0.0480373    0.58573   0.194012   0.248198   0.128401   0.293871  0.0782266   0.323581 0.628208
  0.070813   0.571039  0.0558055   0.577195  0.0431317   0.580809   0.185967   0.240877    0.11425   0.276748  0.0533603   0.298671 0.89052
 0.0700489   0.569705  0.0535422   0.573476  0.0399392   0.577229   0.181977   0.233996    0.10248   0.257602  0.0371005   0.280469 0.778613
 0.0697021   0.567877  0.0520658   0.569454  0.0371091   0.573371   0.179915   0.224414  0.0944755   0.236683   0.022546   0.260717 0.853642
 0.0695025   0.565822  0.0514501   0.565203   0.036688   0.564473   0.178523   0.213602  0.0906083   0.214356  0.0186715   0.213794 0.740462
 0.0694518   0.564437  0.0515033   0.560804  0.0391026   0.556915   0.177992   0.206294  0.0899641   0.191104  0.0288618   0.173322 0.405665
  0.069655   0.563801  0.0522758   0.556492  0.0410765   0.550667    0.17885   0.202892  0.0928356   0.168147  0.0371781   0.139869 0.661272
 0.0702989   0.563577  0.0542019   0.552719  0.0419144   0.543488   0.181935   0.201564   0.101428   0.147784  0.0397788   0.101746 0.85815
 0.0715138   0.563581  0.0573853   0.549815  0.0446897   0.537053   0.187844   0.201315   0.116312   0.131728  0.0519542  0.0671284 0.912139
 0.0732322   0.563691  0.0612921   0.547854  0.0497853   0.533846   0.196223    0.20151   0.134907   0.120495  0.0760749  0.0490447 0.988208
 0.0752846   0.563765  0.0654647   0.546731  0.0569425   0.534554   0.206218   0.201443   0.154968   0.113629   0.111026  0.0511915 0.799306
 0.0774135   0.563867  0.0697398   0.546017  0.0625431   0.536148   0.216592   0.201509   0.175611   0.108902   0.138588  0.0583632 0.99711
 0.0793642   0.564227  0.0740269   0.545388  0.0692146   0.535976   0.226152   0.202975    0.19633   0.104626   0.170996  0.0559653 0.762428
 0.0818393    0.56459  0.0783253   0.544883  0.0758396   0.535756   0.238263   0.204342   0.217129   0.100999   0.203167  0.0533245 0.854913
 0.0850076   0.564546  0.0826429   0.544559  0.0812537    0.53638   0.253661   0.203401   0.238058  0.0983203   0.229624   0.055415 0.762428
 0.0883292   0.563973  0.0869736   0.544367  0.0858359   0.537297   0.269696   0.199635   0.259079  0.0963414   0.252095  0.0592394 0.886127
 0.0914572   0.563212  0.0913072   0.544286  0.0907878   0.537539   0.284751   0.194912   0.280136  0.0949467   0.276225  0.0594122 0.84474
  0.094954   0.562859  0.0956283   0.544449  0.0955626   0.537284   0.301683   0.192267   0.301183  0.0948457   0.299393  0.0570023 0.777688
 0.0990349   0.563091  0.0999245   0.544966  0.0999755   0.537488   0.321576   0.192583   0.322181  0.0966154   0.320894  0.0570954 0.959884
  0.103566   0.563368   0.104202   0.545691   0.104254   0.537936    0.34367    0.19304   0.343132  0.0994927   0.341794  0.0585063 0.937572
  0.108689   0.563358   0.108474   0.546424   0.108476   0.538358    0.36858   0.191841   0.364056   0.102415   0.362411  0.0597933 0.972948
  0.113142   0.562895   0.112759   0.547021   0.113113    0.53849   0.390138   0.188403   0.385017   0.104615   0.384986  0.0594609 0.962428
  0.117141   0.562346   0.117075   0.547369   0.117637   0.538114   0.409471   0.184611   0.406074   0.105488   0.406909  0.0564643 0.938613
  0.121806   0.562002   0.121406   0.547435   0.121692   0.537803   0.432087   0.181749   0.427153    0.10487   0.426564  0.0539145 0.926821
  0.126087   0.561349   0.125733   0.547239   0.125577   0.538227   0.452772   0.177345   0.448151   0.102872   0.445546  0.0552865 0.853988
  0.130407   0.561086   0.130055   0.546963   0.129754   0.538626   0.473724   0.174993   0.469113    0.10045   0.465939  0.0564672 1
  0.135939   0.560895   0.134384    0.54684   0.134243   0.538882   0.500589   0.172751   0.490141   0.098834   0.487819  0.0568152 0.964971
  0.139217   0.559643   0.138716   0.546922   0.138953   0.539122   0.516269   0.165404   0.511225  0.0983013   0.510776  0.0570324 0.932485
  0.141428   0.558733    0.14304   0.547161   0.143212   0.539312   0.526834   0.160102   0.532298  0.0985979   0.531526  0.0570853 0.964971
  0.145517   0.558178   0.147358   0.547471   0.147622   0.539017   0.546608   0.156255    0.55336   0.099272    0.55291  0.0545464 0.836532
  0.150512   0.557875   0.151683   0.547743   0.152462   0.539069   0.570835    0.15354    0.57445  0.0997467   0.576457  0.0537406 0.930289
  0.156126   0.557926   0.156014   0.547859   0.156331   0.539321   0.598145   0.152561   0.595533  0.0993918   0.595322  0.0542089 0.78185
  0.161325   0.557746   0.160338   0.547698    0.15932   0.538741   0.623392   0.150446   0.616526  0.0975791   0.609742  0.0504793 0.981503
   0.16591   0.557379   0.164649    0.54728   0.163313   0.538091   0.645611   0.147485   0.637408  0.0944073   0.629021  0.0461533 0.983699
  0.170106   0.556846    0.16895   0.546743   0.168172   0.537941   0.665906   0.143737   0.658211   0.090611    0.65262   0.044274 0.983121
  0.174494   0.556454   0.173247   0.546215    0.17263   0.537663   0.687164   0.140682   0.679001  0.0868642   0.674241  0.0418117 0.845434
  0.178499   0.555488   0.177557   0.545807   0.177287   0.537646   0.706442   0.134687   0.699873  0.0837443   0.696888  0.0406845 0.884162
  0.181919   0.555223    0.18188   0.545525   0.181492   0.537926   0.723021   0.132523    0.72084  0.0812915   0.717391  0.0412243 0.940462
  0.186487   0.555565   0.186204   0.545258   0.185542   0.537772   0.745304   0.133314   0.741813  0.0789132   0.737054  0.0395067 0.832717
  0.191111   0.555236   0.190523   0.544951   0.190114   0.537552   0.767721   0.130543   0.762754  0.0763297   0.759246   0.037327 0.90104
  0.195604   0.554317   0.194843   0.544647   0.194561   0.537361   0.789382   0.124684   0.783699  0.0737592   0.780828  0.0353234 0.918497
  0.200267   0.553752   0.199166   0.544367    0.19896    0.53712   0.811943    0.12066   0.804664  0.0713141   0.802175  0.0330705 0.883237
  0.204885   0.553037   0.203489   0.544086    0.20343    0.53732   0.834253   0.115851   0.825625  0.0688697    0.82395  0.0331328 0.978035
  0.209083   0.552454   0.207809     0.5438   0.207561   0.537525   0.854549   0.111831   0.846575  0.0663929   0.844082  0.0332936 0.791676
  0.213863   0.551916   0.212132   0.543544   0.211581   0.537041    0.87768   0.107926   0.867548  0.0640763   0.863532  0.0298378 0.828902
  0.217679   0.550581   0.216459   0.543304   0.216058   0.536637   0.895964   0.100018   0.888541  0.0618402    0.88522  0.0267069 0.999653
  0.221949   0.549745   0.220775   0.542931   0.220021   0.536304    0.91656  0.0946503    0.90945  0.0589095   0.904422  0.0240604 0.832717
  0.226281   0.549006   0.225056   0.542286   0.224289   0.535778   0.937472   0.089779   0.930138  0.0545454    0.92507  0.0203293 0.776763
  0.231556   0.547912   0.229266   0.541299   0.227904   0.535521   0.962902  0.0828237   0.950407  0.0483896   0.942598  0.0181658 0.789133
  0.235587   0.545394   0.233383   0.539962   0.233464   0.535889   0.981983   0.068616   0.970151  0.0404067   0.969708  0.0188691 0.892485
  0.237446   0.538432   0.237446   0.538432   0.237446   0.538432   0.989596   0.031421   0.989596   0.031421   0.989596   0.031421 0
