155
  0.272878   0.731892   0.272878   0.731892   0.272878   0.731892  0.0153596   0.311227  0.0153596   0.311227  0.0153596   0.311227 0
  0.268467   0.738998    0.27466   0.736345   0.291771   0.728722 0.00991129    0.37163  0.0188241   0.344965  0.0433962   0.268956 0.609424
  0.264503   0.746044   0.276572   0.740723    0.29803    0.72964 0.00512994   0.431155  0.0224704   0.377991  0.0530224    0.27058 0.974094
  0.261746    0.75434    0.27874   0.744951   0.301638   0.730828 0.00239034   0.499512  0.0264805   0.409592  0.0586861   0.276749 1
  0.261551   0.762067    0.28127   0.748966    0.30468   0.732087 0.00342744   0.561033   0.031001   0.439182  0.0635056   0.283988 0.992359
  0.262547   0.768754   0.284113   0.752788   0.308721   0.734069 0.00608806   0.613221  0.0359603   0.466952  0.0699617   0.296064 0.998024
  0.264068   0.773527   0.287159   0.756465   0.312454   0.736196 0.00921177   0.649743  0.0412037   0.493386  0.0759761   0.309569 0.97501
   0.26605   0.778124   0.290306   0.760047   0.315591   0.737948  0.0130038   0.684445  0.0465816   0.518975   0.081024   0.320643 0.9616
  0.269119   0.783616    0.29348   0.763592   0.318897   0.739482  0.0185941   0.725261  0.0519952   0.544246    0.08629    0.32983 0.944222
  0.273273    0.78856   0.296628   0.767163   0.322379   0.740702  0.0257314   0.760754  0.0573743   0.569747   0.091769   0.336364 0.932717
  0.278261   0.793384   0.299704   0.770816   0.326045   0.742441  0.0341092   0.794536   0.062658   0.595962  0.0976146   0.346853 0.970156
   0.28466   0.796667   0.302774   0.774482   0.328959   0.745925  0.0443565   0.814808   0.067934   0.622288   0.102625   0.371873 0.954969
  0.289201   0.800494   0.305995   0.777989    0.33025   0.750743  0.0518861   0.841087  0.0734129   0.647216   0.105407   0.408955 0.946733
  0.291394   0.806859   0.309528   0.781165   0.330318   0.755062  0.0563016   0.889631  0.0793047   0.669233   0.106256    0.44318 0.935147
  0.296925   0.810666   0.313425   0.783906   0.330862   0.757304  0.0653261   0.914848  0.0856741   0.687465   0.107466   0.460488 0.946179
  0.303569   0.813714   0.317617   0.786191   0.332333   0.758128  0.0759037   0.933033  0.0924103   0.701812   0.109834   0.465702 0.947301
  0.311354   0.815663   0.322026   0.788005   0.334387   0.759095  0.0880175   0.941463  0.0993926   0.712225   0.113108   0.471518 0.938506
  0.319165   0.816234   0.326584   0.789368   0.336701   0.760175  0.0999338   0.938927   0.106524   0.718917   0.116795   0.477999 0.927798
  0.325217   0.817105   0.331246   0.790359    0.33902   0.761041    0.10924   0.940362   0.113747   0.722571   0.120453   0.482772 0.916011
   0.33033   0.820473   0.335967   0.791067   0.341246   0.761769   0.117557   0.962473   0.121012   0.723916   0.123946   0.486542 0.950225
   0.33627   0.823748   0.340712   0.791549   0.343682   0.762468   0.127107   0.983099   0.128274   0.723446   0.127752   0.489882 0.949598
  0.342271   0.825261   0.345469   0.791789   0.346891   0.763192   0.136447   0.989677   0.135513   0.721046   0.132731    0.49273 0.948856
   0.35035   0.826069   0.350231   0.791759   0.350256   0.763876   0.148809   0.988777   0.142711   0.716499    0.13794   0.495111 0.946074
  0.358758   0.825362   0.354986   0.791439   0.353147   0.764137   0.161408   0.975556    0.14985   0.709652   0.142359   0.494565 0.936794
  0.365161   0.822691   0.359718   0.790838   0.355842   0.763471   0.170634   0.948557   0.156905   0.700597   0.146321   0.486842 0.920289
  0.372374   0.821056   0.364408   0.789973   0.359618   0.763091   0.181265   0.929051   0.163851   0.689491   0.151968   0.480407 0.920492
  0.377673   0.819081   0.369041   0.788869   0.364135   0.763186   0.188941   0.908571    0.17067    0.67653   0.158818   0.477074 0.908361
  0.381868   0.817365   0.373626   0.787582    0.36765   0.762409   0.194992    0.89115   0.177385   0.662161   0.164002   0.467724 0.89518
  0.387642   0.815758   0.378183   0.786183   0.371188   0.760895   0.203449   0.873165   0.184039   0.646927   0.169094   0.452501 0.911785
  0.392412   0.813991   0.382729   0.784734   0.375454   0.759628   0.210361   0.854823   0.190665   0.631311   0.175329   0.438579 0.941315
  0.396811     0.8116   0.387251    0.78322   0.379413   0.758919   0.216603   0.831856   0.197246   0.615201   0.181196   0.429372 0.942391
  0.401783   0.808656   0.391726   0.781582   0.382349   0.758039   0.223618   0.803985   0.203733   0.598149   0.185487   0.419724 0.947375
  0.406799   0.805986   0.396127   0.779766   0.386005   0.756212   0.230747    0.77825   0.210079   0.579742   0.190702   0.401912 0.963456
  0.411142   0.804038   0.400467   0.777796   0.390563   0.753369    0.23698   0.758853   0.216304   0.560174   0.197108    0.37521 0.967734
  0.415886   0.802504   0.404782   0.775765   0.394326   0.750693   0.243893   0.742376   0.222481   0.540146   0.202339   0.350563 0.961954
  0.421005    0.80086    0.40911   0.773767   0.397459   0.748289   0.251355   0.724693   0.228686   0.520364   0.206664   0.328639 0.927694
  0.425863   0.798793   0.413469   0.771842    0.40167   0.746521   0.258347   0.703884   0.234949   0.501138    0.21273   0.310796 0.945747
  0.429532   0.796928   0.417851   0.769969   0.406337   0.744387   0.263576    0.68576   0.241254   0.482305   0.219423   0.289626 0.930059
  0.433386   0.795362   0.422244   0.768123   0.410714   0.741087   0.269137   0.669835   0.247583    0.46367   0.225476   0.259465 0.920312
  0.437626   0.792865   0.426642   0.766285    0.41527   0.738623   0.275121   0.646175   0.253919   0.445097   0.231943   0.235785 0.895429
  0.441451   0.789807   0.431042    0.76445   0.419398   0.736805    0.28038   0.618442   0.260259   0.426548   0.237875   0.217616 0.898646
  0.445938   0.787523   0.435441   0.762614   0.424085   0.734255   0.286775    0.59624   0.266597   0.407991   0.244526   0.193126 0.893183
  0.450571   0.786008   0.439837   0.760773   0.428915   0.732288   0.293523   0.580019   0.272931   0.389395   0.251494   0.173139 0.898393
  0.454778   0.784534   0.444229    0.75892   0.433224   0.730815   0.299633   0.564516   0.279255   0.370714   0.257759   0.157544 0.881504
  0.458494   0.782108   0.448614   0.757051   0.438552   0.729478   0.304836    0.54189   0.285567   0.351902   0.265588   0.142111 0.837539
  0.461242   0.780259   0.452996   0.755175   0.443677    0.72817   0.308674    0.52472   0.291873   0.333042   0.273116   0.127081 0.855251
  0.465315   0.778623   0.457407   0.753373   0.449386   0.726277   0.314555   0.508045   0.298235   0.314747   0.281427   0.106885 0.829119
  0.469761   0.777422   0.461881   0.751744   0.454091   0.724758   0.321074   0.494486   0.304724    0.29776   0.288283  0.0905678 0.811852
  0.473261   0.776534    0.46645   0.750375   0.459426   0.723139   0.326216   0.484273     0.3114   0.282757   0.296075  0.0728864 0.798366
  0.475966   0.775656   0.471101   0.749298   0.465442   0.722239   0.330156    0.47485    0.31825       0.27   0.305021  0.0603003 0.761387
  0.478982   0.775108   0.475806   0.748523   0.469906   0.720891   0.334625   0.467773   0.325234   0.259591   0.311543  0.0455568 0.795544
  0.482735   0.774873   0.480538   0.748053   0.475065   0.719659   0.340263   0.462513   0.332312   0.251577   0.319135  0.0311017 0.807587
  0.487045   0.774773   0.485287   0.747823   0.483055   0.718816   0.346765   0.457819   0.339458   0.245451   0.331078  0.0171774 0.782785
  0.491237   0.774886   0.490054   0.747729   0.490992   0.719228   0.353127   0.454914   0.346654    0.24039   0.343157  0.0132657 0.798296
  0.494347   0.776142   0.494837   0.747676   0.497481   0.719965   0.358049   0.462075   0.353881    0.23564   0.353101  0.0132452 0.79787
  0.496878   0.777622   0.499619   0.747713   0.503745   0.720902   0.362133   0.471537   0.361122   0.231606   0.362739   0.015014 0.79438
  0.499783   0.777936   0.504369    0.74801   0.509766   0.721871   0.366582   0.471395   0.368359   0.229665   0.372015   0.017256 0.802712
  0.502649    0.77795   0.509056   0.748736   0.515609   0.723365   0.370921   0.468915   0.375575   0.231186   0.381112  0.0238304 0.798138
  0.506018   0.778389   0.513665   0.749921   0.521099   0.725076   0.376093    0.46935   0.382752   0.236417   0.389714  0.0324487 0.792003
  0.510125    0.77932   0.518203   0.751425   0.526696   0.726574   0.382468   0.473024   0.389878   0.244254   0.398439  0.0392745 0.793307
  0.513901   0.780214   0.522678   0.753102   0.532241   0.728368   0.388334   0.476706   0.396936   0.253515   0.407138  0.0484966 0.769257
   0.51697   0.781214   0.527101   0.754852   0.536664     0.7308    0.39315   0.481869   0.403929   0.263409   0.414249   0.063797 0.799873
  0.519556   0.782582   0.531493   0.756665   0.541328   0.734016   0.397298   0.490383   0.410888   0.273824    0.42186    0.08511 0.759294
  0.522229   0.784254   0.535879   0.758537   0.547177   0.737436    0.40163   0.501239   0.417845   0.284717   0.431298   0.106966 0.743454
  0.525032   0.786188   0.540245   0.760499   0.551714   0.741031   0.406204   0.514054    0.42479   0.296343   0.438782   0.131407 0.760834
  0.527652   0.788276   0.544497   0.762671   0.555385   0.743676   0.410529   0.528261   0.431597   0.309739   0.444792   0.149079 0.776244
  0.529711   0.790277   0.548523   0.765186   0.560405    0.74677   0.413989   0.542282   0.438122   0.326062   0.452921   0.169099 0.80779
   0.53208   0.792511    0.55224   0.768136   0.565323   0.751673   0.417958   0.557878   0.444254   0.346119   0.461207   0.203574 0.796324
  0.535473   0.795175   0.555676   0.771445   0.569649   0.756368    0.42355   0.575952   0.450023   0.369275   0.468562   0.236932 0.794519
  0.538686    0.79759   0.558887   0.774994   0.573357   0.760346   0.428827   0.592217   0.455493   0.394543   0.474858    0.26516 0.810275
  0.541595   0.800272   0.561933   0.778669   0.576355   0.763006   0.433691   0.610883   0.460735   0.420964   0.479852   0.283562 0.821611
  0.544392   0.803061   0.564909   0.782385   0.578876   0.765414   0.438404   0.630491   0.465878    0.44777   0.484082   0.300393 0.801086
  0.547309   0.806045   0.567921   0.786065   0.582573   0.768606   0.443332   0.651542    0.47107   0.474263   0.490225   0.322393 0.780869
   0.55072   0.809687   0.571067   0.789641   0.587184   0.772479   0.449121   0.677366   0.476446   0.499802    0.49787   0.348969 0.808711
  0.554508   0.813115   0.574358   0.793097   0.591239   0.776075   0.455443   0.701154   0.482021   0.524262   0.504624   0.373848 0.814318
  0.558434   0.816708   0.577756   0.796451   0.594563   0.778559   0.462001   0.726122    0.48774   0.547815   0.510082   0.390554 0.807989
  0.562266   0.820203   0.581224    0.79972   0.598464   0.781411   0.468403   0.750402    0.49355   0.570631   0.516475   0.409668 0.845549
  0.565267   0.823765   0.584749   0.802915   0.602274   0.784639   0.473557   0.775966   0.499434   0.592801   0.522795   0.431849 0.819894
  0.568453    0.82784   0.588339   0.806039   0.605252   0.787355    0.47908   0.805435   0.505404   0.614353   0.527769   0.450712 0.819377
  0.572855   0.831099   0.592001   0.809096   0.608131    0.78979   0.486302   0.827323   0.511472   0.635307   0.532545   0.467441 0.799623
  0.578056   0.834771   0.595733   0.812085   0.611681   0.792643   0.494804    0.85177   0.517634    0.65566   0.538408   0.486881 0.8167
  0.583749   0.839491   0.599519   0.814999   0.614942   0.795044   0.504231   0.884089   0.523864   0.675367   0.543756   0.502989 0.820004
  0.588802   0.843646   0.603343    0.81783   0.617805   0.797161   0.512591   0.912503   0.530137   0.694384   0.548451   0.517205 0.829501
  0.593256   0.846533   0.607213   0.820562   0.619954   0.799436   0.519829   0.931392   0.536463   0.712575   0.552096   0.533321 0.790423
  0.598203   0.849439   0.611181   0.823164   0.621342   0.801431   0.527813   0.949979   0.542916   0.729639    0.55454   0.547897 0.777875
   0.60317   0.852539   0.615305   0.825602   0.622576   0.802474   0.535862   0.970098   0.549575    0.74526   0.556587   0.555061 0.783513
   0.60903   0.854781   0.619617   0.827783   0.624869   0.802847   0.545115   0.982592   0.556475   0.758676    0.56012   0.555953 0.792799
  0.616907   0.856333   0.624093   0.829462   0.628115   0.802943     0.5573   0.987783   0.563536   0.767953   0.565047   0.553776 0.797857
  0.626565   0.856839   0.628698   0.830367   0.631329   0.803086   0.571999   0.983057   0.570659   0.770968   0.569935   0.552003 0.841026
  0.635646   0.856235    0.63339    0.83032   0.634298   0.803311   0.585633   0.970044   0.577749   0.766347   0.574466   0.551103 0.850929
  0.643443   0.857218   0.638105   0.829516   0.637382   0.803395   0.597598   0.970792   0.584744   0.755701   0.579146   0.548978 0.875798
  0.650288   0.857686   0.642771   0.828246   0.640786   0.803091   0.608034   0.968311   0.591585   0.741394   0.584243   0.543482 0.871618
  0.654781    0.85477   0.647332   0.826776   0.644349   0.802151   0.614329   0.941092   0.598232   0.725594   0.589471   0.532792 0.861553
  0.660114   0.853272   0.651818   0.825232   0.647814   0.800591   0.622139   0.924378   0.604752   0.709278   0.594444    0.51727 0.86183
  0.664717   0.850294   0.656292   0.823688    0.65108   0.798861   0.628589   0.896571   0.611254   0.692971   0.599087   0.500584 0.865341
  0.669005   0.848099    0.66081   0.822209   0.654599   0.797474   0.634697   0.875261   0.617834   0.677133   0.604171   0.486383 0.871235
  0.673737   0.845882   0.665369   0.820776   0.658192   0.796388   0.641474   0.853381   0.624484    0.66163    0.60942   0.474514 0.870232
  0.678265   0.844123   0.669928   0.819325   0.661529   0.795402   0.648021   0.835314   0.631131   0.645988   0.614298   0.463661 0.873234
  0.682873   0.842299   0.674448   0.817795   0.664801   0.794184   0.654678   0.816666   0.637706   0.629748   0.619039   0.451031 0.882632
  0.687295   0.840182   0.678923   0.816169   0.668847   0.791989   0.661003    0.79585   0.644194   0.612792    0.62478   0.429941 0.871959
   0.69187   0.838188   0.683366    0.81447    0.67349   0.789458    0.66758   0.775882   0.650624   0.595279   0.631369    0.40565 0.878638
  0.697654   0.836578   0.687796    0.81272    0.67742    0.78778   0.676053   0.757868   0.657024   0.577376   0.637025   0.388765 0.871102
  0.703115     0.8341   0.692213   0.810919   0.680675    0.78503   0.683887   0.733247   0.663396   0.559086   0.641474   0.363992 0.878201
  0.708012   0.831096   0.696599   0.809043   0.683798   0.780992   0.690779   0.704965   0.669707   0.540216   0.645503   0.329106 0.867588
  0.712159   0.828273   0.700935   0.807062   0.687442   0.778803   0.696564   0.678799   0.675926   0.520564   0.650639   0.308433 0.872978
  0.715533   0.825131   0.705215   0.804969   0.691329   0.777592   0.701128   0.650801    0.68204   0.500075    0.65631   0.295298 0.857517
  0.719015    0.82214   0.709453   0.802792   0.695822   0.776459    0.70588   0.623905   0.688076   0.478954   0.662913   0.282236 0.861863
  0.723508   0.819506   0.713665   0.800561   0.700004   0.775284   0.712222   0.598927   0.694063   0.457433   0.669037   0.269124 0.859328
  0.728303   0.816686   0.717863   0.798301   0.704216   0.773418   0.718991   0.572199   0.700025   0.435691   0.675087   0.250492 0.839662
   0.73236   0.814107   0.722049   0.796018    0.70907   0.770388   0.724683   0.548052   0.705964   0.413777   0.681908   0.222049 0.835171
  0.735696   0.812208   0.726222   0.793716   0.714058   0.767317   0.729403   0.529959    0.71188   0.391721   0.688924   0.193154 0.830128
  0.739322   0.810307   0.730386   0.791402   0.718591    0.76488    0.73456   0.511585   0.717782   0.369585   0.695363   0.169699 0.828863
   0.74347   0.808162   0.734559   0.789103    0.72339   0.763011   0.740466     0.4908   0.723698   0.347559   0.702301   0.150519 0.822697
  0.746923   0.806526    0.73876    0.78685   0.727622   0.761009   0.745407   0.474685   0.729666   0.325869   0.708358   0.130794 0.792187
   0.74997   0.805497   0.743013   0.784681   0.732436   0.758993    0.74984   0.463759   0.735724   0.304799   0.715292    0.11043 0.76755
  0.753545    0.80458   0.747341   0.782682   0.737899   0.757401    0.75509   0.453246   0.741928   0.285007   0.723282  0.0928515 0.747459
  0.757176   0.803542   0.751774   0.780956   0.743913   0.756225   0.760405   0.441716   0.748338   0.267293   0.732178  0.0780727 0.753274
  0.760523   0.802556   0.756335     0.7796   0.749724   0.754857   0.765299   0.430863   0.755004   0.252403   0.740734  0.0619533 0.727683
   0.76366   0.801935   0.761007   0.778643   0.755456   0.753932   0.769937   0.423092   0.761906   0.240578   0.749246  0.0494156 0.706851
  0.766791   0.801893   0.765747   0.778075   0.761349   0.753167   0.774667   0.419922    0.76898   0.231773    0.75803  0.0380091 0.749414
  0.769889   0.802355   0.770517   0.777884   0.769255   0.752753   0.779434   0.420783   0.776163   0.225942   0.769919  0.0275659 0.747327
  0.773014   0.802991    0.77528    0.77807   0.777958   0.752898   0.784272   0.423008   0.783401    0.22311    0.78311  0.0208394 0.751111
  0.776575   0.803216   0.780005    0.77864   0.785989   0.753276   0.789697   0.421571   0.790648   0.223356   0.795326  0.0165746 0.754509
  0.780576   0.803043   0.784662   0.779598   0.792514   0.754251   0.795721   0.416576   0.797859   0.226749   0.805366   0.018407 0.766262
  0.784756   0.802924   0.789244   0.780894     0.7982   0.755638   0.802024   0.411846   0.805014   0.232887   0.814207   0.024277 0.791444
  0.788921   0.803312   0.793773   0.782407   0.802772   0.757088   0.808392   0.411159   0.812127   0.240801   0.821374  0.0316508 0.770359
   0.79243   0.804411   0.798272   0.784015   0.807753   0.758903   0.813891   0.416706   0.819211   0.249498   0.829222   0.041546 0.73815
  0.795126   0.806054   0.802748   0.785662   0.812407   0.760874   0.818253   0.427314   0.826266   0.258523   0.836604  0.0529811 0.734571
  0.798154   0.807771   0.807176   0.787409   0.817552   0.763118   0.823129     0.4382   0.833267    0.26838   0.844775  0.0661443 0.694223
  0.800867   0.809411   0.811531   0.789327   0.823309   0.766478   0.827517   0.448764   0.840186   0.279668   0.854063  0.0876084 0.721614
  0.803822   0.811397   0.815788   0.791472   0.828224   0.769031   0.832329   0.461862   0.846996   0.292844    0.86194   0.103423 0.767354
  0.808266   0.813418   0.819922   0.793851   0.833222   0.770598   0.839402   0.473885   0.853661   0.307987   0.869771   0.111343 0.719083
  0.813199    0.81454   0.823909   0.796463   0.838716   0.774093   0.847059   0.478324   0.860144   0.325118   0.878687    0.13412 0.734619
  0.815408   0.816579   0.827745   0.799289   0.842114    0.77847   0.850752   0.492512   0.866435   0.344084   0.884583    0.16579 0.74046
  0.817486   0.819853   0.831496   0.802232   0.845652   0.781224   0.854461   0.516623   0.872617   0.364049   0.890409   0.184452 0.731463
  0.821102   0.822924   0.835248   0.805174    0.84913   0.783094    0.86046    0.53773     0.8788   0.384007   0.895995   0.196154 0.711698
  0.825194   0.825599   0.839072   0.808016   0.853395   0.785267   0.867113   0.555268   0.885075   0.403111   0.902822   0.209544 0.678468
   0.82881   0.828975   0.842957   0.810775   0.857651   0.788226   0.873167   0.578798   0.891429   0.421503    0.90977   0.229183 0.672448
  0.832136   0.832144    0.84686   0.813513   0.861754   0.791122   0.878744   0.600943   0.897807     0.4397   0.916477   0.248461 0.684997
  0.835341   0.834901   0.850739   0.816287   0.866374   0.795218   0.884068   0.619932   0.904154   0.458213   0.924174     0.2768 0.672786
  0.839073   0.837957   0.854554   0.819145   0.870713    0.80013   0.890242   0.640814   0.910419   0.477451   0.931585   0.311862 0.676893
  0.843513   0.841302   0.858267   0.822128   0.873928   0.803859   0.897537   0.663353   0.916549   0.497773   0.937093   0.338559 0.653277
  0.847794   0.844435   0.861842   0.825271   0.877488   0.807098   0.904553   0.684348   0.922501   0.519495   0.943036   0.361052 0.623654
  0.851269   0.847754   0.865313   0.828537   0.881421   0.811002   0.910383   0.707552   0.928316   0.542277    0.94966   0.388489 0.606897
  0.855331    0.85107    0.86877   0.831823   0.884423   0.814725     0.9171   0.730204   0.934112   0.565236   0.954844   0.415329 0.528043
   0.85951   0.854041   0.872302   0.835027   0.887163   0.817937   0.923934   0.750006   0.940009    0.58748   0.959544   0.438351 0.461013
    0.8639   0.856507    0.87596   0.838086   0.889658   0.821607   0.931002   0.765613    0.94607   0.608454   0.963951   0.465225 0.422176
  0.868496   0.858267   0.879747   0.840981   0.891953   0.825362   0.938258   0.775426   0.952299   0.628007   0.968071   0.492959 0.405315
  0.872862    0.85975   0.883663   0.843695   0.894222   0.828393    0.94512   0.783246   0.958691   0.646013   0.972026   0.514969 0.390211
  0.878398    0.86091   0.887701   0.846223   0.896704   0.831735   0.953694   0.787446   0.965237   0.662427   0.976358   0.539253 0.408824
  0.885006   0.861388   0.891846   0.848575   0.899376   0.835934   0.963774   0.785263   0.971913   0.677345   0.981125    0.57017 0.456758
  0.891402   0.860854   0.896081   0.850762    0.90121   0.840436   0.973359   0.775233   0.978697   0.690879   0.984675   0.604258 0.488094
  0.896774   0.860359   0.900385   0.852807   0.902831   0.847899   0.981401   0.766443   0.985562   0.703212   0.988415   0.662036 0.569997
  0.902648   0.859175   0.904737   0.854753   0.905999   0.851533   0.990083   0.751722   0.992481   0.714726   0.993834   0.688022 0.405234
  0.909112    0.85665   0.909112    0.85665   0.909112    0.85665   0.999427   0.725828   0.999427   0.725828   0.999427   0.725828 0
