60
  0.221333   0.663751   0.221333   0.663751   0.221333   0.663751 -0.00170525   0.579216 -0.00170525   0.579216 -0.00170525   0.579216 0
  0.227441   0.672657   0.227055   0.663475   0.226043   0.651836  0.0174446   0.702534  0.0152752   0.572255  0.0109732   0.407404 0.717366
  0.233521   0.679492     0.2328   0.663318   0.231143    0.64581  0.0362778    0.79643  0.0323388   0.566983  0.0254656   0.319071 0.99515
  0.240713   0.683538   0.238495   0.662684   0.235938   0.642278  0.0581126   0.850114   0.049199   0.554952  0.0393312   0.266323 0.977767
  0.246276   0.686551   0.244169   0.661837   0.241242   0.639795  0.0749841   0.889972  0.0659739   0.539902  0.0548236   0.228222 0.996561
  0.251381   0.688731   0.249888   0.661449   0.246159    0.63804  0.0904051   0.918237  0.0829357   0.531344  0.0692478   0.200676 0.957873
  0.255561   0.690304   0.255613   0.661209   0.252037   0.636489   0.103007   0.938379  0.0999287   0.524899    0.08655   0.175517 0.96668
  0.260147   0.691803   0.261318    0.66056   0.257736   0.635498   0.116808   0.957247   0.116819   0.512641   0.103386   0.158411 0.951571
  0.265199   0.692702   0.267046   0.660354   0.263336   0.634462    0.13193   0.967331   0.133826   0.506674    0.11992   0.140715 0.960044
  0.273084   0.693012   0.272785   0.660418   0.269094   0.633361   0.155407   0.967548   0.150895   0.504536   0.136915    0.12201 0.942121
  0.279921   0.692122   0.278517   0.660419   0.274817   0.632558   0.175635   0.951274   0.167939   0.501512   0.153843    0.10756 0.939809
  0.284181    0.69068   0.284253    0.66039    0.28124   0.631934    0.18814   0.928515    0.18499   0.498048   0.172869  0.0952719 0.94211
  0.288819   0.690448   0.289991   0.660447   0.288025    0.63148   0.201903   0.922755   0.202053   0.495811   0.192991  0.0852264 0.934492
   0.29393   0.692741   0.295702   0.660972   0.296452   0.631489   0.217353   0.952638   0.219091   0.500235   0.218045  0.0808778 0.927858
  0.298723   0.694047   0.301422    0.66137    0.30379   0.631382   0.231749   0.968646   0.236141   0.502859    0.23985  0.0754582 0.926507
  0.303203   0.694946   0.307134   0.661889   0.309399   0.630809   0.245167   0.979044   0.253183   0.507205   0.256463  0.0643429 0.91326
  0.310644    0.69539   0.312843   0.662443   0.316174   0.630807   0.267341   0.981395   0.270216   0.512046   0.276605  0.0607151 0.881367
  0.318993   0.695157   0.318572   0.662564   0.321379   0.632496   0.292135    0.97365   0.287263   0.510713   0.292268  0.0819523 0.868335
  0.323327   0.692643   0.324309   0.662483   0.325141   0.635328   0.304742   0.935623    0.30431   0.506514   0.303768   0.120194 0.832683
  0.329759   0.692202   0.330044   0.662501   0.331322   0.635621   0.323816   0.925947   0.321363   0.503738   0.322178    0.12107 0.80603
  0.334583   0.691521   0.335779   0.662504   0.335996   0.636235   0.338084   0.913702   0.338415   0.500725   0.336141   0.127319 0.793135
  0.342173   0.691268   0.341515   0.662495   0.342229   0.636361   0.360621   0.906083   0.355467   0.497557   0.354688   0.125795 0.75786
  0.348389   0.690911    0.34725   0.662504   0.345834    0.63735   0.379063   0.897703   0.372519   0.494635   0.365514   0.137939 0.746168
  0.353651   0.690103   0.352985   0.662498    0.35193   0.637237   0.394617   0.883428   0.389571   0.491503   0.383626   0.133095 0.818309
   0.35836   0.689426   0.358721   0.662501   0.358249   0.636857   0.408542   0.871311   0.406623   0.488502   0.402371   0.124345 0.821091
  0.364055   0.689749   0.364456     0.6625   0.364116   0.636829   0.425509   0.872869   0.423675   0.485436   0.419812   0.120827 0.832122
  0.368878   0.692254   0.370191   0.662501   0.369749   0.636247   0.440128   0.905915   0.440726   0.482405   0.436493   0.109566 0.813123
   0.37534   0.692392   0.375927   0.662497   0.376054   0.635949   0.459354   0.904444   0.457778    0.47931   0.455205   0.101986 0.872036
  0.382485   0.692511   0.381662   0.662507   0.381904   0.635576   0.480612   0.902335    0.47483   0.476398   0.472558  0.0935782 0.847303
  0.387109   0.693571   0.387398   0.662539   0.387111   0.636174   0.494476   0.914943   0.491888   0.473809   0.488104  0.0993152 0.864901
  0.393049   0.694308   0.393129   0.662386   0.392926   0.636057   0.512218   0.922262   0.508911   0.468592   0.505381  0.0945565 0.828225
  0.399643   0.694864   0.398825   0.661691   0.398186   0.636997   0.531885   0.926662   0.525768   0.455693   0.521125   0.105129 0.843424
  0.404404   0.694879   0.404549   0.661402   0.405375   0.637133   0.546041   0.924342   0.542753   0.448555   0.542513   0.103235 0.860744
  0.410168   0.695729   0.410289   0.661459   0.412561   0.637482   0.563271   0.933371   0.559824   0.446317   0.563915   0.104378 0.876101
  0.415508   0.695076    0.41602   0.661454   0.418374    0.63846   0.579077   0.921244   0.576864   0.443196   0.581308    0.11519 0.937271
  0.421041   0.695121   0.421758   0.661463   0.423144   0.639655    0.59553   0.918949   0.593924   0.440278    0.59562   0.129634 0.902706
  0.427893   0.694894   0.427492   0.661451   0.426587   0.638007   0.615878    0.91209    0.61097   0.437062   0.605676   0.104393 0.940285
  0.433433   0.694988   0.433229   0.661467   0.431629   0.635152   0.632359   0.910483   0.628029   0.434247   0.620349  0.0611415 0.941575
  0.437316    0.69644   0.438962   0.661454   0.437765   0.634153   0.644065   0.929057   0.645072   0.431017    0.63848  0.0436968 0.928938
  0.442065   0.697117     0.4447   0.661388   0.446452   0.634422    0.65826   0.936152   0.662125   0.427021   0.664336  0.0429007 0.959016
  0.447771   0.697519   0.450425   0.661651   0.452294   0.633524    0.67527   0.938829   0.679174   0.427723   0.681605  0.0270303 0.967958
  0.454342   0.697772   0.456126   0.662287   0.459395   0.633628   0.694834   0.938946   0.696196   0.433732   0.702729  0.0247511 0.935362
  0.460664   0.697977    0.46186   0.662503   0.464269   0.634616   0.713651    0.93849   0.713268   0.433753   0.717331  0.0362023 0.955632
  0.464878   0.698744   0.467578   0.662933   0.469775   0.634264   0.726266   0.947155   0.730315   0.436839   0.733663  0.0282686 0.954779
   0.46988   0.699523   0.473291   0.663419   0.476782   0.634843   0.741224   0.955567   0.747355   0.440714   0.754559  0.0327704 0.957441
  0.476218   0.700172   0.479023   0.663682   0.482484   0.635977   0.760139   0.961429   0.764424   0.441405   0.771636  0.0458624 0.964348
  0.480603   0.701629   0.484739   0.664087   0.488308   0.638456    0.77334   0.979808   0.781464   0.444116   0.789227  0.0779996 0.972376
  0.486292    0.70124   0.490433   0.664744   0.493441   0.640642   0.790209   0.971262   0.798467   0.450433    0.80473   0.106343 0.945847
   0.49146   0.701405   0.496176   0.664957   0.499421   0.641707   0.805592   0.970853   0.815566   0.450414    0.82263   0.118288 0.946291
  0.497236   0.702186   0.501836   0.665844    0.50629   0.642771   0.822853   0.978893    0.83249   0.460013   0.843169   0.129767 0.941866
  0.503729   0.702637   0.507462   0.666976    0.51045   0.643488   0.842207   0.981843   0.849343   0.473104   0.855617   0.137749 0.924643
  0.511397   0.702698   0.513148   0.667715   0.518274   0.646014    0.86501   0.978644   0.866329   0.480584   0.879159   0.169485 0.939014
  0.516027   0.700949   0.518822   0.668517   0.524355   0.647615   0.878582    0.95133    0.88329   0.488968   0.897418   0.189006 0.941477
  0.521821    0.70233   0.524388    0.66993   0.528006    0.65206   0.895961   0.967885   0.899993    0.50609   0.908765   0.250238 0.966155
  0.527971   0.701177   0.529969   0.671238   0.533721    0.65263   0.914119    0.94823   0.916732   0.521718    0.92582   0.255303 0.930359
  0.532835   0.700209   0.535619   0.672219   0.538748   0.655663   0.928472   0.931892   0.933641   0.532662   0.941102   0.295731 0.945146
  0.539908   0.695316   0.541311   0.672933   0.543126   0.660099   0.948958   0.858601   0.950642   0.539791   0.954612   0.356438 0.963412
  0.545764   0.690987   0.547021   0.673467   0.548078   0.665507   0.965888   0.793975   0.967677   0.544336   0.969935   0.430661 0.97008
  0.551734    0.68495   0.552741   0.673898    0.55485   0.669221   0.982964   0.705016   0.984732   0.547432   0.990481   0.479841 0.85491
  0.558461   0.674304   0.558461   0.674304   0.558461   0.674304    1.00178   0.550161    1.00178   0.550161    1.00178   0.550161 0
