50
  0.642745  0.0761879   0.642745  0.0761879   0.642745  0.0761879   0.807449 -0.000561043   0.807449 -0.000561043   0.807449 -0.000561043 0
  0.644745  0.0875133   0.648013  0.0774803   0.651344  0.0669779   0.740103  0.0407948   0.809809  0.0414835   0.882598  0.0415385 0.35081
  0.647588  0.0962349   0.653197  0.0791559   0.657068  0.0651378   0.690838   0.082296   0.809589  0.0838072   0.905597  0.0796157 0.891928
  0.651467   0.101811   0.658453  0.0805018   0.663617  0.0612422   0.663451   0.124095   0.811588   0.125884   0.943188    0.11899 0.933116
  0.656725   0.105748   0.663654  0.0820937   0.669296  0.0596708   0.649134   0.172272    0.81193   0.168141   0.964406    0.15737 0.931737
  0.661097   0.107415   0.668953  0.0832008   0.676443  0.0599849   0.647351   0.208559    0.81552   0.209979   0.976674    0.21104 0.926815
  0.666199   0.109441   0.674392  0.0835233   0.682894  0.0605217   0.644758   0.251091   0.824332   0.251025   0.986151   0.260071 0.91988
  0.670285   0.112838   0.679692  0.0847453    0.68908  0.0619363   0.631511   0.289316     0.8272   0.293142   0.989573   0.309209 0.911609
  0.675412   0.116165   0.684943  0.0860595   0.694575  0.0631304   0.620777   0.335092   0.829388   0.335109   0.993006   0.352705 0.881063
  0.678524   0.117407   0.690245  0.0873187   0.700633  0.0651585   0.619154   0.361047   0.832028   0.377335   0.992308   0.402328 0.87484
   0.68327   0.119079   0.695296  0.0892754   0.705914   0.067963   0.618082   0.400123   0.829771   0.419328   0.985172   0.448017 0.859629
  0.688867   0.119227   0.700139  0.0917495   0.711557  0.0693507   0.628307   0.441925   0.823843   0.461001   0.987679   0.493061 0.801907
  0.691865   0.119064   0.704718  0.0946659   0.718195  0.0719738   0.635313    0.46374   0.814601   0.501745   0.984391   0.548375 0.797891
  0.694979   0.120242   0.709432  0.0973697   0.725204  0.0760397   0.634099   0.489571    0.80697   0.543003   0.972752   0.609813 0.778168
  0.698448   0.121473   0.713902   0.100443   0.732792  0.0804344   0.633262    0.51815   0.796521   0.583314   0.960199   0.676318 0.766853
  0.698229   0.122019    0.71816   0.103824   0.737817  0.0867697   0.629386   0.517801   0.783716   0.622772   0.930314   0.728384 0.802165
  0.699252   0.125595   0.722519   0.107052   0.742706  0.0934651     0.6089   0.533763   0.772073   0.662621   0.897888   0.780287 0.818079
  0.699693   0.128389    0.72659   0.110653   0.746915  0.0979843   0.592188   0.543581   0.757511   0.701218   0.877815   0.822055 0.901066
  0.700559   0.130515   0.729357   0.115325   0.750887    0.10342   0.580521   0.554973   0.733599   0.732662   0.851497   0.864212 0.897262
  0.701123   0.132789   0.730304   0.120668   0.754044   0.111707   0.567319   0.564483   0.701832   0.752197   0.805598   0.907023 0.849327
  0.702015   0.134846   0.730206   0.126099   0.756302   0.120407   0.556142   0.575913   0.667433   0.764206   0.755303   0.944142 0.793253
  0.702239   0.136513   0.730299    0.13153   0.755839   0.131958   0.546091   0.581476   0.633408   0.777627   0.681627   0.967789 0.759643
  0.702615   0.138076    0.72953   0.136903   0.753328    0.13933   0.536997   0.587928   0.598036   0.784519   0.630188   0.966467 0.767157
  0.702035   0.138431   0.728196   0.142168   0.752313   0.147543   0.533605   0.584461   0.562217   0.786987   0.576437   0.978207 0.767006
  0.700619   0.141476    0.72672   0.147394   0.750777   0.157406     0.5116   0.581116   0.526359   0.788298   0.511253   0.989946 0.73298
  0.700848   0.143916   0.724658   0.152418   0.747653   0.164016   0.496693   0.588531   0.490607   0.784804   0.463393   0.982308 0.740841
  0.699488   0.144804   0.722668   0.157471   0.743417   0.171873   0.488388   0.580537   0.454814   0.781908   0.405461   0.969351 0.706996
  0.697513   0.146792   0.720481   0.162441   0.739594   0.177893   0.471929    0.57057   0.419151   0.777366   0.359926   0.955145 0.726859
  0.695689   0.148136   0.717495   0.166977    0.73547   0.181841   0.459829   0.560212   0.384625   0.765882   0.326842   0.933852 0.716515
   0.69378   0.149782    0.71357   0.170723   0.732289   0.188982   0.445655   0.549935   0.353211   0.745591    0.27552   0.927033 0.742
  0.691916    0.15133    0.70888   0.173475   0.724056   0.192876   0.432189   0.539758   0.326527    0.71731   0.234583   0.875187 0.736525
   0.68942   0.152069   0.704244   0.176287   0.717113   0.196197   0.422561   0.523004   0.299578    0.68956   0.199828   0.831544 0.70561
  0.684721    0.15382    0.69991   0.179548   0.711425   0.198835   0.402164   0.492301   0.270396   0.665105   0.171874   0.795603 0.728368
  0.683507    0.15739   0.694861   0.181624   0.704969   0.200818   0.377262   0.491681   0.247254   0.632575   0.146517   0.752435 0.729745
  0.681175   0.159978   0.689693   0.183209   0.697819   0.201883   0.356312   0.480473   0.226973   0.598014   0.125555   0.701974 0.737466
  0.677872   0.162646   0.684389   0.184462   0.690708   0.202492    0.33292   0.462264   0.208505   0.561668   0.107543   0.650731 0.650839
  0.674626   0.164318   0.679073   0.185447   0.682266   0.201846   0.315922   0.442145   0.191708   0.524609  0.0947824   0.586694 0.593712
  0.671696   0.165482   0.673612   0.185414    0.67521   0.201287    0.30275   0.423169   0.181033   0.484083  0.0842419   0.533123 0.571217
  0.667664    0.16661     0.6682   0.185383   0.670044   0.200746   0.287611   0.395952   0.170438   0.443926  0.0773497   0.493593 0.531439
  0.662656   0.167141   0.662782   0.185765   0.664509   0.199434    0.27428   0.360109   0.157231    0.40469  0.0745803   0.449521 0.543131
   0.65566   0.167248    0.65743   0.186619   0.658216   0.198893   0.259663   0.308541   0.141184   0.367058  0.0654424   0.401646 0.541231
  0.647801   0.167568   0.651961   0.186359   0.652774   0.198078   0.241982   0.251084   0.131921    0.32594  0.0597251    0.35943 0.520686
   0.64257   0.168416   0.646561   0.186544   0.647006   0.198658   0.226211   0.214328   0.119988   0.286378  0.0445759   0.318069 0.388898
  0.637882   0.169074   0.641106   0.186369   0.639488   0.198709   0.212724   0.181144   0.110215   0.245569  0.0292675    0.26251 0.416509
  0.631147   0.170849     0.6357   0.186722   0.633637   0.197519   0.188116   0.135425  0.0972189   0.206357  0.0251005   0.216389 0.45857
  0.628087   0.172769   0.630284   0.187201   0.628463    0.19599   0.169921   0.117262  0.0834071   0.167361  0.0244164   0.174479 0.339052
  0.622649   0.175454    0.62494   0.188174   0.625965   0.195219   0.142172  0.0832808  0.0666225    0.13007  0.0242917   0.154171 0.217142
  0.617294   0.178214   0.619591   0.189094   0.621109   0.194853   0.114113  0.0500933  0.0501655  0.0926051  0.0169221   0.117344 0.170721
  0.612488   0.182893   0.614329   0.190519   0.614329   0.194031   0.075065  0.0254615  0.0307016  0.0569776 0.00858118  0.0652089 0.0865371
  0.608997   0.191508   0.608997   0.191508   0.608997   0.191508  0.0138441  0.0198008  0.0138441  0.0198008  0.0138441  0.0198008 0
