54
   0.66482   0.537734    0.66482   0.537734    0.66482   0.537734  0.0682103 -0.00664213  0.0682103 -0.00664213  0.0682103 -0.00664213 0
  0.659519   0.534926   0.659808   0.539218   0.662437   0.548305  0.0455525  0.0278925  0.0655608  0.0402601   0.111693  0.0496209 0.5154
  0.651502    0.53329    0.65459   0.540523   0.660055   0.553956   0.023125  0.0891228  0.0617086  0.0882652   0.132863  0.0889323 0.913694
  0.642884   0.534147   0.650016   0.543135   0.659571   0.554521  0.0108775   0.163933  0.0649916   0.135398   0.134519  0.0949119 0.959721
  0.636114   0.536181    0.64632   0.546929   0.657167    0.55803 0.00742862   0.227392  0.0752791   0.179281    0.14593   0.127041 0.970858
  0.631258   0.538452   0.642567   0.550649   0.652326    0.56261 0.00863808     0.2757  0.0851233   0.223383   0.157637   0.183174 0.977228
  0.626168   0.541785   0.638459   0.553993    0.64855   0.565976  0.0142223   0.329618  0.0925997   0.269149   0.165838   0.226246 0.984495
  0.621062   0.545672   0.634537   0.557532   0.645871   0.569436   0.022292   0.385582   0.101308   0.314035   0.176512   0.260498 0.987868
  0.615493   0.550872   0.630659   0.561138   0.642737   0.574127   0.035448   0.449918   0.110399    0.35879   0.191923   0.302778 0.980852
  0.611245   0.555848   0.626615    0.56455   0.638895   0.575163  0.0500624   0.502471   0.118302   0.404256   0.189426   0.338384 0.964672
   0.60669   0.562322   0.623053   0.568435   0.636198   0.576984   0.070898   0.562737   0.129253   0.447332   0.192635   0.367146 0.954996
   0.60468   0.567293   0.620548   0.573134    0.63298   0.579872  0.0896802   0.596613   0.145878   0.484395   0.199708   0.403923 0.937407
  0.602523   0.572173   0.619141     0.5782    0.63136    0.58374   0.107773   0.631393   0.166218   0.513567   0.214218   0.430746 0.93508
  0.600109   0.577383   0.617997   0.583382   0.630279   0.587089   0.126885   0.669464   0.187577   0.540942   0.227382   0.451282 0.930437
  0.598004   0.583217   0.616709   0.588505   0.628506   0.591654   0.149402   0.707101   0.208402   0.569324   0.244769    0.48179 0.903597
  0.596755   0.588793   0.615552   0.593674   0.628157    0.59524   0.172349    0.73671   0.229677   0.596761   0.260376   0.497043 0.880955
  0.595863   0.593983   0.614921   0.598924   0.628768   0.598745    0.19422   0.762013   0.252305   0.620094   0.277417   0.504013 0.856994
  0.594732   0.600071   0.614165    0.60416   0.629289   0.605029   0.219711   0.792399   0.274636   0.644427   0.306894   0.521294 0.83143
  0.594809   0.606559   0.613569   0.609417   0.630044   0.609373   0.249281   0.814088   0.297363   0.667484   0.328006   0.529951 0.833693
  0.594315   0.613045   0.613504   0.614707   0.630457   0.615879   0.277771   0.840532   0.321233   0.686244   0.358286   0.548899 0.794638
   0.59482   0.619381    0.61352   0.619998   0.631029   0.621407   0.307452   0.858135   0.345257   0.704316   0.384426   0.563165 0.773798
  0.595136   0.626306   0.613534   0.625289   0.631609   0.625807   0.339451   0.879342   0.369282   0.722418   0.405467   0.573476 0.785151
  0.595741   0.632456   0.614002   0.630558   0.633037   0.629979   0.368477    0.89546   0.394053   0.736653   0.427063   0.575927 0.804304
  0.596144   0.638979   0.614715   0.635801   0.634508   0.633625   0.398814   0.914557   0.419168   0.748759   0.446352   0.576213 0.830296
  0.596543   0.646122    0.61521   0.641068   0.635911   0.637278   0.431956   0.935814   0.443982   0.762756   0.465546   0.577083 0.802111
  0.597354   0.652191   0.615752   0.646333    0.63707    0.64108   0.460995   0.949946   0.468871   0.776362    0.48496   0.580504 0.790111
  0.598719   0.656615   0.616518   0.651564   0.638431   0.645353   0.483618   0.953794   0.494033   0.787975   0.506883   0.583867 0.786225
  0.600369   0.661684   0.617829   0.656694    0.64028   0.649046   0.509697   0.957481   0.519751   0.794707   0.527094   0.581161 0.786635
  0.601626     0.6688   0.618975   0.661856    0.64277   0.651222    0.54432   0.971496   0.545305   0.802915   0.541628   0.567884 0.779227
  0.602826    0.67582   0.620394   0.666958   0.646035   0.655406   0.578407    0.98565   0.571103   0.808648   0.566716    0.55506 0.754578
  0.605029   0.682091   0.622405   0.671848     0.6466   0.659823   0.610969   0.988865   0.597043   0.808708   0.587803   0.565557 0.747566
   0.60738   0.687563   0.624602   0.676664   0.647549   0.662588   0.640186   0.988095   0.622997   0.806968   0.602121   0.567161 0.744474
  0.612162    0.69505   0.627287   0.681223   0.648202   0.663172   0.683097   0.973993   0.648701   0.800269    0.60599   0.563725 0.735218
   0.61682   0.701935   0.630875   0.685102   0.651026   0.665422   0.723042   0.958847   0.673012   0.783701   0.621483   0.547915 0.727383
  0.621951   0.706825   0.635124    0.68826   0.652843   0.667191   0.754822   0.932889   0.695288   0.759136   0.632908   0.538859 0.73484
  0.626805   0.710379    0.63962   0.691048    0.65512   0.669703   0.780029   0.904649   0.716348   0.731248   0.648563   0.528514 0.701097
  0.631654   0.714238   0.644116   0.693846    0.65687   0.672602   0.806606   0.877495   0.737457   0.703381   0.664984   0.523897 0.666595
  0.639177   0.718178   0.648802    0.69625   0.659159    0.67471   0.838559   0.828331   0.757132   0.672585    0.67883   0.512065 0.64445
  0.645302   0.720394   0.653973   0.697515   0.662199   0.675923   0.860076   0.784883    0.77255   0.633821   0.690024   0.490894 0.694419
  0.650444   0.722068   0.659132    0.69856   0.665386   0.676483   0.877295    0.74776   0.786945   0.594394   0.698532   0.466246 0.694797
  0.655487    0.72468   0.664314   0.699731   0.669264   0.676874    0.89858     0.7147   0.801957   0.555212   0.707564   0.435251 0.701446
  0.664046   0.726393   0.669603   0.700034   0.672964   0.677666   0.922373   0.649222   0.813234   0.512152   0.718082   0.407126 0.659764
  0.670201   0.727423   0.674802   0.700919   0.677608   0.678091    0.93857   0.601446   0.826981   0.471842   0.728702   0.369861 0.59903
  0.679046   0.728469   0.680006   0.701918   0.680364   0.678565    0.95987   0.531288   0.841253   0.431885   0.736014   0.348509 0.569227
  0.689426   0.728728   0.685283    0.70216    0.68469   0.679526   0.980477   0.445614   0.852231   0.388712   0.748467   0.315747 0.56517
  0.696539   0.727183   0.690578    0.70207    0.68652   0.680081   0.986789   0.380983   0.861737   0.344247   0.754414   0.302397 0.533555
  0.702821   0.725053   0.695865   0.702179   0.689074   0.680656   0.988888   0.321265   0.872127   0.300536     0.7618   0.283081 0.532367
  0.708705   0.720946   0.701155   0.701903   0.692548   0.680672    0.98128   0.258061   0.880778   0.255469   0.768378   0.254164 0.556813
  0.715074   0.716728   0.706119   0.700142   0.694213   0.680436   0.974071    0.19043   0.882085   0.208019   0.770426   0.239467 0.512986
   0.72235   0.710148   0.710332   0.696912   0.695683   0.679847   0.957852   0.107114   0.875322   0.161768   0.770505   0.225182 0.568035
  0.725869   0.703422   0.713862   0.692991   0.697881   0.679189   0.933934   0.054608   0.864149    0.11883   0.771633   0.204588 0.584144
   0.72672   0.695956   0.716974   0.688686   0.703092   0.678572   0.901666  0.0218168    0.85045  0.0780647   0.778592   0.159006 0.545434
  0.722545   0.685066   0.719854   0.684377   0.708511    0.67722   0.844461  0.0191432   0.836301  0.0392139   0.782606   0.109167 0.28252
  0.722733   0.679826   0.722733   0.679826   0.722733   0.679826   0.821048 -0.000458871   0.821048 -0.000458871   0.821048 -0.000458871 0
