78
  0.177828   0.671315   0.177828   0.671315   0.177828   0.671315   0.306378  0.0859902   0.306378  0.0859902   0.306378  0.0859902 0
  0.179398   0.666209   0.176741   0.666647   0.171096   0.668143   0.286472   0.065687   0.284401  0.0828251   0.282457   0.120417 0.258031
  0.179539   0.660699   0.175531   0.662047   0.166662   0.665036   0.262667  0.0532613   0.262532  0.0805529   0.262264   0.140953 0.609399
  0.180433   0.655049   0.174032   0.657537   0.165904   0.664982   0.239378  0.0359483   0.240628  0.0802323   0.260893   0.145467 0.968948
  0.180509   0.650947   0.172008   0.653164   0.163554   0.665051   0.221607  0.0268717   0.218527  0.0834047    0.25767    0.15995 0.998951
  0.179542   0.640391    0.16909   0.649417   0.161262   0.666151   0.174145  0.0106175   0.197818  0.0933513    0.25903   0.176249 1
  0.175968   0.632392    0.16517   0.646729   0.158397   0.666697   0.133916   0.015639   0.180222   0.111633   0.257116    0.19488 1
  0.168359   0.624539   0.160678   0.645097   0.156853   0.666948  0.0882709  0.0455923   0.166373   0.135622   0.255893   0.204831 1
  0.161257    0.62085   0.155971   0.644202   0.156794   0.670114  0.0615423  0.0811942   0.155414   0.162468   0.269607   0.211838 1
   0.15407   0.618602   0.151244   0.643697   0.154284   0.672604  0.0409673   0.120339   0.146128   0.190257   0.276696   0.232382 1
  0.144967   0.617497   0.146463   0.643585   0.150356    0.67271  0.0225015   0.173572   0.138472   0.219202   0.271269   0.256574 1
  0.136338   0.618601    0.14171   0.644108   0.148496   0.673128  0.0143762   0.228553   0.133624   0.249308   0.270305   0.268807 1
  0.129441   0.619956   0.137176   0.645555   0.145975   0.675265 0.00994441   0.273486   0.133135   0.280017   0.275841   0.288674 1
  0.123598   0.621476   0.132968     0.6478   0.142492   0.677273  0.0078086   0.312337    0.13661   0.310411   0.279372   0.314149 0.997718
   0.11645   0.624192   0.128998   0.650468   0.139581   0.677631 0.00893201   0.361663   0.142287   0.340237    0.27657   0.332664 0.998926
  0.110584   0.626445   0.125005    0.65308   0.138509    0.67899 0.00995837   0.402189   0.147692   0.370088   0.280886   0.342064 1
  0.106164   0.630673   0.120934   0.655568   0.136219   0.681697  0.0217641   0.438045    0.15243   0.400156    0.28925   0.361719 0.993962
  0.102588   0.631875   0.116866   0.658072   0.133923   0.684742  0.0216415   0.462387   0.157249   0.430243   0.299084    0.38212 0.994744
 0.0977315   0.633916   0.112962   0.660812   0.132306   0.687154  0.0232583   0.496313   0.163339   0.459819   0.307175   0.397054 0.991219
 0.0921728   0.636974   0.109227   0.663786    0.13008   0.689998  0.0282513   0.536655   0.170705   0.488854   0.316236   0.416608 0.997818
 0.0865371   0.640557   0.105532   0.666813   0.125145   0.691744  0.0354252   0.578572   0.178359   0.517756   0.316445   0.450393 0.995101
 0.0821152   0.643755   0.101657   0.669592    0.12168    0.69554  0.0427339   0.612271   0.184666   0.547241   0.327796   0.479508 0.984904
 0.0774735   0.647409  0.0976233   0.672152    0.11638   0.696892  0.0517025   0.648268   0.189777   0.577232   0.325747   0.514689 0.980929
 0.0721693   0.652528  0.0936414   0.674779   0.113636   0.698682  0.0660669   0.691386   0.195256   0.607046   0.329433    0.53519 0.981024
 0.0674397   0.657058  0.0898209   0.677639   0.110917   0.700449  0.0787207   0.729757   0.201999   0.636368   0.333061   0.555499 0.967848
 0.0632363    0.66317  0.0862044   0.680766   0.107782    0.70252  0.0990628    0.76824   0.210207   0.665002   0.337386   0.578977 0.965119
 0.0593988   0.668008  0.0827836   0.684078   0.105117   0.703165   0.114402   0.801816   0.219516   0.692831   0.336205   0.596598 0.960965
 0.0563189   0.673954  0.0795332   0.687582   0.104045   0.703712   0.135704   0.833094   0.229918   0.720024   0.336981   0.604283 0.958909
 0.0539721   0.679304  0.0766185   0.691378   0.102703   0.705744   0.155506   0.858645   0.242093   0.745779   0.343827   0.616739 0.951683
 0.0511139   0.684269  0.0745082   0.695634   0.100964   0.706756   0.172865    0.88651   0.257482   0.767591   0.345635   0.629476 0.924123
 0.0494729   0.691525  0.0732886   0.700255   0.100804   0.707299   0.202034   0.911756   0.275801   0.784736   0.347759   0.631596 0.906927
 0.0475747   0.698809  0.0728082   0.705018   0.100174   0.709338   0.230942   0.938631   0.295841   0.797664   0.355705   0.639723 0.860869
 0.0471683   0.708001   0.072905   0.709773  0.0996961   0.711162   0.270405   0.960406   0.316715   0.807054   0.362938   0.646464 0.857884
 0.0477914   0.717124  0.0732983   0.714525  0.0999606   0.713583   0.311107   0.975751   0.338022   0.814629   0.373888   0.649932 0.895809
 0.0487999   0.723818  0.0738322    0.71931   0.100672   0.715321   0.341799   0.983647    0.35968   0.821414   0.382534   0.649238 0.886892
   0.04991   0.729318  0.0752135   0.723826   0.101981   0.718347   0.367442   0.988418   0.381438   0.822463   0.397684   0.647602 0.89952
 0.0510847   0.734867  0.0775039   0.728028   0.102991   0.721068   0.393393   0.992896   0.403188   0.817304   0.411062   0.647152 0.894356
 0.0535274   0.740677  0.0797728   0.732255   0.104632   0.724039   0.422379   0.990182   0.425017   0.812331   0.426473   0.643371 0.892629
  0.055933    0.74611  0.0813642   0.736718   0.107318   0.727892   0.449671   0.986906   0.446859   0.811987   0.447297   0.635063 0.924816
 0.0573762   0.750462  0.0821246   0.741438   0.110248   0.732297   0.470807   0.987234   0.468575   0.817254   0.470892   0.626426 0.89239
 0.0592222   0.755467  0.0825742   0.746213   0.111346   0.735719   0.495394   0.986473   0.490065   0.824533   0.487454   0.626912 0.880184
 0.0621235   0.761527  0.0834132   0.750886   0.112155   0.738999    0.52616   0.981487   0.511694   0.829221   0.502966    0.62886 0.856846
 0.0648662   0.766436  0.0851363   0.755342   0.113138    0.74254   0.551673   0.975053   0.533701   0.828057   0.519876   0.630295 0.82616
 0.0689356   0.772404  0.0875394   0.759479   0.113686   0.745752   0.583789   0.962744   0.555339   0.822076   0.534698   0.633692 0.827108
 0.0715835    0.77706  0.0904233   0.763271   0.114702   0.747019   0.608055   0.956356   0.576194   0.812435   0.541747    0.63015 0.838795
 0.0750051   0.781866   0.093681   0.766759   0.116151   0.751312   0.634136   0.945563   0.596283   0.799875   0.562635   0.630318 0.805904
 0.0787569   0.786952  0.0971773   0.770018   0.118364   0.752149   0.661931   0.933341    0.61573   0.785377   0.569602   0.618568 0.8122
 0.0835019   0.791497   0.100684   0.773252   0.121592   0.755368    0.68886   0.913923   0.635085   0.770764   0.588473   0.605627 0.827046
 0.0864959   0.795468   0.103946   0.776735   0.122191   0.758399   0.710657   0.903985   0.655158   0.758169   0.602584   0.608331 0.83862
 0.0904789   0.798355   0.107173   0.780258    0.12437   0.760907   0.729218   0.885738   0.675357   0.745869   0.616784   0.600298 0.842595
 0.0948667   0.802299   0.110626   0.783549   0.127172   0.763131   0.752986   0.867237    0.69488   0.731703   0.630677   0.587866 0.845107
  0.101193   0.806631   0.114327   0.786559   0.129802   0.765386   0.781358   0.837719   0.713549   0.715435   0.644454   0.576548 0.841768
  0.105653   0.809307   0.118202   0.789356   0.132271   0.766755   0.799711   0.816117    0.73155   0.697654   0.654123   0.564354 0.807994
  0.110942   0.811835   0.122194   0.791973   0.135949   0.770041   0.818658   0.789145   0.748946   0.678785    0.67396   0.548803 0.76897
  0.117744   0.814928   0.126383   0.794239    0.13696   0.771568    0.84234   0.754127   0.765102   0.657978   0.682135   0.545842 0.754284
  0.122535   0.817188   0.130722   0.796246   0.138978   0.772479   0.859378    0.72963   0.780357    0.63571    0.68913   0.535434 0.768759
  0.126672   0.819063   0.135106   0.798156   0.141305   0.773305    0.87375   0.708316   0.795258   0.612965   0.696222   0.522969 0.762011
  0.130546   0.822773   0.139676   0.799431   0.145822   0.773621   0.895733    0.69246   0.807668   0.587746   0.704371   0.496062 0.798239
   0.13575    0.82573   0.144436   0.800015   0.151181   0.773848   0.916426   0.666908   0.817352   0.559923   0.713396   0.463835 0.773047
  0.142938   0.826478   0.149178   0.800568   0.155654   0.775253   0.930464   0.624614   0.826872   0.532147   0.726226   0.439487 0.784172
  0.147112   0.824508   0.153893   0.801241   0.158784   0.776225   0.928133   0.595001   0.836875    0.50478   0.735158    0.42242 0.786146
  0.153722   0.824618   0.158633   0.801859   0.161011   0.778943   0.938524   0.554895   0.846674   0.477151   0.750342   0.414536 0.805506
  0.162239   0.824497     0.1634   0.802091   0.165096   0.779468   0.950768    0.50266   0.854834   0.448543   0.758754   0.390709 0.808047
  0.168451   0.824724   0.168175   0.802046   0.168752   0.779796   0.961069   0.465228   0.861797    0.41931   0.765668   0.369084 0.804581
  0.174362   0.825532   0.172937   0.802098   0.172378   0.778776   0.973453   0.430845   0.869162   0.390354   0.766659   0.344813 0.796679
  0.180327   0.826332   0.177699   0.802583   0.175723   0.778101   0.985886   0.396123   0.878418   0.362313    0.76873   0.322984 0.80203
  0.187358   0.824822   0.182458   0.803003    0.17866   0.777024   0.989844   0.350043   0.887384   0.334146   0.768438   0.302796 0.714821
  0.191977   0.822463   0.187174   0.802416   0.184733     0.7769   0.986486   0.316899   0.891895   0.304137   0.777005   0.265476 0.668403
  0.197281   0.820766   0.191704   0.800891   0.189668   0.776779   0.987039   0.280971   0.892041   0.273285   0.783876   0.235104 0.575267
  0.201861    0.81833    0.19612   0.799072   0.193599   0.776811   0.983287   0.247904    0.89073   0.242518   0.789908   0.211177 0.514604
  0.206316   0.814907   0.200714   0.797817   0.197904   0.776899   0.975044    0.21353   0.892146   0.211844   0.796748    0.18509 0.473106
  0.210844   0.810929   0.205427   0.796963   0.201685    0.77661   0.964492   0.177546   0.895488   0.181292   0.801156   0.161404 0.459688
  0.214748   0.805524   0.210096   0.795999   0.205509   0.776911   0.946784   0.142378   0.898287   0.150772   0.808201   0.138704 0.497474
  0.217447   0.800796   0.214633   0.794534   0.208164   0.777339   0.930222   0.115982   0.898706    0.12001   0.814046   0.123398 0.528523
  0.222318   0.796683   0.218965   0.792513   0.211773   0.777504   0.919593    0.07762    0.89639  0.0893312   0.820178    0.10172 0.591673
  0.225509   0.794371   0.223073   0.790089   0.216091   0.778021   0.914299  0.0532928   0.891983  0.0591687   0.828905  0.0764494 0.576561
   0.22919   0.790753   0.227072   0.787483   0.220931   0.778343   0.904048  0.0232325   0.886618  0.0292928   0.837564  0.0475893 0.167358
   0.23104   0.784827    0.23104   0.784827    0.23104   0.784827   0.880989 -0.000496263   0.880989 -0.000496263   0.880989 -0.000496263 0
