42
  0.285739  0.0226437   0.285739  0.0226437   0.285739  0.0226437    1.00027   0.531301    1.00027   0.531301    1.00027   0.531301 0
  0.271446  0.0269296   0.285318  0.0283552   0.296356  0.0290081   0.980102   0.226705    0.97578   0.525919   0.974401   0.763708 0.869866
  0.266057  0.0326319   0.284923  0.0340685    0.30168   0.034467   0.955013   0.114503   0.951284   0.521108   0.951727   0.881691 0.977095
  0.263512  0.0382602   0.284592  0.0397859   0.305433  0.0407412   0.930605  0.0634169   0.926778   0.517682   0.925362   0.966444 0.991833
  0.262652  0.0456281   0.284403  0.0455098   0.305603  0.0458361    0.89897  0.0496578   0.902264   0.517299   0.903584   0.973371 0.995172
  0.263302  0.0514895   0.284366  0.0512365   0.301091  0.0497228   0.873974  0.0674062   0.877756   0.520196   0.886376   0.878853 0.974234
  0.264056  0.0563617   0.284381  0.0569636   0.299594  0.0549784   0.853224  0.0867725   0.853254   0.524196   0.863698    0.85005 0.906363
  0.264387  0.0627869    0.28436  0.0626899    0.29964  0.0615494   0.825775  0.0980251    0.82875   0.527443   0.835588   0.855282 0.909353
  0.264079  0.0695195   0.284464  0.0684207   0.300441  0.0680806   0.796929  0.0957395   0.804243   0.533368   0.807745   0.876706 0.915431
  0.263209  0.0736449   0.284097  0.0741236   0.302063  0.0726996   0.779166  0.0796904   0.779795   0.529142    0.78819   0.914559 0.899097
  0.261073  0.0801814   0.283438  0.0798192   0.303234  0.0796007   0.750925  0.0379542   0.755341   0.518658   0.758812   0.944178 0.883806
  0.263453  0.0849678   0.283309  0.0855418   0.303376  0.0858074    0.73075  0.0922318   0.730839   0.519564   0.732274   0.951226 0.883887
  0.263723  0.0926967   0.283343  0.0912696   0.302816  0.0916263   0.697715   0.103006   0.706336   0.523977   0.707305    0.94294 0.854133
  0.264614  0.0993645   0.283328  0.0969961   0.302001  0.0970417   0.669299   0.126463   0.681832   0.527343    0.68403   0.928906 0.885617
  0.265436   0.104732   0.283339   0.102723   0.300831   0.100971   0.646438   0.147602   0.657329   0.531266   0.667067   0.906282 0.857926
  0.263497   0.108304   0.283316   0.108451    0.30145   0.105954   0.630906     0.1082    0.63282   0.534468   0.645826   0.922794 0.844368
  0.264648   0.114298   0.283371   0.114176   0.301473   0.113902   0.605407    0.13681   0.608329   0.539341    0.61182   0.928412 0.854185
  0.265631   0.120761   0.283228   0.119905   0.301191   0.120361   0.577881   0.162111   0.583799    0.53996   0.584149   0.926511 0.839793
  0.265846   0.124976   0.283663   0.125612   0.300134   0.125791   0.559874   0.169457   0.559438   0.552983   0.560779   0.907273 0.842609
  0.267043   0.131387   0.284234   0.131312   0.299369   0.131383   0.532595   0.199313   0.535121   0.568926   0.536756   0.894419 0.849009
  0.267957   0.135003   0.284974    0.13699   0.299179   0.136981   0.517241   0.221305   0.510923   0.588506   0.512779   0.893946 0.812812
  0.268277   0.141756   0.285642   0.142678   0.299888   0.141629   0.488387   0.232533   0.486671   0.606521   0.492984   0.912193 0.786067
  0.267194    0.14629   0.286345   0.148365   0.300809   0.146406   0.468852   0.212163   0.462427   0.625311    0.47266   0.935074 0.796098
  0.267937   0.152952   0.286421    0.15408   0.300603   0.153906   0.440441   0.232438   0.437984   0.630632   0.440547    0.93546 0.808264
  0.268066   0.159576   0.285013   0.159642   0.300246   0.160484   0.412115   0.239482   0.414004    0.60393   0.412353   0.932034 0.811396
  0.268137   0.164883   0.284267   0.165313   0.301482   0.166652   0.389417    0.24442   0.389647   0.591551   0.386121   0.962586 0.788113
   0.26764   0.170911   0.284433    0.17103   0.302077   0.172496   0.363562   0.237621   0.365206   0.598801   0.361195   0.979141 0.759435
  0.267508   0.177924   0.283572   0.176707   0.301458   0.178151   0.333538   0.239282   0.340804   0.583932   0.336919   0.969466 0.78945
  0.268092   0.183412   0.283238   0.182414    0.30044   0.185168    0.31013   0.255394   0.316342   0.580421   0.306766   0.952092 0.780997
  0.269426   0.190426   0.283361   0.188143   0.299739   0.190646   0.280291   0.288579   0.291846    0.58677   0.283238   0.940546 0.795037
  0.270248   0.192516   0.283318   0.193867    0.29791   0.195094   0.271454   0.307601    0.26735    0.58952    0.26397   0.904085 0.734591
  0.270667   0.199117   0.283307   0.199598   0.297937   0.200809   0.243265   0.320878   0.242826   0.592987    0.23952   0.908362 0.706525
  0.270038   0.205134   0.283768   0.205297   0.297785   0.208284   0.217442   0.311227   0.218503   0.606572   0.207519   0.909894 0.665555
  0.270646   0.211275   0.284436   0.210965   0.296554   0.214387   0.191243   0.328249   0.194334   0.624571   0.181248   0.887348 0.69258
  0.271757   0.216892   0.284439   0.216702   0.295516   0.219571   0.167353   0.355758   0.169791   0.628329   0.158935   0.868369 0.65384
  0.272109   0.223667   0.284307   0.222422   0.296465   0.223767   0.138407   0.367695   0.145297   0.629178     0.1411    0.89148 0.572423
  0.273672   0.229209   0.283603   0.228108    0.29432    0.23097   0.114895   0.404874   0.120879   0.617715   0.110006   0.850007 0.566299
  0.273252   0.234883   0.282917   0.233792   0.293759   0.234562  0.0905662   0.399483  0.0964695   0.606622  0.0945655    0.84026 0.47269
  0.273328    0.23967    0.28278   0.239514   0.292835   0.239208  0.0700937   0.404219  0.0719727   0.607352   0.074569   0.823383 0.40482
  0.273321   0.245084   0.283274   0.245232   0.292615   0.245337  0.0469278   0.407555  0.0475692   0.621665  0.0483153   0.822584 0.302312
  0.275225   0.252122   0.283055   0.250915   0.290849   0.252122  0.0170575   0.453025  0.0232269   0.620624  0.0190612   0.788993 0.184254
  0.281893   0.256564   0.281893   0.256564   0.281893   0.256564 -0.00109314    0.59927 -0.00109314    0.59927 -0.00109314    0.59927 0
