74
   0.12177  0.0126969    0.12177  0.0126969    0.12177  0.0126969 -0.000745422   0.563652 -0.000745422   0.563652 -0.000745422   0.563652 0
   0.11427  0.0182616   0.121882  0.0180502   0.130341  0.0178604  0.0124571   0.815997  0.0129506   0.569251  0.0136147   0.295097 0.771966
   0.11161  0.0231014   0.121807  0.0234203   0.133826  0.0232634  0.0244643   0.910446  0.0266644   0.580917   0.027896   0.191573 1
  0.111404   0.029484   0.121815  0.0287857    0.13401  0.0276258  0.0407475   0.928101  0.0403773   0.589863  0.0390697   0.193103 1
  0.111945  0.0360218    0.12241  0.0341032   0.134456  0.0324866  0.0575292   0.921832  0.0540474   0.579772  0.0515523   0.187058 1
  0.112269  0.0410389   0.123311  0.0393889    0.13508  0.0375961   0.070395   0.919976  0.0676781   0.559698  0.0646951   0.175619 1
  0.112645  0.0459089   0.124131  0.0446839   0.135483  0.0430652  0.0828916   0.916189  0.0813214   0.542265  0.0787266   0.171991 1
  0.112943   0.051121   0.124643  0.0500221   0.136654  0.0482414  0.0962523   0.915518  0.0950332   0.534871   0.092114   0.142998 0.989311
   0.11336  0.0557638   0.124936  0.0553787    0.13694  0.0541564   0.108174   0.909978   0.108762   0.534604   0.107269   0.143927 1
  0.113341  0.0620122   0.125224  0.0607297    0.13729   0.059558    0.12414   0.921352   0.122476   0.534501   0.121121   0.141897 0.965005
  0.113679  0.0672852   0.125684  0.0660683   0.137916  0.0646398   0.137661   0.919493   0.136182   0.528765   0.134193   0.130373 0.974129
   0.11357  0.0730236   0.126222  0.0714043   0.138172   0.070462   0.152312   0.932897   0.149892   0.520544   0.149107   0.132085 0.945128
  0.113657  0.0778638   0.126789  0.0767358   0.138521   0.075988   0.164693   0.938402   0.163594   0.511371   0.163277   0.130294 0.906446
  0.114008  0.0829505   0.127455  0.0820501   0.139025   0.080925    0.17774   0.935787   0.177266   0.498956   0.175962    0.12248 0.905575
  0.114319  0.0882324   0.128348  0.0873425   0.139447  0.0862589   0.191281   0.934821   0.190912   0.479154   0.189651   0.117994 0.851532
  0.114536  0.0939752   0.129108  0.0926473   0.139841  0.0916365   0.205987   0.937678   0.204573   0.463664   0.203447   0.114496 0.822071
  0.114905  0.0989852   0.129259  0.0980021   0.140191  0.0970744   0.218841   0.934332   0.218278   0.468001   0.217392   0.112534 0.796015
  0.115456   0.104295   0.129133   0.103368   0.140604   0.102195   0.232485    0.92563   0.231975   0.481299   0.230535   0.107962 0.803749
  0.115775   0.109644   0.129178   0.108724   0.141054   0.107294   0.246198   0.924522   0.245668   0.489083   0.243628    0.10216 0.788703
  0.115929   0.115373   0.129624   0.114069     0.1412   0.113254   0.260859   0.929379   0.259387   0.483842   0.258877   0.107685 0.781865
  0.116271   0.120718   0.130216   0.119397   0.141784   0.118074   0.274567   0.927506   0.273086   0.473836   0.271274  0.0970763 0.801077
  0.116599    0.12598   0.130985     0.1247   0.142129   0.123604   0.288058   0.925958   0.286742   0.458077   0.285454  0.0954469 0.77452
  0.116895   0.131262   0.131932   0.129986   0.142132   0.130077   0.301597   0.925461    0.30038   0.436506   0.301996   0.106473 0.771618
  0.117206   0.136902   0.132369   0.135317   0.142532   0.135342   0.316054   0.925089   0.314064   0.431546   0.315507   0.102573 0.746724
  0.117727   0.141366   0.132335   0.140684   0.143039   0.140436   0.327534   0.915914   0.327773   0.441861   0.328594  0.0949424 0.751357
  0.118179   0.146075   0.132285   0.146043   0.143473   0.145583   0.339628   0.909395   0.341462   0.452691   0.341807  0.0897342 0.746609
  0.118318   0.152155   0.132285   0.151403   0.143793   0.151293   0.355185   0.915353    0.35516   0.461912   0.356442  0.0892227 0.747895
  0.118843   0.156667   0.132299   0.156765   0.144247   0.156253   0.366788   0.906129   0.368866   0.470711   0.369179  0.0830348 0.73312
  0.119189   0.161953    0.13229   0.162126   0.144755   0.161285   0.380344   0.903995   0.382565   0.480202   0.382108  0.0752643 0.746138
  0.119455   0.167362    0.13229   0.167486   0.145011   0.167112   0.394203    0.90469   0.396264   0.489443   0.397036  0.0770151 0.77794
  0.119703    0.17317   0.132296   0.172848   0.145304    0.17221   0.409078   0.906654   0.409967   0.498478   0.410103  0.0762956 0.742218
  0.120037   0.178609   0.132292    0.17821   0.145753   0.177169   0.423025   0.905219   0.423671   0.507839   0.422839  0.0702976 0.697028
  0.120523   0.183528   0.132279   0.183569   0.145972   0.182781   0.435661   0.897944   0.437362   0.517455   0.437208  0.0728591 0.705263
  0.120801   0.188979   0.132256   0.188931    0.14641   0.187261   0.449629   0.898334   0.451064   0.527422   0.448719  0.0663786 0.726672
  0.121108   0.194427   0.132364   0.194294   0.146616    0.19293   0.463596   0.897774   0.464784   0.533175   0.463234  0.0694788 0.741514
  0.121392   0.199845   0.132975   0.199613   0.146609   0.198854   0.477479   0.897895    0.47846   0.522545   0.478373  0.0798796 0.722678
  0.121692   0.205493    0.13381   0.204915   0.146943   0.203915   0.491955   0.897902   0.492124   0.504616   0.491351  0.0777967 0.667998
  0.122142   0.210132   0.134363   0.210245   0.147028   0.209425   0.503872   0.891327    0.50582   0.495898   0.505444  0.0845195 0.673183
  0.122359   0.215427   0.134454   0.215602   0.147271   0.214855   0.517431   0.893412   0.519523   0.502176   0.519355  0.0860033 0.660935
  0.122369   0.221598   0.134364   0.220967   0.147253   0.220852   0.533205   0.903706   0.533222    0.51432   0.534678  0.0968824 0.673031
  0.122045   0.226674   0.134374   0.226326   0.147253   0.226828   0.546133    0.92292   0.546918   0.523222   0.549949   0.107168 0.632892
  0.122296    0.23201   0.134378   0.231687   0.146923   0.231742   0.559803   0.923976   0.560619   0.532315   0.562463   0.126304 0.626931
  0.122526   0.237407   0.134371   0.237049    0.14694   0.237617   0.573628   0.925816   0.574322   0.541753    0.57748   0.135862 0.601937
  0.122835   0.242573    0.13438    0.24241    0.14661   0.242482   0.586872   0.924707   0.588022   0.550695   0.589867   0.154924 0.596418
  0.123174   0.247719   0.134371   0.247771   0.146613   0.248288   0.600067   0.922583   0.601721   0.560212   0.604707   0.164818 0.570166
  0.123302    0.25337   0.134374   0.253132   0.146706   0.253589   0.614527   0.928158   0.615424   0.569343   0.618267   0.170934 0.609726
  0.123546   0.259135    0.13439   0.258493   0.146929   0.258881   0.629295   0.930176   0.629127   0.578051   0.631821   0.172794 0.582745
  0.123947   0.264215   0.134342   0.263853   0.147219   0.263669    0.64233   0.925945   0.642819   0.588832   0.644097   0.171674 0.626906
  0.124418   0.269145   0.134304   0.269217   0.147563   0.268576   0.654994   0.919174   0.656521   0.599265   0.656684   0.168977 0.599228
  0.124597   0.274659   0.134541   0.274567    0.14775    0.27373   0.669109   0.922857   0.670225   0.600814    0.66988    0.17179 0.635945
  0.124766   0.280698    0.13537   0.279861   0.147884   0.279462   0.684566   0.927779   0.683867   0.583069   0.684547   0.177315 0.550123
  0.125244   0.285259   0.136271   0.285151   0.148142   0.284462   0.696287   0.920163   0.697509   0.563014    0.69736   0.177561 0.615105
  0.125544   0.290575   0.136848   0.290479   0.148541   0.289465   0.709914   0.919596   0.711205   0.553501   0.710202   0.173238 0.611132
  0.125779   0.296071   0.137341   0.295818   0.148716   0.294833   0.723991   0.921438   0.724916   0.546724   0.723942   0.176813 0.588185
  0.125863   0.301746   0.137578    0.30117   0.148855   0.300768   0.738506   0.928483   0.738625   0.548279   0.739129   0.182521 0.611751
  0.126165   0.307125   0.137514   0.306535   0.149135   0.305972   0.752293    0.92796   0.752326   0.559567   0.752465   0.182407 0.587602
  0.126434   0.312605    0.13748   0.311895   0.148902   0.311196   0.766334   0.928674    0.76602   0.569902   0.765785   0.198963 0.574589
  0.126502   0.318568   0.137451   0.317256   0.148935   0.316649   0.781581   0.936737   0.779716    0.58006   0.779725   0.207281 0.586005
  0.126797   0.324328   0.137507   0.322616   0.149387   0.321304   0.796344   0.937125   0.793422   0.587475   0.791684   0.200639 0.584323
  0.127016   0.330272   0.137968   0.327956   0.149495   0.327215   0.811564   0.940253   0.807132   0.581751   0.806803   0.207335 0.578652
  0.127366   0.336072   0.138709   0.333269   0.149644   0.332583   0.826434   0.938908   0.820811   0.566894   0.820543   0.211738 0.58208
  0.127956   0.340969   0.139509   0.338568   0.150268   0.337163   0.839027   0.928211   0.834461   0.550095   0.832333   0.199416 0.555698
  0.128541   0.346364   0.140241   0.343879   0.150453   0.343205   0.852894   0.918584   0.848132   0.535545   0.847798    0.20381 0.550332
  0.129103   0.351632   0.140862   0.349204   0.150765   0.348385   0.866435   0.909442   0.861828   0.524602    0.86108    0.20263 0.513197
  0.129899   0.356873   0.141409   0.354538   0.151102    0.35358   0.879937   0.892693   0.875532     0.5161     0.8744    0.20067 0.458791
  0.130679   0.361766   0.141954    0.35987   0.151121    0.35969   0.892546   0.875869   0.889232    0.50763   0.890019   0.210564 0.493051
  0.131401   0.367093   0.142464   0.365208   0.151665   0.364028   0.906259   0.861652   0.902944   0.500285   0.901177    0.20043 0.448191
  0.132316   0.372122   0.143075   0.370534   0.152115   0.369043   0.919235   0.840696   0.916638   0.489666   0.914056   0.194475 0.448717
   0.13297   0.377564   0.144019    0.37581   0.152444   0.374271   0.933233   0.828869    0.93025   0.468183   0.927461   0.192829 0.389234
  0.134069   0.382921   0.144937   0.381096   0.152726   0.379885   0.947071   0.802515   0.943882    0.44758   0.941846   0.193359 0.375529
  0.136143   0.387102   0.145429   0.386428   0.153035   0.386499   0.958039   0.742587   0.957576   0.440815   0.958791   0.194727 0.393558
  0.136731   0.391534   0.145354    0.39179   0.153248   0.391754   0.969444   0.731158   0.971268   0.452473   0.972249   0.196871 0.254454
  0.138693   0.397008   0.145039   0.397149   0.149986    0.39765     0.9837   0.677063   0.984922   0.471894   0.986874   0.312629 0.241241
  0.144717   0.402494   0.144717   0.402494   0.144717   0.402494   0.998539   0.491519   0.998539   0.491519   0.998539   0.491519 0
