79
 0.0688773  0.0124753  0.0688773  0.0124753  0.0688773  0.0124753 -0.000346243   0.629374 -0.000346243   0.629374 -0.000346243   0.629374 0
 0.0628106  0.0193231  0.0700859  0.0176902  0.0777275  0.0158351  0.0153854   0.828092  0.0122997   0.599525 0.00872318   0.359239 0.922709
  0.060983  0.0256865  0.0713804  0.0228915  0.0818066  0.0198891  0.0304393    0.89432  0.0249229   0.566984  0.0189127   0.238442 1
 0.0610092  0.0307065  0.0726544  0.0280983  0.0829666  0.0258404  0.0424828   0.900939  0.0375571    0.53509  0.0333194   0.211194 1
 0.0613015  0.0348444  0.0736221  0.0333605  0.0839131  0.0320547  0.0524412   0.897977   0.050289   0.512797  0.0483324   0.190972 1
 0.0616084  0.0397859   0.074438  0.0386554  0.0844946  0.0370507  0.0643283    0.89575  0.0630821   0.495271  0.0603819   0.180289 1
 0.0618747  0.0449312  0.0752301  0.0439561  0.0852047  0.0416286  0.0766998    0.89509  0.0758864   0.478496  0.0714432   0.164992 1
 0.0619345   0.050429   0.075702  0.0492895  0.0858757  0.0464986  0.0898933   0.901368  0.0887327   0.471722  0.0832006   0.151346 1
 0.0618502  0.0559168  0.0760096  0.0546374  0.0862215  0.0523153   0.103046   0.912113   0.101595   0.470076  0.0971917   0.149204 1
 0.0617115  0.0609253  0.0765555  0.0599578  0.0862114  0.0589282   0.115043   0.923839   0.114418   0.460983   0.113051   0.159308 0.998591
 0.0619412   0.066035  0.0773396  0.0652572  0.0865324  0.0646243   0.127325   0.924261   0.127218   0.444454    0.12675    0.15776 0.944029
 0.0619314  0.0720239  0.0780461  0.0705661  0.0867534  0.0703258   0.141689    0.93343   0.140033   0.430352   0.140451   0.159332 0.914314
 0.0621273  0.0775897  0.0782206  0.0759192  0.0871101   0.075723   0.155061   0.935579   0.152892   0.432849   0.153437   0.156233 0.866857
 0.0622703  0.0830132  0.0781392  0.0812816  0.0871669  0.0821111   0.168085   0.939164   0.165745   0.443317   0.168765   0.163922 0.84118
 0.0625812  0.0881776  0.0781125  0.0866279  0.0876932  0.0860086   0.180508   0.937142   0.178565   0.452062   0.178174   0.153332 0.847174
 0.0629309  0.0934973  0.0780268  0.0919941   0.088283  0.0910845   0.193307   0.934148   0.191426   0.462669   0.190416   0.142511 0.849198
 0.0633658  0.0981347  0.0781781   0.097348  0.0886965  0.0962283    0.20448   0.927492   0.204285   0.465891     0.2028   0.137271 0.847792
 0.0638061   0.102978  0.0789469   0.102636    0.08909   0.101662   0.216147   0.920975   0.217056   0.449821   0.215878   0.133081 0.817989
 0.0638632   0.108837  0.0800635   0.107886  0.0894886   0.106956   0.230206   0.927871   0.229776   0.422883   0.228621   0.128527 0.794883
 0.0640429   0.114713  0.0810095   0.113155  0.0898541   0.112475   0.244321   0.930986   0.242522   0.401275   0.241901   0.125338 0.777583
  0.064228   0.120223   0.081297   0.118496  0.0902271   0.117908   0.257558   0.933388   0.255366   0.400246   0.254974   0.121785 0.749428
 0.0646914   0.125079  0.0812749   0.123864  0.0907777   0.122898   0.269258   0.926169   0.268237   0.408878   0.267006   0.112056 0.778711
 0.0649612   0.130409  0.0814063   0.129213  0.0911838   0.128338   0.282072   0.925673   0.281081   0.412711   0.280099   0.107485 0.783534
 0.0653921   0.135343  0.0818238   0.134553  0.0915981   0.133792   0.293956   0.919583   0.293937   0.407636   0.293228   0.102677 0.798771
 0.0654564   0.141202  0.0822059   0.139898  0.0918727    0.13952   0.308017   0.926258   0.306802   0.403671   0.306998    0.10262 0.788501
 0.0658102   0.146561  0.0822633   0.145254  0.0923849   0.144416   0.320909   0.923192   0.319655   0.409817     0.3188  0.0939474 0.757857
 0.0662251   0.151499  0.0824438   0.150605  0.0927105   0.150046   0.332802   0.917605   0.332509   0.412125    0.33234  0.0921594 0.790969
 0.0664349   0.156886  0.0828298   0.155948  0.0930991   0.155363   0.345746   0.919055    0.34537   0.408034    0.34514  0.0879506 0.793318
 0.0667458   0.162493  0.0831324   0.161296  0.0935549   0.160249    0.35923    0.91769   0.358231   0.406545    0.35691  0.0810139 0.797831
 0.0672221   0.166967  0.0834656   0.166641  0.0940787   0.165088   0.370017   0.909509   0.371089     0.4041   0.368577  0.0718961 0.810734
 0.0673933   0.172454  0.0838998    0.17198  0.0942255   0.171164   0.383197    0.91231   0.383945   0.398504   0.383166  0.0763253 0.787231
 0.0676813   0.177887  0.0842599   0.177324  0.0944894   0.176509   0.396261   0.911399   0.396804   0.395224   0.396016   0.076035 0.795985
 0.0680273   0.182908  0.0844283   0.182677  0.0945898   0.182397   0.408342   0.908075   0.409661   0.397913    0.41015  0.0816289 0.774095
 0.0680916   0.188857  0.0844041   0.188035  0.0948725   0.187867   0.422618   0.914881   0.422509   0.406593   0.423303  0.0809378 0.774989
 0.0683807   0.194048  0.0843664    0.19339  0.0950883   0.193126   0.435102   0.913577   0.435351   0.415693   0.435941  0.0820143 0.764226
 0.0687723   0.199134  0.0843523   0.198746  0.0954864   0.198077   0.447346   0.908933   0.448194   0.424057   0.447862  0.0769671 0.809765
 0.0690114   0.204312  0.0843256   0.204105  0.0956572   0.203476   0.459793   0.909167   0.461046   0.432822   0.460831  0.0796508 0.807237
  0.069195   0.210144  0.0845294   0.209455  0.0958571   0.209004   0.473801   0.912091   0.473899   0.434405   0.474113  0.0816199 0.768623
  0.069322   0.215707  0.0850643   0.214785  0.0961752   0.214174   0.487158   0.916379   0.486745   0.425667   0.486549   0.079384 0.737241
 0.0698068   0.220566  0.0857304   0.220101  0.0961551    0.22035   0.498869   0.908501   0.499573   0.412833    0.50136  0.0891513 0.770955
 0.0699701   0.225847  0.0862625   0.225429  0.0964748   0.225512   0.511553   0.911241   0.512412   0.404178   0.513779  0.0868552 0.768931
 0.0701563   0.231551  0.0864872   0.230781  0.0964686   0.231811   0.525256   0.913898   0.525275   0.405114   0.528885  0.0963695 0.75128
 0.0703147   0.236955  0.0864824   0.236139  0.0968529   0.236701   0.538236   0.916973   0.538125   0.413194   0.540658   0.091662 0.737563
 0.0706208   0.242008  0.0864188   0.241494  0.0966873   0.241116   0.550391   0.914937   0.550962   0.423099   0.551229   0.103347 0.724786
 0.0709065   0.247135  0.0865011   0.246849  0.0964851   0.245851    0.56272   0.913644   0.563816   0.428468   0.562562    0.11664 0.691674
 0.0712168   0.252163  0.0868848   0.252191  0.0967826   0.251166   0.574816   0.911444   0.576673   0.424447   0.575346   0.115262 0.689005
 0.0712518   0.257917   0.087393   0.257525   0.097063   0.256395   0.588622   0.918871   0.589525   0.416547   0.587919   0.114283 0.711674
 0.0712501   0.263991  0.0875554   0.262875   0.097105   0.262524    0.60319   0.927915   0.602376   0.419419   0.602624   0.122049 0.704818
 0.0715806   0.269125    0.08751   0.268235  0.0973562   0.267695   0.615541   0.925242   0.615227   0.428762   0.615055   0.121896 0.704114
 0.0715746   0.275221  0.0875053   0.273591  0.0974445    0.27369   0.630163   0.934452   0.628073   0.436836   0.629445   0.128025 0.68418
 0.0717299   0.281246  0.0875065   0.278946  0.0974769    0.27954    0.64463   0.938542   0.640915   0.444725   0.643479   0.135676 0.697712
 0.0722047   0.286008  0.0874655   0.284303  0.0979646   0.284112   0.656107   0.930832   0.653759   0.453928     0.6545   0.127286 0.688209
 0.0726758   0.291305  0.0874294   0.289662  0.0981403   0.289712   0.668865   0.924028    0.66661   0.462986   0.667952   0.130111 0.691125
 0.0732767   0.295803  0.0877008   0.295007  0.0984896   0.294687   0.679723   0.912011    0.67946   0.462458   0.679925   0.126619 0.646678
 0.0739064   0.300443  0.0882078   0.300342  0.0988765   0.299521   0.690925   0.899303   0.692313   0.454597   0.691564   0.121747 0.633443
 0.0742891   0.305775  0.0884979   0.305692  0.0991797   0.304647   0.703756   0.895301   0.705181   0.453499   0.703893   0.119909 0.596525
 0.0749605   0.310114  0.0886008   0.311045  0.0993802    0.31022   0.714239   0.880849   0.718032   0.458224   0.717284   0.121927 0.583129
 0.0750978   0.315817  0.0887696   0.316389  0.0996796   0.315259   0.727934   0.885024   0.730867   0.460886   0.729404    0.12008 0.594417
 0.0753477   0.321572  0.0892496   0.321739  0.0996967   0.321251   0.741766   0.885776   0.743754   0.453885   0.743777   0.128419 0.561603
 0.0757047   0.326694  0.0894224   0.327075  0.0996956   0.327164   0.754091   0.882261   0.756574   0.456413    0.75796   0.137206 0.534117
 0.0759582   0.332171  0.0886536   0.332377  0.0996099   0.332869   0.767258   0.882487   0.769203    0.48816   0.771634   0.148312 0.532635
 0.0761159   0.337743  0.0877768   0.337681   0.099371    0.33778   0.780639   0.885834   0.781825   0.523267   0.783385   0.163009 0.531069
 0.0765276   0.342689  0.0874305    0.34301  0.0990703   0.342681   0.792552   0.880357   0.794566   0.541918   0.795105   0.179609 0.520751
 0.0767108   0.348025  0.0877095   0.348357  0.0990584   0.348293    0.80537    0.88256   0.807422   0.541158   0.808566   0.188286 0.526335
 0.0769623   0.353492  0.0882513   0.353697  0.0990538   0.354089   0.818511   0.882836   0.820293   0.532221   0.822466   0.197008 0.518392
 0.0771606   0.358856  0.0887473   0.359024  0.0990351   0.360011     0.8314    0.88461   0.833126   0.524691   0.836668   0.206356 0.495265
 0.0773653    0.36402  0.0891863   0.364362  0.0992949   0.365045    0.84381   0.885893   0.845979   0.518944   0.848772   0.205733 0.448828
 0.0773575   0.370018  0.0894969   0.369712  0.0991295   0.370263   0.858194   0.895014   0.858847    0.51721   0.861269   0.218597 0.483075
 0.0775342   0.375598  0.0896135   0.375066  0.0987308   0.375048   0.871598   0.897781   0.871702    0.52151     0.8727   0.238075 0.44962
 0.0776901   0.380848  0.0896099   0.380422  0.0990602   0.380071   0.884208   0.900703   0.884548    0.52955   0.884785   0.235268 0.462891
 0.0776701   0.386981  0.0895769   0.385779  0.0987418   0.385416   0.898916   0.910403   0.897393   0.538505   0.897569   0.253079 0.443943
 0.0779552   0.392388  0.0895827   0.391135  0.0987411    0.39159   0.911917   0.909544    0.91024   0.546252   0.912377    0.26224 0.441309
 0.0783416   0.397329  0.0896134   0.396491  0.0984204   0.396978   0.923813   0.904849   0.923091   0.553227   0.925263   0.280182 0.436235
 0.0787701   0.402267  0.0895985   0.401848  0.0981619   0.402588   0.935705   0.898839   0.935937   0.561621   0.938691   0.296524 0.434352
 0.0792525   0.407013  0.0894251   0.407202  0.0975086   0.407279   0.947143   0.890868   0.948758   0.574935   0.949867   0.323775 0.385671
 0.0799328   0.411838  0.0890193   0.412542   0.096816   0.412827   0.958794   0.876862    0.96152   0.595454   0.963094   0.353516 0.389281
 0.0802283   0.417101  0.0883846   0.417861  0.0960926   0.418724   0.971451   0.875466   0.974206   0.623055   0.977156   0.384732 0.262375
 0.0831205   0.424121  0.0876537   0.423168  0.0941439   0.424031    0.98862   0.795956   0.986852   0.653632   0.989662   0.453163 0.231446
 0.0869038   0.428471  0.0869038   0.428471  0.0869038   0.428471   0.999485   0.684791   0.999485   0.684791   0.999485   0.684791 0
