14
  0.917504   0.792482   0.917504   0.792482   0.917504   0.792482   0.150344   0.992959   0.150344   0.992959   0.150344   0.992959 0
  0.923132   0.793744   0.921709   0.788672   0.918026   0.784122   0.236886   0.929779   0.166976    0.84812  0.0727083   0.812979 0.879755
  0.930051   0.793648   0.926515   0.785746   0.922345   0.777558   0.326615   0.818252   0.200412   0.711941  0.0629952   0.609769 0.973508
  0.934561   0.793476   0.931968   0.784284    0.92961   0.773609   0.384007   0.743322   0.257126   0.595584   0.118333   0.413651 0.979711
  0.940016   0.796862   0.937441   0.782954   0.938372   0.772729   0.489755   0.726498   0.315434   0.481595   0.224316   0.256853 0.965652
   0.94042   0.798139   0.943025   0.781999   0.948958   0.773435    0.50795   0.746343   0.378985   0.373575   0.370222   0.103747 0.991286
  0.941993   0.799429    0.94841   0.783605   0.954713   0.776491   0.541607   0.747938   0.465817   0.321307   0.476564  0.0753914 0.988669
  0.942711   0.799739   0.952817   0.787137   0.961524   0.782514   0.554151   0.742925   0.559289    0.32409   0.626718  0.0912805 0.976108
  0.943422   0.801029   0.955913   0.791814   0.963839   0.789083   0.576518   0.758154   0.647138   0.371128   0.723471   0.189546 0.989763
  0.944241   0.801612   0.957007   0.797393   0.966274   0.794387   0.593146   0.757179   0.717866   0.468406   0.808985   0.259951 0.992022
  0.944368   0.802447   0.957374   0.802971   0.967493   0.802381   0.603236   0.772305   0.779051   0.577172    0.90575   0.404841 0.974115
  0.947318   0.807351   0.956284   0.808545   0.966133   0.810271   0.691486   0.826325   0.821091   0.708913   0.967657   0.588425 0.979605
  0.950042   0.815049   0.955461   0.814116   0.961848   0.814629   0.804993   0.941306   0.866604   0.836367   0.955529   0.745773 0.999831
  0.954978   0.819751   0.954978   0.819751   0.954978   0.819751   0.917214   0.959736   0.917214   0.959736   0.917214   0.959736 0
