68
  0.220827  0.0130565   0.220827  0.0130565   0.220827  0.0130565 0.00089767    0.51953 0.00089767    0.51953 0.00089767    0.51953 0
  0.216182  0.0171539   0.220625  0.0183406   0.227748  0.0183139  0.0120349   0.705111  0.0157679   0.533787  0.0163168   0.256808 0.921675
  0.213907   0.024233   0.220745   0.023628    0.22961  0.0227967  0.0317809   0.802116  0.0306754   0.535519  0.0291102   0.189825 1
  0.214156  0.0300148   0.221397  0.0288716   0.230284  0.0270945  0.0480929   0.799413  0.0455063   0.516503  0.0412782   0.168833 1
  0.214249   0.035695   0.222457  0.0340528   0.230946  0.0324837  0.0641048   0.802665  0.0601972   0.481542  0.0565201   0.149589 1
  0.214249  0.0408716   0.223384  0.0392585   0.231609  0.0370659  0.0786899   0.808925  0.0749453   0.451804  0.0694884   0.129358 1
  0.214249  0.0460852   0.223923  0.0445156   0.232516  0.0419462   0.093379   0.815237  0.0898044   0.437221  0.0833182   0.100002 1
  0.214249  0.0513662   0.224022  0.0498031   0.232849  0.0473683   0.108258   0.821646    0.10471   0.439766  0.0986241  0.0936092 1
  0.214233  0.0567648   0.223876  0.0550897   0.233055  0.0533575   0.123467   0.828773   0.119593    0.45184   0.115516  0.0928575 1
  0.214547  0.0614184   0.224009  0.0603722   0.233043  0.0597105   0.136606   0.822212   0.134487   0.453036   0.133415   0.100999 1
   0.21457  0.0666504   0.224439  0.0656421    0.23335  0.0648311   0.151349   0.827631   0.149373   0.442714   0.147869  0.0952505 0.936286
  0.214572   0.072252   0.225033  0.0708953    0.23336  0.0710379   0.167131   0.834351   0.164226   0.425969   0.165357   0.102367 0.870549
  0.214912  0.0768449   0.225696  0.0761434   0.233607  0.0760576   0.180102   0.826665    0.17907    0.40654   0.179522  0.0988211 0.869997
  0.214883   0.082517   0.226051  0.0814144   0.234006  0.0810266    0.19608   0.834654   0.193952   0.399079   0.193557  0.0893464 0.800941
  0.215198  0.0873789   0.226087  0.0867018   0.234329  0.0861141   0.209806   0.828307   0.208853   0.404102   0.207919  0.0829265 0.773737
  0.215506  0.0921691   0.226031  0.0919885   0.234661  0.0912159   0.223329    0.82211   0.223743   0.412675   0.222322  0.0761945 0.758223
  0.215519  0.0976605    0.22604  0.0972754   0.234985  0.0962161   0.238803    0.82823   0.238639   0.418705   0.236439  0.0696279 0.731281
   0.21582   0.102749   0.226048   0.102563   0.234971   0.102348   0.253166   0.822705   0.253537   0.424801   0.253715  0.0775833 0.730252
  0.215858   0.108334   0.226037   0.107849   0.235208    0.10741   0.268905   0.827973   0.268431   0.431617   0.267997  0.0745094 0.729534
  0.215672   0.113419   0.226044   0.113136   0.235387   0.112745   0.283214   0.841339   0.283327   0.437721   0.283045  0.0739807 0.735552
  0.215555   0.119196   0.226041   0.118424   0.235633   0.118128   0.299482   0.852881   0.298225   0.444228   0.298232   0.070942 0.680303
  0.215879   0.124213   0.226042    0.12371   0.235626   0.124043   0.313645   0.846349   0.313118   0.450615   0.314897  0.0783703 0.692872
   0.21555   0.129279   0.226046   0.128997   0.235677   0.129515    0.32789   0.865258   0.328014   0.456852   0.330318  0.0829912 0.713577
  0.215848   0.134011   0.226038   0.134287   0.235944    0.13479   0.341248   0.859423   0.342919   0.463539   0.345204   0.078983 0.694761
  0.215752   0.138809   0.226038   0.139567     0.2356   0.139476   0.354757   0.868948   0.357796   0.469935   0.358377  0.0980195 0.709378
  0.215829   0.144103   0.225978   0.144861   0.235948   0.144436    0.36968   0.872343   0.372705   0.478673   0.372382  0.0904907 0.709077
  0.215521   0.149296   0.226156   0.150143   0.236224    0.14927   0.384284   0.890623   0.387604    0.47815   0.386025  0.0856328 0.704654
  0.215334    0.15435    0.22706   0.155349   0.236258   0.155144   0.398508    0.90401   0.402349   0.449267   0.402578  0.0914016 0.72422
  0.215214   0.159977   0.227891   0.160574   0.236526   0.159995   0.414352   0.915466   0.417143   0.423301    0.41627  0.0868688 0.679291
  0.215206   0.165772   0.228186   0.165847   0.236583   0.165849   0.430679    0.92277   0.432027   0.418189   0.432768  0.0917068 0.685603
  0.215545   0.170434   0.228142   0.171136   0.236689   0.171172   0.443843   0.915246   0.446925   0.426284   0.447775   0.094025 0.691406
  0.215534   0.176058   0.228175   0.176426   0.236976    0.17615   0.459686   0.922465   0.461831   0.431405   0.461826  0.0888776 0.686917
  0.215531   0.181727   0.227946   0.181703   0.237243   0.181383   0.475658   0.929457   0.476678   0.446685   0.476593  0.0848519 0.677594
   0.21574   0.186992    0.22745    0.18697   0.237231   0.187267   0.490511   0.927686   0.491476    0.47237   0.493169  0.0924013 0.711225
  0.215861   0.192104   0.227099   0.192244   0.237243     0.1929   0.504924   0.929169   0.506304   0.492368   0.509043  0.0987555 0.653025
  0.215917   0.197889   0.227047    0.19753   0.237475   0.197814    0.52123   0.933989   0.521192    0.50081   0.522906  0.0956992 0.698606
  0.216191   0.202713   0.227088   0.202818   0.237221   0.202712   0.534844   0.929153   0.536096   0.505591   0.536685   0.111471 0.686255
  0.216331   0.208432   0.227081   0.208104   0.237278   0.208173    0.55097   0.930641   0.550988   0.512259   0.552075   0.115859 0.652112
  0.216543   0.213563   0.227084   0.213392   0.237581   0.213013   0.565446   0.928592   0.565886    0.51855    0.56574   0.109942 0.676504
  0.216823   0.218569   0.227083   0.218678   0.237882   0.217999   0.579574   0.923763   0.580781   0.524956   0.579812   0.104268 0.658768
  0.216984   0.224401   0.227081   0.223965   0.237871   0.223727   0.596021   0.924557   0.595676   0.531446   0.595952   0.111617 0.662846
  0.217156   0.229854   0.227087   0.229253   0.237872   0.229388   0.611397   0.924482   0.610574   0.537611     0.6119   0.118435 0.65032
  0.217467   0.235074   0.227087   0.234539   0.237885   0.234781   0.626133   0.918666   0.625468   0.543994   0.627096   0.124452 0.62464
  0.217795    0.24034   0.227029   0.239827   0.238203   0.239622   0.640999    0.91231   0.640361   0.552631   0.640764   0.117932 0.617071
  0.218109   0.245613   0.227104   0.245112   0.238386    0.24443   0.655884   0.906463   0.655258   0.556142   0.654327   0.116627 0.612458
  0.218402   0.251284   0.227509   0.250384   0.238516   0.249864   0.671885   0.901947   0.670148   0.546757   0.669649   0.118157 0.599923
   0.21872   0.256708   0.228091   0.255639   0.238495    0.25561   0.687197   0.896127   0.685005   0.530477   0.685836   0.125934 0.579969
  0.219055   0.262256   0.228664   0.260894   0.238811   0.260274   0.702857    0.88983   0.699861   0.514547   0.699003    0.11929 0.555592
  0.219506   0.267262   0.229224   0.266152   0.238838   0.266075   0.717001   0.878352   0.714723    0.49913   0.715349   0.125257 0.546235
  0.219988   0.272307   0.229814   0.271406   0.238966   0.271237   0.731257   0.865708    0.72958   0.482538   0.729905   0.126526 0.573398
  0.220383   0.277722    0.23018    0.27668   0.239143   0.276736   0.746549   0.856883   0.744472   0.474695   0.745414   0.126275 0.499755
   0.22119   0.282868   0.230284   0.281964   0.239511   0.281406   0.761118   0.831738   0.759367    0.47707   0.758603   0.117617 0.484268
  0.221689   0.287919   0.230199   0.287249   0.239813   0.286616   0.775392   0.818455   0.774251   0.486736   0.773308   0.112185 0.462718
  0.222137   0.293324   0.230072   0.292544   0.239793   0.292625   0.790659   0.807551   0.789157   0.498085   0.790239   0.120224 0.446111
  0.222618   0.298603   0.230359   0.297814   0.240204   0.297239   0.805575   0.795226    0.80403   0.493293   0.803274   0.109817 0.450309
  0.223216    0.30357    0.23151   0.302959    0.24045   0.302841   0.819623   0.778005   0.818628   0.454755   0.819079   0.107035 0.475294
  0.223706   0.308869   0.233034   0.308031   0.240647   0.308151   0.834596   0.765357   0.833051   0.401661   0.834056   0.105796 0.448952
  0.224203   0.314042   0.233418   0.313296   0.241099   0.312863   0.849214   0.752283   0.847919   0.393073   0.847371  0.0939299 0.44882
   0.22465   0.319568   0.233299   0.318604   0.241503   0.317677   0.864821   0.741598   0.862863   0.404132   0.860972  0.0840359 0.471858
  0.225228   0.324637    0.23351   0.323865   0.242013    0.32231   0.879155   0.725234   0.877706   0.402287    0.87407  0.0697932 0.473746
   0.22591   0.329217   0.234098   0.329132   0.241714   0.327503   0.892118    0.70425   0.892597   0.385804   0.888673  0.0877048 0.465481
  0.226379   0.334626    0.23438   0.334407   0.241896   0.332916   0.907399   0.692589   0.907484   0.381229   0.903942  0.0871979 0.418755
  0.226793   0.339943   0.234353   0.339694   0.242051    0.33871   0.922416   0.682898   0.922376   0.388656    0.92028  0.0881541 0.45196
   0.22721   0.345575   0.234561   0.344972   0.242049    0.34478   0.938322    0.67349   0.937265   0.386952    0.93738  0.0955943 0.439344
  0.227623   0.350645   0.235253   0.350223   0.242054    0.34978   0.952642    0.66359   0.952121   0.366386    0.95147    0.10144 0.414106
  0.228112   0.356232   0.235215   0.355501   0.241703   0.356252   0.968426   0.651304   0.966989   0.374264   0.969673   0.122918 0.376584
  0.228413   0.359237   0.234079   0.360665   0.237956   0.362005   0.976919   0.643268   0.981438   0.424673   0.985553   0.275549 0.407028
  0.232267   0.365642   0.232267   0.365642   0.232267   0.365642   0.995301   0.501159   0.995301   0.501159   0.995301   0.501159 0
