57
  0.358799  0.0136713   0.358799  0.0136713   0.358799  0.0136713 -0.000657302   0.631097 -0.000657302   0.631097 -0.000657302   0.631097 0
  0.351639  0.0202873   0.359451  0.0190398   0.367019  0.0178904  0.0185364   0.885755   0.017322   0.629586  0.0163411   0.381623 0.873805
  0.350532  0.0262899   0.360132  0.0244128   0.369792  0.0223155  0.0379565   0.943192   0.035327   0.627159  0.0319933   0.308354 0.984683
  0.351238   0.031628   0.361271  0.0297056   0.371495  0.0276679  0.0558555   0.939826   0.053238   0.609659  0.0503109    0.27291 1
  0.352098  0.0362025   0.362175  0.0350377   0.373106  0.0330584  0.0712895   0.928708  0.0711913   0.599887  0.0687198   0.240599 1
  0.352828  0.0421447   0.363026  0.0403793   0.374302  0.0382318  0.0911933    0.92677  0.0891559   0.591857  0.0862572   0.220844 0.995011
  0.353745  0.0473922   0.364083  0.0456889   0.375033  0.0442298   0.108872   0.916267   0.107092   0.577079   0.106346   0.219045 0.983178
   0.35466  0.0528743   0.364826  0.0510451   0.375907  0.0495403   0.127325   0.906679   0.125065   0.572571   0.124216   0.210172 0.976043
  0.355592    0.05794   0.365705  0.0563608   0.376917  0.0545335   0.144408   0.895034   0.142954   0.563539   0.141089   0.195749 0.962183
   0.35654  0.0638521   0.366581  0.0617135   0.378161  0.0593646   0.164294   0.885951   0.160965   0.554762   0.157514    0.17321 0.931574
  0.357605  0.0683974   0.367983  0.0669064   0.379211  0.0643556   0.179707   0.868141   0.178644   0.528423   0.174394    0.15749 0.88466
  0.358354    0.07387   0.369628  0.0720632   0.380169  0.0696058   0.198066   0.863893   0.196293   0.494155   0.192097   0.145677 0.855992
  0.359102  0.0793434   0.370806  0.0773436    0.38102   0.075172   0.216429    0.85964   0.214178   0.475354   0.210804   0.138461 0.833375
  0.359895  0.0843949   0.371871  0.0826485   0.381911  0.0805399   0.233413   0.852434   0.232101   0.460322    0.22887   0.129252 0.819309
  0.360627   0.089836   0.373107  0.0879187   0.382716   0.086119   0.251663   0.848579   0.249973   0.439603   0.247603    0.12355 0.765508
  0.361206  0.0954863   0.373863   0.093276    0.38337  0.0923446   0.270546   0.850433   0.267954   0.434691   0.268415    0.12508 0.803612
  0.361999   0.100733   0.374366  0.0986702   0.384182  0.0973852   0.288177   0.843934   0.285963   0.438089    0.28537   0.117223 0.825286
  0.362679   0.106038   0.375538   0.103953   0.385219   0.102252   0.305955   0.841294   0.303852   0.419482   0.301835   0.101464 0.790378
  0.363517   0.111151   0.376106   0.109327   0.386024   0.107357   0.323161   0.832834    0.32182   0.420697   0.319002  0.0940534 0.800601
  0.364378   0.115806    0.37602   0.114738   0.386882   0.112519   0.338862   0.821988   0.339666   0.443106   0.336376  0.0851528 0.725392
  0.365245   0.120612   0.376039   0.120152   0.387519   0.117864   0.355063   0.811519    0.35756    0.46214   0.354273  0.0840323 0.669489
  0.365759   0.126149   0.376749   0.125514   0.388256   0.123187   0.373547   0.815037   0.375538   0.458705   0.372134   0.079611 0.6148
  0.366566   0.131048   0.377978   0.130786   0.388979   0.127918   0.390032   0.806828   0.393415   0.438249   0.388032  0.0734765 0.636784
  0.367089   0.136349   0.379183   0.136059    0.38925    0.13428   0.407742   0.809214   0.411284   0.418566   0.409152  0.0878454 0.660255
  0.367546   0.141673   0.380132   0.141391   0.389857   0.139433   0.425503   0.813819   0.429253   0.407341   0.426402  0.0869881 0.657069
  0.367847   0.147467   0.380265   0.146793   0.390281   0.144871   0.444757   0.825138   0.447152   0.422679   0.444529   0.093064 0.65926
  0.368152   0.153394   0.380104   0.152213   0.390548    0.15095   0.464453   0.836826   0.464998   0.447536   0.464711   0.106515 0.643632
  0.368512    0.15886   0.380549    0.15759   0.390818    0.15708   0.482646   0.845067    0.48293   0.452699   0.485065   0.120053 0.631841
  0.368811   0.164548   0.381674   0.162901   0.391366   0.162066   0.501548   0.856068   0.500894   0.435736   0.501741   0.120493 0.644771
  0.369358   0.169814   0.382294   0.168258    0.39177   0.167717   0.519151   0.857534   0.518825   0.435183   0.520564   0.127984 0.604882
  0.369779   0.174907    0.38235    0.17368   0.392164   0.173231   0.536134   0.862476   0.536759   0.453081   0.538926   0.135301 0.613135
  0.370261   0.180581   0.382926   0.179056   0.392743   0.178387   0.555061   0.867516   0.554734   0.454025   0.556176   0.135368 0.642018
  0.370792   0.185801   0.383413   0.184445     0.3931   0.184099   0.572505   0.869377   0.572721   0.457879   0.575181   0.144574 0.619563
  0.371334   0.190938   0.383337   0.189858   0.393703   0.188856   0.589677   0.870546   0.590575   0.479958   0.591123    0.14242 0.587617
  0.371992   0.195985   0.383328   0.195268   0.394389   0.194467   0.606596   0.867651   0.608448   0.499882   0.609919   0.140696 0.571188
  0.372494   0.201433   0.383293    0.20068   0.394847   0.199643   0.624785   0.871247   0.626316   0.520653   0.627189   0.144699 0.541235
  0.373004   0.206754   0.383446   0.206089   0.395318   0.205169   0.642552   0.874127   0.644242    0.53535    0.64562   0.149586 0.585241
   0.37371   0.212003   0.383916   0.211481   0.395943   0.209921   0.660157    0.87045    0.66223    0.53978   0.661553   0.146704 0.537489
  0.374148   0.217477   0.384609   0.216847   0.396273   0.215609   0.678407   0.876206   0.680219   0.536949    0.68047   0.156708 0.57872
  0.374442   0.223759   0.385641   0.222159   0.396411   0.221815   0.699271   0.889517   0.698153   0.522959   0.701024   0.174787 0.598006
  0.375116   0.228474   0.386865   0.227428   0.396948   0.226854   0.715099   0.884925   0.716016   0.502667   0.717873   0.175772 0.588248
  0.375628   0.233981   0.387573   0.232797   0.397463   0.232035   0.733487   0.888407   0.734019   0.499325   0.735181   0.177982 0.601952
  0.376082   0.239522   0.387464   0.238209   0.397893    0.23748    0.75196   0.893905   0.751857   0.522463    0.75333   0.183893 0.556178
  0.376692   0.244909   0.387497   0.243616   0.398319   0.242792   0.769987   0.893797   0.769735   0.541047    0.77104   0.189422 0.565958
  0.377261   0.249964   0.388012   0.249003   0.398925   0.247467   0.786898   0.893813   0.787725   0.543984   0.786711   0.186894 0.498015
  0.377902   0.255095   0.388585   0.254384    0.39917   0.253505   0.804089   0.891766   0.805717   0.545057   0.806751   0.200902 0.498432
  0.378373   0.260638   0.389189   0.259762   0.399524   0.258864   0.822578    0.89672    0.82371    0.54513    0.82459   0.208952 0.479368
    0.3793   0.265603   0.389687   0.265144   0.399834   0.264244   0.839326   0.884881   0.841675   0.548589    0.84248   0.218466 0.460741
  0.379978   0.270316   0.389483   0.270565   0.400185   0.269306   0.855149   0.880128   0.859512   0.574849   0.859335   0.225543 0.454194
  0.380714   0.275686   0.389716   0.275962   0.400474   0.274815   0.873167   0.875907   0.877428   0.586912   0.877642   0.236231 0.449135
  0.381126   0.281433   0.390371   0.281339   0.400467    0.28096   0.892308   0.883498   0.895437   0.585329   0.897944   0.258727 0.418112
  0.381679   0.285969   0.390677   0.286738   0.400479   0.287058   0.907499    0.88212   0.913389   0.595064   0.918093   0.280485 0.416161
  0.381434   0.291779   0.390611    0.29215   0.400137   0.292365   0.926604   0.911099   0.931246   0.616843     0.9355   0.310747 0.425395
  0.381665   0.298052   0.390583   0.297561   0.399349   0.297147   0.947414   0.926419   0.949112   0.637386   0.951006   0.353502 0.392615
  0.381824   0.303648   0.390653   0.302973   0.398322   0.303004   0.965962   0.941613   0.967017   0.654758   0.969975   0.407833 0.406029
  0.383112   0.308337   0.390699   0.308383   0.396308   0.308265   0.981935   0.917146   0.984911   0.672907   0.986609   0.491785 0.254257
    0.3908   0.313794     0.3908   0.313794     0.3908   0.313794    1.00283   0.689284    1.00283   0.689284    1.00283   0.689284 0
