32
 0.0701902   0.608407  0.0701902   0.608407  0.0701902   0.608407 0.00199296    0.92095 0.00199296    0.92095 0.00199296    0.92095 0
 0.0689426   0.615132  0.0728326   0.613003  0.0759597   0.609776  0.0477488   0.959658  0.0361846   0.881556  0.0163422   0.815346 0.531557
 0.0708455   0.621018  0.0755742   0.617612  0.0820693   0.612233   0.090303   0.937115  0.0705505   0.840325  0.0385404   0.705793 0.756008
 0.0750519   0.625642  0.0791955   0.621439  0.0856757   0.614571   0.125991   0.868318   0.100207   0.780751  0.0578205   0.643133 0.788092
 0.0787551   0.629983  0.0834393   0.624675  0.0895217   0.617894   0.159297   0.808365   0.126268    0.70811  0.0841571   0.578184 0.85598
 0.0824947    0.63466   0.087373   0.628266  0.0939739   0.621899   0.194964   0.748482    0.15454   0.642115   0.115745   0.503358 0.867764
 0.0860175   0.638611  0.0918488   0.631179  0.0987105   0.626669   0.225401   0.691042   0.178556   0.564377   0.152897   0.424902 0.905361
 0.0894402   0.643086  0.0957066   0.634756   0.101837   0.630695   0.259405   0.636675   0.206668   0.499781   0.183525   0.375091 0.906983
 0.0910837   0.645896   0.099441   0.638559    0.10513   0.634465   0.280332   0.612065   0.236252   0.438021    0.21251    0.32158 0.933365
 0.0941887   0.650514    0.10281   0.642654   0.108208   0.638744   0.315061   0.564005   0.267559   0.383804   0.244859   0.273262 0.914292
 0.0960369   0.653264   0.105214   0.647419   0.111352   0.643087   0.335745   0.535403   0.302732   0.349286   0.277708   0.223841 0.934126
 0.0983461   0.657373    0.10817   0.651836   0.114884   0.648538   0.366267   0.501186   0.335934   0.303575   0.318589   0.169634 0.977234
   0.10021   0.660977   0.110885   0.656397   0.117585   0.652179   0.392901   0.474213   0.369943   0.262738   0.346184   0.126978 0.903057
  0.101759   0.664332   0.113138   0.661245   0.120183    0.65861   0.417543   0.452622    0.40556   0.231246    0.39311  0.0925557 0.91418
  0.102684   0.667898   0.113485   0.666539   0.122276   0.663856   0.443135   0.443249   0.442691    0.23669   0.431361   0.064995 0.896811
    0.1042   0.671667   0.114286   0.671801    0.12404   0.669262   0.470623   0.423214   0.479979   0.233482   0.470459  0.0439815 0.8881
  0.105012   0.675801   0.114656   0.677111    0.12507   0.675794   0.500073   0.417268   0.517245   0.238524   0.516775    0.03934 0.812721
  0.104997   0.682463   0.114624   0.682428   0.124736   0.683549   0.546424   0.432599   0.554217   0.251151   0.570466  0.0631592 0.813143
  0.104505   0.688243   0.113592   0.687654   0.123961   0.690599   0.586237   0.454936   0.589727   0.282404   0.618876  0.0937105 0.761248
  0.104063   0.693722   0.112648   0.692889    0.12252    0.69659   0.623991   0.475655   0.625366   0.312021   0.659366   0.134403 0.725974
  0.102935    0.69809   0.111203   0.698015   0.119592   0.702309   0.653453   0.506783   0.659832   0.350848   0.696719   0.202502 0.720286
   0.10155   0.702152   0.109539   0.703069   0.117883   0.706048   0.680558   0.542069   0.693612   0.393623   0.721313   0.243139 0.700166
 0.0999207   0.705904   0.107568   0.708013   0.116174   0.710363   0.705312    0.58124   0.726373   0.441926   0.749911     0.2851 0.641826
 0.0985758   0.709854   0.105425   0.712889   0.114273    0.71527   0.731674   0.615509   0.758517   0.493335   0.782474   0.332019 0.638715
 0.0968007    0.71407   0.103788   0.717953   0.112035    0.72033   0.759535   0.658485   0.792388   0.535624   0.815822   0.385609 0.65578
 0.0953076   0.718656   0.101978   0.722914     0.1088   0.726942   0.790199   0.696984     0.8254   0.580941   0.859127   0.461521 0.598183
 0.0929742   0.723942  0.0990525   0.727393   0.105621   0.732012   0.825036   0.752896   0.854132   0.646182   0.891756   0.532875 0.571798
 0.0910724   0.728641  0.0961369   0.731835   0.102113   0.735747   0.856153   0.799351   0.882609   0.711156   0.914821   0.607404 0.562497
 0.0883071   0.735298  0.0931505   0.736244  0.0981117   0.739502   0.900169   0.866501   0.910794   0.777389   0.937614   0.691283 0.488558
 0.0864395   0.739562  0.0901446   0.740635  0.0943019   0.743382   0.928284    0.91133   0.938845   0.843948   0.961434   0.771835 0.405878
 0.0845411   0.743807  0.0871216   0.745016  0.0894297   0.747724   0.956235   0.956692   0.966807   0.910808    0.98758   0.873445 0.354332
 0.0840944   0.749394  0.0840944   0.749394  0.0840944   0.749394   0.994743   0.977739   0.994743   0.977739   0.994743   0.977739 0.461477
