154
  0.686367  0.0262239   0.686367  0.0262239   0.686367  0.0262239   0.003121   0.661177   0.003121   0.661177   0.003121   0.661177 0
  0.677323  0.0270918   0.684169  0.0303564   0.689918  0.0336202 0.00419852   0.774812 0.00911724    0.68951  0.0140115   0.617971 0.979657
  0.673105  0.0300778   0.681979  0.0345175   0.690205  0.0358979 0.00847551   0.828274  0.0151554   0.717735   0.017348   0.614782 1
  0.670597   0.033942   0.679808  0.0387359   0.687929  0.0425868  0.0140728   0.860441  0.0212777   0.745746  0.0270808   0.644553 1
  0.668082  0.0382508   0.677697  0.0430389   0.686022  0.0465565  0.0203199    0.89279   0.027525   0.773016  0.0328451   0.669205 1
  0.665528   0.042516   0.675882  0.0474472   0.685147  0.0499099  0.0265027   0.925604  0.0339326   0.796592    0.03773   0.680792 1
   0.66344  0.0477141   0.674668   0.051979   0.684864  0.0536767  0.0340595   0.952753  0.0405337   0.812642  0.0432321   0.685028 1
  0.661608  0.0540551   0.674334  0.0566388   0.685223   0.057331  0.0432928   0.976884  0.0473403   0.817682  0.0485832   0.681185 1
  0.661444  0.0616071   0.674922  0.0613112   0.686265  0.0605238  0.0543322   0.980322   0.054185    0.81115  0.0532739   0.668693 1
   0.66287   0.067257   0.676357  0.0658204   0.688122  0.0637791  0.0626241    0.96345  0.0608091   0.793973  0.0580733   0.645987 1
  0.665408  0.0720253   0.678543  0.0700088   0.690439  0.0672666  0.0696502    0.93248  0.0669799   0.767303  0.0632221   0.617541 1
  0.669056   0.076738   0.681165   0.073962    0.69314  0.0707008  0.0766187   0.887566   0.072816   0.735128  0.0683009   0.584281 1
  0.672314  0.0807869   0.683747  0.0779378    0.69578  0.0739708  0.0826081   0.847418  0.0786843   0.703447  0.0731384   0.551744 1
  0.674889  0.0843573   0.685823  0.0821877   0.697913  0.0775794  0.0878835   0.815761  0.0849427   0.678179  0.0784602   0.525638 1
  0.676364  0.0880193   0.687127  0.0867491   0.699293  0.0824077  0.0932696   0.797916  0.0916402   0.662646  0.0855497     0.5092 1
  0.676685  0.0921308   0.687594  0.0914505   0.699702   0.089942  0.0992884   0.794636  0.0985248   0.657643  0.0965754   0.505444 1
  0.676211   0.096387   0.687169   0.096114   0.699287  0.0980525   0.105502   0.801352   0.105335   0.663817   0.108426   0.512124 1
  0.675058  0.0999626   0.685937   0.100644   0.697544   0.103982   0.110706   0.816476   0.111933   0.680104    0.11706    0.53507 1
  0.673526   0.103512   0.684165   0.105058   0.695843   0.107975   0.115863   0.836335    0.11835    0.70314   0.122863   0.557142 1
  0.671517   0.107424   0.682134   0.109379   0.694095   0.111494   0.121541   0.862264   0.124626   0.729402   0.127971   0.579711 1
  0.669275   0.111587   0.680108   0.113659   0.692021   0.115219   0.127581   0.891151   0.130841   0.755596   0.133375   0.606411 1
  0.667509   0.115789   0.678317   0.117999   0.690552   0.118908   0.133688   0.914073    0.13715   0.778856   0.138737   0.625509 1
  0.665932   0.120297   0.676988   0.122506   0.690096   0.122927   0.140247   0.934676   0.143711   0.796362   0.144604   0.631965 1
  0.664826   0.126595   0.676307   0.127214   0.690399   0.127104   0.149432     0.9497   0.150581   0.805754   0.150718   0.628919 1
    0.6651   0.133618   0.676365   0.131973   0.690937   0.130872   0.159707    0.94753   0.157541   0.805896    0.15624   0.622858 1
  0.665922   0.139465   0.677233     0.1366   0.691536   0.134041   0.168275   0.938286   0.164326   0.795841   0.160886   0.615921 0.986677
  0.667371   0.144444   0.678922   0.140962    0.69256   0.136951   0.175587   0.921008    0.17074   0.775445   0.165163   0.603597 1
  0.669704   0.149148   0.681204   0.145101   0.694585   0.140014   0.182514   0.892588    0.17684   0.747561   0.169686    0.57875 0.998121
  0.672615    0.15368   0.683797   0.149101   0.697437   0.143767   0.189202   0.856891   0.182744    0.71575   0.175234   0.543648 0.997052
  0.675719   0.157701   0.686442   0.153046    0.70023   0.147715   0.195149   0.818673   0.188568   0.683291   0.181065   0.509317 1
  0.678509    0.16162   0.688999   0.157013   0.702557   0.151354   0.200937   0.784376   0.194423   0.651929   0.186435   0.480786 1
   0.68088   0.165347   0.691372   0.161078   0.705102   0.155948   0.206437   0.755309   0.200418   0.622893   0.193207   0.449688 1
  0.682524   0.168301   0.693463   0.165311   0.707405   0.160984   0.210793   0.735222   0.206651   0.597424    0.20062   0.421705 1
  0.683587   0.171333   0.695164   0.169721   0.708998   0.165685   0.215248   0.722435   0.213136   0.576881   0.207528   0.402568 1
  0.684218   0.175178   0.696363   0.174293   0.710348   0.171644   0.220884   0.715217   0.219847   0.562671    0.21627    0.38671 1
  0.684351   0.179403   0.696949   0.179003    0.71076   0.178697   0.227065   0.714314   0.226747   0.556166   0.226591   0.382833 1
  0.683857   0.182911   0.696856   0.183757   0.710076   0.185733   0.232184   0.721144   0.233697   0.558203   0.236866   0.392695 0.999729
  0.683016   0.186424   0.696042   0.188409    0.70882   0.191105   0.237303    0.73234   0.240482   0.569262   0.244694   0.409422 0.99392
  0.681999   0.190089   0.694476   0.192821   0.707425   0.195845    0.24264   0.745763     0.2469   0.589709   0.251595   0.427787 1
  0.680719   0.193645    0.69231   0.196997   0.705628   0.200651   0.247813   0.762466    0.25296   0.617653   0.258586   0.451216 0.981123
  0.679027   0.197429    0.68986    0.20107    0.70357   0.205241    0.25331   0.784395   0.258864   0.649133   0.265254   0.477866 0.962497
  0.676949    0.20203   0.687448   0.205178   0.701149   0.209824   0.259994   0.811298   0.264821   0.680135   0.271904    0.50908 0.961275
  0.674547   0.207208   0.685315   0.209409   0.699211    0.21351   0.267515   0.842373   0.270962   0.707676   0.277252   0.534061 0.903066
  0.672803   0.211989   0.683592   0.213786   0.698131   0.216599   0.274469   0.865126   0.277325    0.73008   0.281746   0.548171 0.938968
  0.671483   0.216813   0.682408   0.218327   0.697346   0.219585   0.281495   0.882573    0.28394   0.745765   0.286096   0.558561 0.951615
   0.67024   0.221073   0.681832   0.223013   0.696617   0.222831   0.287698   0.898937    0.29078   0.753844   0.290827   0.568306 0.880494
   0.66928   0.227121   0.681836   0.227761   0.696213   0.226932   0.296521   0.912086   0.297723   0.754654   0.296815   0.574119 0.914677
  0.669258   0.235429   0.682383   0.232481   0.696196    0.23134    0.30867    0.91387   0.304637   0.748654   0.303261   0.575135 0.916566
  0.669985   0.241933   0.683434   0.237098   0.696718   0.235161   0.318195   0.905934   0.311409   0.736307   0.308858   0.569279 0.910772
  0.671198   0.246794   0.684951    0.24157   0.697661   0.238237   0.325329    0.89159   0.317981   0.718086   0.313376   0.558008 0.938163
  0.672543   0.251101   0.686895   0.245863   0.698732   0.241398   0.331656   0.875497   0.324299   0.694466   0.318022   0.545145 0.91818
  0.674225   0.255421   0.689204   0.249967   0.700366   0.245167   0.338007   0.855175   0.330349    0.66625   0.323567   0.525328 0.918538
  0.676184   0.259889   0.691719   0.253967   0.702511   0.249713   0.344583   0.831418   0.336253   0.635417   0.330261   0.499239 0.934131
  0.678299   0.264461   0.694265   0.257971   0.704773   0.254525   0.351313   0.805705   0.342161     0.6042   0.337345   0.471729 0.931408
  0.680351   0.268819   0.696671   0.262071    0.70704   0.259448   0.357729    0.78075   0.348208   0.574762   0.344592   0.444177 0.871832
  0.682121   0.272731   0.698793   0.266306   0.709157    0.26402   0.363487   0.759251   0.354445   0.548897   0.351322   0.418453 0.918389
  0.683643   0.276242     0.7005   0.270691   0.711238   0.268141   0.368653    0.74079   0.360893   0.528278   0.357392   0.393082 0.923028
  0.685218    0.27976   0.701683   0.275237     0.7133   0.272513   0.373831   0.721668   0.367566   0.514267   0.363829   0.368016 0.884566
  0.686826   0.283466   0.702416   0.279906    0.71504   0.277112   0.379283   0.702169   0.374408    0.50591   0.370591   0.347016 0.924917
  0.687948   0.286953   0.702861   0.284637   0.716521   0.282113   0.384407   0.688726   0.381335   0.501195   0.377935   0.329337 0.91248
  0.688762   0.290316   0.703165   0.289371   0.717525   0.287707   0.389341   0.679123   0.388265   0.498244   0.386136   0.317764 0.91344
  0.689446   0.293925   0.703351   0.294092   0.718288   0.293389   0.394633   0.671194   0.395172    0.49676    0.39446   0.309224 0.918875
  0.689746   0.298315   0.703365   0.298807   0.718786   0.299503   0.401058   0.668239   0.402066   0.497445   0.403411   0.304083 0.924192
  0.689547   0.303503   0.703151   0.303522   0.718221   0.305663   0.408641   0.671678   0.408956   0.500982   0.412407   0.312292 0.900705
  0.689136   0.308526   0.702703   0.308233   0.717354   0.311119   0.415976   0.677742   0.415836   0.507463   0.420366   0.324156 0.884686
  0.688395   0.312521   0.702054   0.312926   0.716372    0.31618   0.421803   0.687765   0.422684   0.516454   0.427746   0.337401 0.923018
   0.68751   0.316255    0.70124   0.317584   0.715192   0.320679   0.427244   0.699549   0.429479   0.527514   0.434299   0.353024 0.883777
  0.686432   0.319893   0.700284   0.322205    0.71388   0.325053   0.432541   0.713733   0.436215    0.54035   0.440667   0.370283 0.863165
  0.685123   0.323728   0.699195   0.326797   0.712304   0.329645   0.438121   0.730862   0.442907    0.55485   0.447348   0.390888 0.872505
  0.683717   0.327309   0.697981   0.331371   0.710332   0.334462   0.443328   0.749152   0.449569   0.570914    0.45435   0.416508 0.821415
  0.682025   0.331119   0.696659   0.335929   0.708327   0.339137   0.448863   0.771066   0.456205   0.588335   0.461144   0.442513 0.861183
  0.679956   0.335654   0.695258    0.34046   0.706483   0.343254   0.455451   0.797853   0.462801    0.60673   0.467125   0.466404 0.851123
  0.678127   0.340172   0.693812   0.344953   0.704988   0.347298   0.462018   0.821621   0.469341   0.625698   0.473007     0.4859 0.835483
  0.676501   0.344793   0.692341    0.34941   0.703641   0.351228    0.46874   0.842864   0.475827   0.644957   0.478725   0.503508 0.857398
  0.674835   0.349189   0.690849   0.353868   0.702619   0.355098   0.475133    0.86457   0.482314   0.664492   0.484362   0.517037 0.834738
  0.673388   0.354141   0.689333   0.358366     0.7018   0.359284   0.482344   0.883629    0.48886   0.684331   0.490466   0.528074 0.832291
  0.672049   0.359826   0.687856   0.362933   0.701167   0.363599   0.490628   0.901454   0.495507   0.703688   0.496762   0.536796 0.855391
  0.670961   0.365726   0.686697   0.367551   0.701036   0.367972   0.499232   0.916179   0.502234   0.719074   0.503154   0.539232 0.853525
  0.670238   0.372759   0.686177   0.372192   0.701521   0.372574   0.509502   0.926528   0.509009   0.726438   0.509893   0.533991 0.835864
  0.670848   0.380003   0.686537   0.376828   0.702156   0.376456   0.520107   0.920201   0.515797   0.722765   0.515583   0.526725 0.836314
  0.671909     0.3859    0.68762   0.381428   0.702926   0.379404   0.528752   0.907955   0.522546    0.71001   0.519911   0.517598 0.830514
  0.673194   0.390457   0.689151   0.385956   0.703952   0.382141   0.535443   0.892656     0.5292   0.691623   0.523934   0.505229 0.836538
   0.67432   0.395107   0.690881   0.390384   0.705323   0.385535   0.542266   0.879371    0.53571   0.670732   0.528927   0.488646 0.829089
  0.676327   0.399852   0.692737   0.394718   0.707093   0.389503   0.549247   0.855058   0.542087   0.648228   0.534766   0.467148 0.820132
  0.678335      0.404   0.694726   0.398981    0.70881   0.393652   0.555355   0.830615   0.548363   0.624044   0.540869   0.446367 0.817774
  0.680905   0.409208   0.696848   0.403197   0.710418   0.397785   0.563025   0.799316   0.554573   0.598185   0.546947   0.426941 0.790323
  0.683644   0.414492   0.699038   0.407397   0.712349   0.401941   0.570809   0.765917   0.560761   0.571478   0.553064   0.403469 0.799997
  0.685853   0.418923    0.70119   0.411619   0.714106   0.405609   0.577335   0.738999   0.566981   0.545239   0.558465   0.382088 0.791855
  0.687912    0.42296   0.703206   0.415898   0.715966   0.409692   0.583282   0.713904    0.57328   0.520726   0.564475   0.359489 0.7708
  0.690102   0.427463   0.705075   0.420236    0.71837   0.414416   0.589914   0.687242   0.579663   0.498064   0.571434   0.330192 0.776428
  0.692398   0.432394   0.706862   0.424609   0.720576   0.418942   0.597171   0.659329   0.586095   0.476436   0.578099   0.303327 0.798812
  0.694112   0.436204   0.708632   0.428991   0.722824   0.423759   0.602779   0.638512   0.592541   0.455018   0.585189   0.276005 0.811169
  0.695525   0.439878   0.710402   0.433377   0.725034   0.428713   0.608182   0.621447   0.598991   0.433613   0.592481    0.24917 0.80846
  0.697086   0.443844    0.71213   0.437781   0.726629    0.43268   0.614014   0.602593   0.605467   0.412733   0.598316   0.229884 0.797072
  0.698583   0.447168   0.713772   0.442216    0.72827   0.436978   0.618906   0.584412   0.611987   0.392932   0.604635   0.210077 0.794631
   0.69981   0.450878    0.71529   0.446695   0.730144    0.44151   0.624358   0.569685   0.618569   0.374706   0.611302   0.187383 0.802157
  0.701217   0.455027    0.71665   0.451221   0.732339   0.446596   0.630454   0.552793   0.625216   0.358464   0.618785   0.160764 0.803186
  0.702809   0.459275    0.71782   0.455798   0.734768   0.451726     0.6367    0.53359   0.631933   0.344604   0.626338   0.131224 0.798435
  0.704436   0.463711   0.718799   0.460422   0.736348   0.456292   0.643221   0.513979   0.638716   0.333163   0.633048   0.112227 0.784523
  0.705593   0.468282   0.719647   0.465077   0.737503   0.460836   0.649928   0.500287    0.64554    0.32337   0.639717  0.0985613 0.784205
  0.706768   0.472047   0.720434   0.469743   0.738833   0.465034   0.655459   0.486237   0.652379   0.314344   0.645884   0.082634 0.79994
  0.707644    0.47535   0.721209   0.474406   0.739967   0.469767   0.660308   0.475838   0.659215   0.305468   0.652828  0.0692656 0.802666
  0.708363   0.479378   0.721957   0.479072   0.740954   0.474396   0.666213   0.467548   0.666053   0.296938   0.659618  0.0577269 0.775097
  0.709098   0.484067   0.722648   0.483747   0.742022   0.479468   0.673085   0.459186   0.672904   0.289113   0.667057  0.0452539 0.787088
  0.709836   0.488836   0.723254   0.488439   0.742916    0.48474   0.680074   0.450791   0.679777   0.282362   0.674786  0.0349898 0.803683
  0.710508   0.493278   0.723739   0.493145   0.743592   0.489609   0.686584    0.44317   0.686669   0.277129   0.681919  0.0273868 0.771818
  0.711064   0.497551   0.724067   0.497862   0.744122   0.494563   0.692843   0.436971   0.693574   0.273875   0.689175  0.0216391 0.768741
   0.71147    0.50219   0.724206   0.502586   0.744354   0.500506   0.699635    0.43271   0.700484   0.272989    0.69787  0.0198174 0.772275
  0.711685    0.50729   0.724163   0.507311   0.744271   0.506788   0.707097   0.430945   0.707393    0.27439   0.707053  0.0219926 0.766383
  0.711663   0.512525   0.723959   0.512035   0.744102   0.512383   0.714751   0.432172   0.714296   0.277806   0.715231  0.0251258 0.777109
  0.711423   0.517539   0.723621   0.516752   0.743943   0.517897   0.722079   0.436094   0.721186   0.282899    0.72329  0.0281311 0.7424
   0.71107   0.522283   0.723225   0.521465   0.743638   0.523058   0.729008    0.44138   0.728069   0.288725   0.730832  0.0328914 0.7588
  0.710678   0.526897   0.722874   0.526179   0.743265   0.527923   0.735747   0.447144   0.734954   0.293987   0.737936   0.038453 0.782158
  0.710012   0.530739   0.722664   0.530899   0.742888   0.532891   0.741351   0.456201   0.741853   0.297476   0.745194  0.0440917 0.766297
  0.709327   0.534895   0.722588   0.535626   0.742379   0.537736   0.747413   0.465543   0.748763   0.299299   0.752267  0.0513606 0.748746
  0.708849   0.539826   0.722552   0.540356   0.741712   0.541973   0.754613   0.472436   0.755679   0.300603   0.758449  0.0605005 0.77698
  0.708405   0.544683   0.722467   0.545085   0.741206   0.546989   0.761706   0.478901   0.762591   0.302537   0.765773  0.0677641 0.739329
  0.707832   0.549193   0.722289    0.54981   0.740386   0.552173   0.768289   0.486906   0.769497   0.305622   0.773335  0.0789827 0.735951
  0.707176   0.553438   0.722033   0.554531   0.739381   0.556879   0.774482   0.495905   0.776395   0.309692   0.780196  0.0924583 0.76106
   0.70647   0.557564   0.721714   0.559249   0.738497    0.56143     0.7805   0.505517   0.783287   0.314554   0.786831   0.104369 0.717998
  0.705811   0.561908   0.721324    0.56396   0.737731   0.566309   0.786838    0.51457   0.790168     0.3203    0.79395   0.114873 0.70716
   0.70524   0.566498   0.720823   0.568659   0.736854   0.571429   0.793537   0.522568   0.797028   0.327448   0.801418   0.126803 0.665903
  0.704676   0.571092   0.720165   0.573339   0.735819   0.577006   0.800244   0.530479   0.803858   0.336545   0.809551   0.140811 0.727534
  0.704089   0.575663   0.719332   0.577995   0.734698   0.582259   0.806915   0.538679   0.810649   0.347849   0.817209   0.155823 0.694415
  0.703486   0.580296   0.718351   0.582625   0.733719   0.586806   0.813677   0.547089   0.817398   0.360998   0.823837   0.168941 0.658985
   0.70285   0.584932   0.717257   0.587227   0.732621   0.591259   0.820443   0.555906   0.824104    0.37556   0.830325   0.183516 0.659809
  0.702284   0.589693   0.716083   0.591802   0.731367   0.595823   0.827392   0.563875   0.830769   0.391128   0.836972   0.200088 0.628997
   0.70162   0.594419   0.714853   0.596362   0.730172   0.600031   0.834289   0.573063    0.83741   0.407387   0.843099   0.215838 0.650283
  0.700702   0.599087   0.713592   0.600919   0.729019   0.604284   0.841095   0.585438   0.844048   0.424035   0.849294   0.231086 0.592454
  0.699683   0.603667   0.712341   0.605489   0.727731   0.608747   0.847771   0.599051   0.850703   0.440556   0.855794   0.248053 0.596837
   0.69873   0.608029   0.711216   0.610085   0.726368   0.613126   0.854129   0.611805   0.857399    0.45551   0.862168   0.265952 0.598641
  0.697699   0.612221   0.710351   0.614722   0.725042   0.617597   0.860237   0.625503   0.864161   0.467208   0.868677   0.283404 0.563731
  0.696679   0.616501   0.709845    0.61941   0.723709   0.622181   0.866473   0.639077   0.871007   0.474416   0.875351   0.300962 0.553051
  0.695676   0.621241   0.709573   0.624135   0.722217   0.626963   0.873384   0.652523   0.877909   0.478684   0.882313   0.320555 0.556117
  0.694725   0.625931   0.709327   0.628869   0.720702   0.631632   0.880221   0.665307   0.884826   0.482629   0.889108   0.340401 0.547974
  0.693911   0.630459   0.708909   0.633587   0.718983   0.635664   0.886824   0.676338   0.891716   0.488725   0.894967   0.362705 0.557337
  0.693119   0.634864   0.708225   0.638264   0.717368   0.639507   0.893249   0.687079    0.89854   0.498165   0.900552   0.383675 0.544083
  0.692325   0.639197   0.707233   0.642875   0.715808   0.644504   0.899569    0.69783   0.905263   0.511451   0.907826   0.404148 0.58708
  0.691546    0.64355   0.705898   0.647399    0.71423   0.649053   0.905918   0.708398   0.911849   0.529016   0.914445    0.42478 0.558575
  0.690726   0.647651   0.704256   0.651833   0.712438   0.654117   0.911897   0.719432   0.918298   0.550424   0.921811   0.448189 0.543263
  0.689803   0.651555   0.702394    0.65619   0.710553   0.659078   0.917585   0.731717   0.924631   0.574585   0.929026   0.472734 0.54804
  0.688697   0.655695   0.700398   0.660486   0.708879   0.663353   0.923616   0.746346   0.930869   0.600409   0.935242   0.494522 0.536583
  0.687408   0.660149   0.698324   0.664734   0.706999   0.667611   0.930101   0.763334   0.937038   0.627201   0.941428    0.51888 0.518118
  0.686056   0.664799   0.696196    0.66895   0.704532   0.672566   0.936873   0.781142   0.943158   0.654669   0.948621   0.550736 0.576718
  0.684665   0.669315   0.694035    0.67315   0.702213   0.677489   0.943446   0.799411   0.949252   0.682543   0.955771   0.580724 0.537015
  0.683423   0.673345   0.691854   0.677341   0.699981   0.681721   0.949314   0.815732   0.955336   0.710669   0.961912   0.609494 0.534466
  0.682062   0.677041   0.689652   0.681527   0.696941   0.685739   0.954689   0.833473   0.961409   0.739057   0.967723   0.648366 0.544457
  0.680627   0.681209   0.687427   0.685707   0.694171   0.690169   0.960753   0.852247   0.967474   0.767735   0.974142   0.683933 0.525115
  0.678876    0.68576   0.685148   0.689858   0.691805   0.694455   0.967371   0.875041   0.973496   0.797094   0.980359   0.714396 0.507352
  0.677099   0.690115   0.682723   0.693912   0.689142   0.698269   0.973702   0.898129   0.979373   0.828247    0.98588   0.748498 0.506654
  0.675198   0.694801   0.680058   0.697797   0.685268   0.701648   0.980514   0.922832   0.984996   0.862392   0.990739   0.797728 0.495477
  0.673192   0.698116   0.677103   0.701472   0.680294    0.70434   0.985317   0.948599   0.990308   0.900141   0.994569   0.860628 0.490931
  0.670869   0.703275   0.673939   0.704997   0.675093   0.706199   0.992812   0.978684   0.995396   0.940479   0.997178   0.926223 0.422018
  0.670671   0.708447   0.670671   0.708447   0.670671   0.708447    1.00037   0.982114    1.00037   0.982114    1.00037   0.982114 0
